49	31	15	38	81	28	11	9	54	73
34	59	17	56	24	75	45	89	90	22
63	11	75	18	85	69	7	73	22	4
30	12	87	60	70	19	81	10	57	43
89	79	82	77	6	69	3	66	32	10
58	63	32	57	50	14	85	17	6	87
66	73	71	31	32	53	17	58	82	63
72	74	78	45	64	37	35	56	83	75
60	26	73	27	84	48	65	34	19	39
45	39	90	31	48	23	74	75	57	56
90	9	89	80	70	35	24	64	66	58
25	85	16	53	62	5	6	4	36	79
60	21	83	75	45	59	8	66	81	10
39	77	71	11	66	74	64	10	69	19
2	79	56	14	25	88	26	71	53	13
73	78	75	25	44	43	87	19	14	81
42	17	25	49	14	13	65	51	66	47
25	14	43	61	33	2	17	51	27	39
53	73	46	28	38	43	87	63	37	34
89	80	62	33	61	90	67	42	47	52
56	54	85	19	15	89	53	55	7	74
53	78	20	73	13	52	70	30	47	38
17	55	22	16	47	34	54	39	74	85
15	63	58	81	49	89	18	1	43	35
49	56	70	63	24	66	47	28	7	76
49	64	45	21	30	85	78	83	80	15
34	79	41	11	67	58	16	68	7	76
66	37	47	17	3	45	43	44	59	67
65	39	34	49	6	22	90	38	61	40
53	13	2	51	21	1	73	44	84	38
37	62	36	41	90	47	11	57	67	19
44	52	66	9	77	54	50	84	3	67
85	44	21	56	66	1	88	64	3	78
82	77	59	57	61	39	74	25	83	19
7	68	57	90	50	75	31	53	41	34
38	36	39	6	64	69	89	35	26	86
31	3	46	71	19	4	41	62	2	58
47	84	19	74	6	39	16	54	1	18
38	74	43	90	8	78	17	28	72	12
56	76	54	29	53	51	40	36	45	73
74	10	33	13	71	70	72	4	43	29
2	62	44	42	24	59	81	23	45	90
69	20	9	47	72	58	70	23	38	51
62	12	49	88	43	37	60	6	51	21
63	61	72	79	50	20	22	82	57	76
28	12	25	73	72	35	4	76	5	19
29	62	18	11	24	25	3	28	79	45
33	15	47	11	50	89	81	39	60	58
6	19	83	31	84	76	14	56	34	3
10	36	58	45	83	11	60	81	55	87
69	16	26	53	15	1	38	61	2	46
11	31	30	15	78	25	10	20	66	60
74	26	40	39	2	18	43	79	80	52
52	75	74	42	27	85	33	67	24	10
84	70	61	60	73	33	41	13	76	89
62	84	74	27	51	59	65	56	36	57
3	34	40	47	22	63	54	2	90	56
69	20	52	40	55	68	77	61	19	1
54	89	14	85	3	79	44	74	90	19
41	15	9	21	42	80	88	7	32	28
67	19	88	23	68	85	6	22	8	50
22	35	21	40	58	54	69	73	66	5
37	73	53	40	62	81	90	77	84	80
21	3	61	68	5	14	65	33	67	90
31	60	14	22	77	87	29	56	66	78
14	40	11	5	31	81	33	74	46	39
79	90	2	25	19	43	62	86	55	85
34	46	33	68	56	66	52	32	77	19
66	21	6	33	75	25	82	3	47	38
81	77	18	16	33	69	50	89	40	55
74	6	77	83	20	13	49	86	79	71
47	42	82	9	17	65	3	59	61	50
90	77	49	19	21	63	54	4	1	58
65	33	84	64	76	85	27	71	44	26
41	54	47	61	50	85	75	1	43	23
34	16	69	23	37	63	78	60	15	90
4	75	31	61	47	67	25	6	11	81
74	5	54	70	29	13	55	66	21	31
64	5	69	68	51	45	4	67	11	65
37	64	84	70	81	90	80	82	83	25
25	83	63	79	2	49	8	46	7	36
10	26	15	78	6	12	65	18	61	84
3	27	67	28	61	26	63	41	10	23
90	5	48	34	78	85	43	65	47	19
76	15	62	78	37	1	55	56	49	68
82	70	44	69	49	43	28	18	48	57
89	26	37	5	87	16	14	9	56	84
34	62	70	31	37	72	42	23	53	24
65	53	61	52	59	38	18	86	75	67
1	78	61	69	28	20	74	13	53	44
84	29	43	39	12	40	36	70	11	28
22	9	2	8	49	76	73	50	45	59
56	50	38	62	1	31	12	40	51	64
87	21	17	41	68	83	56	31	12	37
27	49	14	83	46	71	48	20	40	24
62	24	73	76	11	10	37	20	19	89
85	15	41	61	37	23	60	10	17	30
23	27	59	75	72	33	30	29	81	3
8	53	3	11	84	17	49	87	41	86
2	78	16	12	7	11	69	48	44	10
26	5	84	57	35	8	43	11	64	12
28	41	65	58	18	9	67	73	51	75
9	48	52	50	8	75	4	69	12	87
25	57	61	53	59	80	71	68	84	82
86	37	32	88	79	20	9	28	6	77
24	71	18	7	11	8	4	56	26	45
26	17	6	87	16	68	52	15	27	19
77	74	16	82	86	52	39	65	81	44
72	17	80	77	19	58	59	69	32	71
68	64	29	62	70	78	54	88	27	57
25	69	72	81	22	51	35	10	33	47
18	64	10	7	61	80	72	6	75	51
81	80	68	42	79	62	89	54	67	71
81	85	82	15	21	51	72	67	79	28
69	57	32	26	62	33	50	58	61	64
4	66	19	32	11	63	81	56	10	18
51	42	72	40	41	75	16	21	70	47
32	15	33	72	53	7	27	34	51	66
56	50	63	19	40	61	1	75	82	48
34	68	13	27	48	41	67	71	51	46
24	25	86	79	36	50	42	75	82	28
68	38	82	88	87	66	33	78	16	62
13	76	67	62	15	7	5	18	36	83
85	67	62	16	48	11	50	37	10	78
5	40	54	84	50	36	35	58	87	61
76	84	3	15	54	67	23	58	85	22
39	2	12	32	45	27	26	29	60	40
47	65	89	25	58	30	4	34	37	28
68	30	22	50	19	59	90	77	82	7
16	30	50	6	43	42	1	17	32	61
46	32	15	88	17	4	90	86	74	65
26	10	6	64	52	21	63	47	16	3
81	71	30	16	31	64	18	78	69	49
79	55	62	49	63	53	59	73	28	70
34	2	73	40	54	37	58	56	50	43
58	57	17	13	49	4	6	75	26	7
6	72	85	20	10	78	54	64	37	56
27	30	79	42	61	34	53	56	21	51
74	34	29	72	12	5	21	60	62	50
40	23	90	41	52	66	60	86	56	68
26	45	25	41	38	5	55	86	89	44
60	40	89	6	50	64	73	66	18	57
4	22	69	3	89	38	23	9	28	49
88	57	53	56	81	10	5	73	86	20
4	52	75	81	60	62	80	1	3	49
71	12	69	88	55	90	87	75	1	7
31	73	22	2	4	10	60	39	18	29
58	36	62	3	72	54	4	40	73	43
19	83	13	3	77	2	47	88	30	37
19	64	29	37	17	22	89	61	43	69
65	59	1	79	52	25	27	34	57	73
43	27	79	65	88	26	38	4	40	3
77	29	57	59	83	68	8	71	88	62
70	12	31	16	41	84	42	13	33	52
73	12	78	4	85	54	38	28	67	25
23	25	29	45	4	87	36	69	28	44
35	89	24	68	3	77	47	9	37	51
20	6	59	14	52	1	64	53	8	11
75	48	9	76	62	13	81	73	40	55
52	56	90	15	11	62	28	37	13	45
26	85	54	16	49	34	86	29	48	45
77	68	16	15	37	23	43	75	82	67
90	20	61	48	7	4	82	37	87	55
49	61	59	22	30	32	28	57	58	65
90	44	87	46	70	64	56	49	11	12
87	7	14	49	31	52	50	53	65	2
18	78	89	50	55	43	22	2	44	51
45	9	44	55	85	7	78	84	26	36
72	77	4	27	85	13	84	19	26	30
50	12	3	14	53	56	83	31	89	4
32	77	64	36	25	31	4	70	47	51
76	65	9	85	56	50	67	17	22	48
34	86	25	78	53	81	88	69	40	50
55	9	70	43	38	39	48	68	53	81
54	12	64	14	51	50	28	76	66	39
2	11	56	88	41	30	29	50	22	46
18	90	40	77	14	81	69	35	11	82
12	72	60	81	69	13	39	31	15	43
68	45	82	8	3	13	27	51	7	44
7	49	31	67	23	58	9	39	26	45
44	23	83	53	27	71	1	58	90	57
77	5	44	31	29	52	45	32	43	19
46	69	21	72	23	67	60	38	47	73
18	35	51	89	52	67	3	14	78	17
25	63	49	46	43	21	80	68	22	47
15	43	1	28	44	47	24	37	17	70
50	81	78	45	4	44	20	90	9	41
26	3	81	42	28	65	79	75	64	60
64	84	42	75	59	89	4	90	41	49
83	64	47	9	16	43	20	66	45	44
30	63	50	68	16	24	56	86	7	85
58	11	46	37	76	4	49	75	41	27
77	47	60	22	42	13	25	16	17	85
34	71	33	26	28	40	2	22	49	85
9	38	3	85	62	6	2	89	84	35
1	14	50	6	81	12	5	89	45	85
51	39	44	8	12	48	17	28	20	84
29	75	89	21	61	71	13	15	9	87
4	75	1	7	89	35	65	8	32	58
69	40	15	66	75	57	47	11	33	13
19	23	55	46	28	83	26	53	30	49
86	60	18	70	80	22	76	29	10	65
83	64	47	34	69	73	24	61	43	37
35	47	3	26	14	55	84	38	87	79
69	33	3	32	30	57	45	11	43	25
86	71	26	60	30	50	22	2	53	41
39	32	42	70	26	28	74	1	56	15
74	27	44	4	9	75	68	50	19	25
40	65	2	58	39	60	12	89	84	63
15	86	74	44	55	1	68	29	53	47
1	44	47	41	32	13	84	38	85	66
69	71	35	87	78	14	17	16	59	6
15	84	81	48	76	69	44	52	28	51
34	54	30	64	59	9	38	80	72	58
3	57	20	36	14	79	80	86	38	54
18	4	85	46	40	69	42	87	26	5
34	11	82	74	64	44	4	90	71	67
60	18	62	3	70	83	51	15	12	65
56	3	84	81	74	62	38	82	76	83
27	23	25	35	45	49	31	57	82	54
18	73	82	47	19	85	52	53	59	48
13	44	82	14	16	84	81	89	35	22
64	81	27	59	7	74	44	67	71	50
4	25	8	64	38	23	17	5	63	6
62	17	57	41	5	54	38	4	78	15
25	59	29	85	87	47	78	37	38	41
63	11	89	72	56	25	85	10	81	73
83	30	41	53	38	8	62	15	13	10
89	87	62	60	45	3	76	48	56	5
16	2	24	37	49	74	84	13	64	58
65	25	1	81	40	52	58	75	27	21
79	7	36	81	10	46	72	78	1	17
81	47	36	43	42	18	87	50	8	22
76	60	19	68	80	35	89	72	12	33
44	45	58	75	14	7	50	73	48	51
18	2	38	63	73	56	23	16	58	82
6	7	90	27	42	17	5	56	10	23
28	69	32	78	58	38	34	8	40	37
65	89	88	30	38	5	24	57	32	48
71	69	37	26	68	57	86	89	88	19
69	5	36	22	89	15	3	8	73	23
11	30	70	24	47	86	57	85	66	17
71	44	9	49	24	5	77	41	19	81
87	65	50	79	36	44	24	89	76	9
18	22	25	88	38	75	62	84	57	1
24	60	34	42	13	4	69	23	37	7
39	67	71	56	33	16	18	12	1	89
31	75	68	61	41	71	64	72	86	10
15	49	24	41	21	9	10	5	56	4
78	42	67	65	70	17	9	62	43	33
53	29	55	78	88	81	83	84	47	90
36	43	41	73	39	31	62	87	30	37
2	39	70	85	25	69	79	48	62	26
14	30	75	23	66	12	13	57	90	1
26	24	63	21	15	57	46	18	47	51
88	63	10	33	21	26	16	82	39	9
73	1	51	88	13	73	64	74	12	69
44	10	69	39	4	3	86	12	81	29
11	71	14	2	79	15	24	69	72	89
57	14	75	78	18	66	40	89	11	16
78	47	51	23	6	17	25	39	5	89
4	66	41	85	69	68	46	88	73	60
7	90	83	22	49	54	56	86	48	32
17	2	78	30	11	7	86	44	35	70
15	57	37	75	4	13	7	2	65	43
81	79	88	89	14	33	60	72	84	83
88	32	9	44	18	62	30	54	40	27
13	59	27	18	67	49	68	85	57	79
19	56	27	14	36	33	89	5	85	75
6	66	61	41	34	5	44	54	47	33
50	18	63	36	27	22	77	84	41	25
86	23	67	18	39	66	5	26	33	41
12	18	74	5	32	36	75	53	28	63
18	74	39	52	62	57	29	72	55	58
69	66	31	70	44	32	16	6	89	85
64	66	2	59	63	37	53	49	18	67
3	21	48	38	64	76	23	55	39	47
27	36	78	5	40	38	31	75	23	24
66	77	57	18	26	3	46	20	78	43
50	21	86	14	65	44	56	9	51	15
57	16	17	14	26	25	60	20	15	28
53	29	83	62	55	22	41	88	18	77
32	16	56	37	53	19	66	12	46	18
42	26	10	84	71	62	82	57	47	32
43	62	18	20	47	5	49	52	10	69
60	4	51	86	19	29	59	14	10	48
39	56	55	46	36	13	62	20	76	34
77	42	72	78	80	50	30	86	39	66
47	54	53	71	5	68	75	9	86	60
89	38	71	85	50	47	78	84	11	8
49	14	23	9	22	37	3	83	29	74
55	39	8	26	72	49	80	58	71	19
68	23	90	58	39	12	57	70	45	28
50	24	13	9	46	62	57	25	7	5
75	77	52	69	14	85	42	10	43	13
2	42	15	50	68	85	8	6	49	4
51	6	60	84	79	4	90	70	1	36
41	61	8	28	57	33	77	48	13	24
30	53	31	65	90	28	9	68	84	6
66	43	46	58	89	44	26	33	1	17
83	57	68	15	82	5	23	74	28	66
71	82	51	15	27	11	39	71	1	41
12	62	15	9	17	70	81	46	41	68
34	19	16	47	33	42	63	24	83	40
65	44	22	62	19	40	8	36	37	43
41	55	38	2	78	45	77	36	27	84
80	71	78	85	69	84	51	62	73	45
9	65	85	67	63	5	72	90	70	48
61	73	34	23	15	69	8	4	26	71
36	31	62	56	67	24	25	12	21	41
23	45	63	77	18	51	55	84	2	16
1	45	78	51	33	70	6	75	66	40
31	6	24	86	22	37	21	77	67	85
2	55	45	48	68	29	51	56	36	63
2	83	30	79	71	87	81	25	39	7
68	47	11	84	51	1	53	42	56	65
78	66	57	13	89	62	43	90	88	35
64	68	35	14	13	49	55	34	84	8
49	11	82	13	83	67	86	46	38	8
68	59	58	56	9	15	49	66	89	64
41	62	16	66	54	70	5	59	39	65
26	14	13	6	77	67	29	58	83	68
4	32	24	74	20	73	61	19	51	75
35	29	16	32	90	41	83	15	86	25
78	19	81	26	80	84	85	27	47	15
46	9	60	68	50	61	74	62	76	32
66	88	60	64	12	57	69	71	32	80
17	15	66	50	79	89	23	77	59	39
11	29	65	71	22	5	6	67	16	48
78	70	16	60	52	15	21	54	57	32
56	65	60	89	15	40	79	62	66	22
68	6	86	57	73	1	71	56	52	82
9	45	85	73	80	55	67	83	28	76
54	80	16	29	28	18	84	62	83	78
50	11	29	3	72	56	89	6	26	7
38	37	11	42	83	67	58	21	6	32
47	2	78	16	15	56	63	18	74	77
65	12	77	89	10	6	82	14	3	41
48	69	17	80	47	29	76	74	59	8
83	56	19	42	14	4	16	34	38	31
45	50	16	24	38	26	13	55	71	8
10	59	13	81	2	77	34	57	8	56
48	12	8	9	88	17	43	68	1	90
69	21	56	79	51	68	88	36	42	84
38	73	74	19	30	14	51	81	80	50
74	26	43	78	88	49	24	16	13	87
71	51	32	57	28	59	9	80	26	5
80	20	9	25	51	35	47	24	28	72
88	12	66	46	85	25	90	34	45	57
26	39	71	9	10	77	66	51	16	7
83	8	33	69	35	27	67	22	18	43
64	1	70	37	89	41	85	25	3	29
48	55	8	22	36	24	71	77	88	62
13	18	89	70	90	53	28	62	74	20
28	57	21	74	40	83	50	56	64	86
18	79	46	25	62	7	6	15	69	36
72	26	10	83	66	42	5	67	40	38
85	1	82	61	40	30	72	37	38	57
16	86	89	12	45	26	77	72	18	65
51	79	1	68	8	24	42	7	26	9
89	80	18	21	52	67	51	27	81	45
45	71	28	6	84	78	74	4	49	35
4	75	56	47	84	3	42	87	69	34
34	3	47	69	72	89	12	7	9	70
70	59	50	42	77	28	67	26	31	68
25	87	22	39	51	9	90	15	33	60
16	34	76	85	54	57	49	56	15	60
6	82	69	75	81	7	60	80	24	49
59	38	18	70	6	20	7	31	24	44
47	22	59	65	11	37	25	21	1	3
60	90	25	62	16	75	13	55	67	2
75	74	10	56	64	14	70	68	78	28
71	12	68	25	56	49	75	83	74	3
51	22	88	78	24	60	66	61	70	69
88	61	69	64	19	14	16	4	68	52
79	18	21	3	43	53	87	70	83	81
71	25	62	50	57	80	69	51	5	72
32	90	20	6	9	27	46	82	47	85
49	8	88	4	35	85	72	13	37	16
24	46	31	80	33	51	23	14	64	71
25	72	12	8	46	82	76	39	56	47
67	57	36	12	54	78	10	17	30	9
16	25	28	12	14	10	33	85	54	7
22	3	27	20	52	71	50	31	52	68
30	17	82	73	1	37	3	47	27	26
81	69	48	63	21	9	67	72	23	2
1	19	42	79	25	10	33	85	40	35
15	90	35	5	17	85	88	87	29	6
4	44	72	17	81	25	30	14	58	75
15	19	25	41	56	45	8	49	21	22
16	80	47	7	53	73	11	9	30	67
57	15	33	35	42	82	72	4	44	61
55	13	36	58	37	42	18	39	57	66
87	72	33	66	70	38	55	85	84	51
82	41	85	68	77	73	67	8	53	11
18	88	19	32	26	29	77	51	44	8
46	29	68	62	38	50	74	6	51	67
22	23	33	61	70	73	76	40	59	18
51	88	36	85	18	52	25	50	38	86
89	17	66	47	80	88	59	27	13	62
12	70	44	80	4	45	35	13	2	11
68	90	82	22	7	89	44	23	51	62
20	14	55	33	22	28	40	82	70	57
20	5	38	18	31	69	4	35	36	84
33	9	37	19	12	36	82	34	20	1
48	37	1	29	58	76	20	60	23	66
22	40	81	89	38	15	44	9	1	55
46	3	63	56	51	53	10	84	72	39
47	58	3	83	55	11	35	84	45	54
76	80	16	6	36	8	70	54	24	55
9	19	63	27	89	23	86	32	66	4
22	72	20	88	16	28	35	12	33	65
65	50	52	56	10	81	90	67	51	15
70	65	19	62	87	38	73	56	25	41
66	33	39	87	53	61	34	84	11	30
14	26	85	11	22	80	57	90	6	12
6	73	40	24	86	50	9	27	10	49
2	37	89	45	39	48	86	43	15	42
26	41	77	2	72	69	6	58	74	4
4	61	33	82	83	10	44	49	58	28
63	74	47	9	49	24	81	90	2	18
73	60	57	54	24	81	72	2	85	87
79	66	53	42	27	64	24	40	10	85
54	5	50	72	71	90	23	39	78	77
8	18	38	19	35	60	4	88	45	31
90	46	72	62	80	21	64	76	84	55
29	77	12	17	22	37	6	33	82	15
5	6	33	62	77	90	15	59	64	70
42	82	88	78	68	65	56	32	50	80
84	32	3	19	45	24	17	2	77	44
81	38	23	25	68	46	22	75	51	82
15	34	62	30	53	84	1	76	6	59
33	72	6	18	74	58	65	40	78	47
3	69	73	27	85	82	9	32	24	28
35	22	34	81	54	43	29	19	47	51
66	8	1	83	38	27	10	5	88	81
74	6	54	90	58	26	83	67	80	81
67	51	61	79	84	72	78	49	54	26
9	84	35	10	30	53	63	41	12	62
21	68	52	85	80	8	47	5	22	18
37	32	40	68	7	47	3	52	80	62
22	58	36	17	57	56	33	8	64	6
63	59	2	9	84	13	69	60	68	1
40	75	35	8	81	2	45	6	36	32
8	34	48	45	87	50	21	18	73	35
73	16	60	82	36	26	17	81	15	62
29	51	60	16	61	90	53	56	31	22
53	63	59	87	67	35	55	45	64	60
45	14	61	67	66	50	17	18	71	36
85	18	37	14	54	44	71	79	35	81
33	26	4	27	67	7	90	55	65	29
6	85	8	38	51	7	41	44	42	65
41	86	58	72	52	14	71	67	45	85
62	20	21	57	44	40	87	74	61	29
43	13	66	40	8	52	74	69	75	80
74	47	3	72	15	89	9	30	56	17
37	9	89	1	31	46	73	48	39	26
55	84	20	44	88	25	40	6	21	77
64	83	22	11	38	56	16	76	61	70
47	64	20	4	57	1	19	40	25	66
82	37	76	63	50	19	44	26	40	55
80	57	14	47	59	44	87	46	50	43
30	79	16	11	61	12	63	29	19	22
3	4	22	10	74	65	70	88	85	82
84	67	62	1	74	22	53	24	41	82
1	61	73	81	89	24	71	72	47	18
61	42	76	51	48	14	85	70	65	72
28	11	63	84	46	58	64	27	36	2
70	8	52	67	56	46	30	7	17	68
37	8	53	2	54	39	29	69	16	42
72	29	81	52	35	34	47	87	65	48
78	83	61	11	68	59	81	77	33	53
84	34	3	65	39	23	17	38	6	37
23	4	86	76	82	88	68	85	12	62
35	48	29	27	13	26	74	68	32	84
55	27	61	59	47	39	57	51	31	42
19	11	55	69	58	88	12	87	53	35
80	66	49	71	9	21	86	18	3	46
66	1	3	50	44	14	26	41	56	10
64	85	42	90	79	15	62	7	29	47
54	26	15	17	5	50	28	1	82	40
19	20	5	75	56	63	2	52	70	29
22	75	57	19	83	55	65	71	46	89
32	67	18	5	43	46	78	72	39	61
36	82	72	74	27	89	22	69	67	64
22	58	57	75	52	7	53	79	5	34
62	34	15	71	80	23	64	83	43	7
2	6	48	19	22	4	3	87	86	53
17	23	87	28	62	47	18	76	85	22
9	23	40	16	17	53	82	13	65	33
1	52	75	66	87	62	42	25	60	67
34	21	72	11	87	59	32	28	43	45
39	8	25	77	62	7	16	14	68	44
58	8	13	21	84	56	38	68	18	29
89	63	66	2	33	50	58	7	36	75
11	74	52	51	17	28	65	24	43	5
40	72	73	32	67	51	9	44	39	2
80	48	29	84	85	51	52	75	42	82
11	40	37	13	48	74	29	33	56	5
19	27	80	3	2	33	8	11	61	31
77	53	81	17	79	50	6	32	70	68
76	13	75	53	16	29	36	90	6	64
60	90	44	28	40	43	85	35	29	51
73	80	18	54	60	69	49	12	63	71
13	62	35	66	46	2	90	65	31	30
76	19	57	80	66	54	32	60	78	71
3	42	20	14	77	44	61	58	74	4
82	57	63	11	51	27	16	64	58	76
63	52	55	9	35	33	59	83	69	10
24	32	53	26	72	48	31	73	5	54
14	74	40	62	32	75	80	61	8	22
15	22	70	10	34	67	39	68	65	42
57	42	12	50	84	64	31	65	21	73
70	65	22	16	5	66	35	53	33	9
63	19	70	30	82	24	55	6	79	26
13	58	10	22	33	60	43	3	9	28
40	9	4	15	87	70	2	19	30	23
51	36	32	49	8	75	67	2	6	50
83	47	60	6	41	13	55	62	77	66
75	66	79	84	32	12	31	8	77	86
29	22	76	52	75	50	85	17	36	60
66	19	34	5	40	89	67	36	12	9
54	44	13	90	40	18	73	46	68	50
46	13	43	34	71	35	27	72	42	89
43	89	83	70	63	10	36	33	67	76
47	71	43	70	64	16	6	58	53	84
10	62	30	65	2	53	6	29	49	8
89	41	54	65	58	52	61	87	80	86
23	34	59	42	51	39	54	65	19	53
84	5	58	2	16	22	68	26	43	8
12	33	52	38	49	40	54	30	1	34
53	70	71	73	47	78	16	66	22	31
67	58	17	5	66	80	68	4	53	21
74	83	84	11	15	71	14	87	9	54
22	6	54	51	84	28	26	67	25	81
13	9	55	86	49	79	75	89	16	2
3	58	38	57	36	41	1	67	64	88
22	52	43	63	9	86	10	4	29	66
46	32	71	39	10	79	6	9	12	73
84	48	15	52	41	4	30	28	42	31
12	33	11	55	6	23	24	17	44	25
61	27	50	29	11	52	78	59	2	12
3	79	84	47	57	88	20	72	7	40
45	46	15	30	9	52	89	21	47	29
18	12	65	51	38	55	84	23	9	67
72	27	33	62	74	55	65	28	7	50
44	26	6	89	90	42	83	18	49	29
52	32	36	31	13	84	39	49	71	87
74	60	27	32	79	11	57	39	78	72
13	21	59	85	50	19	60	62	52	88
63	49	75	53	90	60	83	89	47	65
50	42	43	84	86	21	3	22	65	15
44	32	2	72	40	51	71	83	88	80
54	63	58	29	73	34	3	11	18	22
13	47	24	82	34	86	51	53	58	29
36	62	88	76	78	53	68	19	17	31
76	35	27	90	5	18	13	43	6	80
73	13	38	63	55	42	44	49	26	5
51	21	69	31	26	89	79	81	53	54
28	26	5	71	37	34	13	52	4	56
65	58	66	47	2	42	29	11	13	25
89	17	57	71	3	33	87	35	73	81
33	68	83	77	40	34	42	43	58	78
79	17	58	75	60	11	65	71	42	18
31	11	39	69	79	9	81	68	57	8
39	5	26	50	32	67	24	59	33	14
41	74	35	36	73	9	64	57	65	21
3	18	44	81	84	8	67	28	15	65
50	30	2	59	18	86	5	41	77	20
15	34	53	24	26	90	69	70	64	87
68	49	75	74	90	79	60	39	1	22
52	86	28	55	87	62	83	26	79	42
20	69	59	83	27	8	7	62	28	44
51	24	21	66	7	59	45	75	90	30
70	1	71	43	69	6	49	7	47	81
65	86	40	26	1	62	51	82	52	71
27	7	8	53	12	81	54	77	86	14
3	38	83	28	69	76	19	73	86	40
3	67	46	44	80	68	41	58	57	53
87	14	29	44	64	68	45	65	28	82
59	1	56	81	10	17	89	82	78	69
31	12	17	37	60	62	73	41	27	78
88	58	81	17	36	66	47	8	12	86
11	60	77	72	45	89	87	38	49	63
18	13	1	12	62	55	7	45	9	44
58	59	38	81	14	26	67	29	23	54
45	64	74	72	56	34	88	9	55	25
77	38	59	70	33	61	43	7	12	57
48	56	76	10	12	16	53	14	66	46
6	46	57	29	5	54	40	19	75	21
12	13	44	43	60	59	68	25	85	32
27	58	11	8	43	5	3	80	33	78
76	58	35	62	1	11	7	41	2	53
8	43	32	51	87	53	42	84	57	41
19	8	14	45	69	87	68	48	28	33
38	88	2	35	7	72	63	16	18	5
36	13	50	38	17	5	26	82	33	72
86	8	37	61	27	87	84	2	47	29
28	57	18	44	15	52	20	88	58	27
13	77	48	14	51	88	9	53	35	70
46	33	25	19	8	37	49	83	66	22
49	53	73	41	25	66	75	19	15	80
4	84	82	87	86	70	80	56	18	59
9	59	72	64	79	52	25	77	85	55
61	4	26	28	43	69	16	56	24	21
82	80	30	62	43	10	70	61	56	35
66	26	22	15	87	20	70	77	27	33
3	7	14	47	36	33	70	72	85	73
13	67	42	25	19	37	54	58	55	7
39	14	19	53	25	5	71	33	58	64
28	73	43	88	50	66	47	77	49	10
46	31	36	83	7	42	6	74	48	87
56	23	33	53	68	74	52	60	69	66
14	80	12	83	16	62	10	34	59	71
7	64	60	88	19	87	5	67	57	3
22	58	21	9	29	2	27	66	54	63
73	48	88	53	38	70	22	49	18	55
21	29	56	31	70	52	61	89	4	84
84	43	28	38	45	89	68	86	30	29
53	43	61	28	42	25	17	48	32	83
56	40	44	54	22	2	68	55	89	65
46	87	11	45	59	29	22	60	30	69
29	61	1	65	86	42	4	76	87	80
80	21	19	49	72	2	86	55	7	26
7	32	15	10	4	67	31	26	6	72
31	57	20	47	61	11	29	21	82	86
10	32	67	24	54	15	23	16	12	31
83	68	14	87	31	57	64	62	39	33
35	77	14	49	38	62	46	67	2	59
56	55	32	46	50	75	81	10	52	54
67	84	86	66	4	19	31	13	23	87
60	4	70	48	73	46	1	52	89	15
45	19	15	61	11	25	17	81	47	13
3	55	18	7	60	85	81	40	2	62
17	26	57	48	42	62	11	74	81	46
43	27	19	35	10	31	56	85	2	48
7	42	47	25	63	34	80	55	79	77
2	26	3	10	36	41	30	7	35	72
65	77	76	9	17	45	78	32	48	71
17	53	76	50	6	5	30	80	16	77
19	47	56	88	34	54	57	64	81	41
67	68	20	2	63	33	27	80	34	56
45	63	89	71	20	3	23	54	6	1
72	5	62	56	77	53	52	73	86	15
15	67	82	7	76	8	86	53	49	29
28	35	65	90	7	71	84	74	23	76
61	47	22	52	50	23	31	8	14	7
84	86	89	8	44	63	16	58	55	21
73	36	85	64	89	15	82	75	58	48
23	45	41	65	20	75	31	54	7	61
72	56	88	48	63	85	68	55	65	13
56	39	54	3	26	23	47	1	38	34
70	66	32	52	41	30	65	57	37	23
23	2	63	40	47	68	36	27	69	65
12	3	11	45	19	75	26	38	63	1
36	90	32	76	31	82	81	64	70	89
68	36	33	20	39	58	74	9	6	69
8	83	69	53	39	25	16	73	45	23
63	64	61	4	51	46	38	5	18	9
42	50	25	26	4	78	69	90	22	62
66	28	37	58	74	89	64	85	21	70
13	35	24	65	74	37	71	20	25	77
55	59	34	3	2	54	13	58	53	73
70	21	88	74	32	24	68	22	62	73
52	41	68	40	13	17	15	81	73	55
75	7	81	9	52	67	19	86	44	73
5	19	35	16	38	81	41	77	70	18
45	77	60	1	50	10	52	29	5	89
3	17	83	20	48	89	39	74	21	70
75	61	40	65	68	73	69	53	24	10
9	33	12	35	79	37	61	81	23	42
70	69	47	57	32	13	79	44	30	20
3	21	23	61	55	6	72	54	40	18
22	52	15	29	62	35	17	14	27	70
5	77	43	20	32	46	35	42	14	75
59	77	72	28	64	49	86	18	55	27
24	37	33	42	30	25	74	82	57	38
17	12	40	80	65	87	16	81	59	38
90	7	82	89	17	41	15	44	73	6
44	86	34	26	39	57	90	72	47	41
9	42	58	2	8	4	83	78	80	17
20	87	40	10	38	79	39	19	36	25
20	21	11	67	17	64	23	1	3	8
89	4	86	67	18	66	72	14	15	29
73	85	6	79	27	78	62	40	70	21
13	20	70	57	31	79	44	39	74	41
12	52	75	38	31	78	25	76	43	29
20	23	12	52	54	82	32	36	11	79
36	85	25	17	37	56	50	23	51	45
7	73	81	58	6	34	69	85	4	88
31	39	48	8	16	68	86	23	34	29
57	81	44	58	61	8	35	68	85	19
16	76	15	14	49	35	86	80	59	71
77	78	14	2	60	27	67	13	30	20
37	67	84	73	51	60	10	1	41	39
2	10	73	35	52	18	70	80	61	88
28	10	42	32	78	62	5	80	45	88
18	56	72	31	64	4	22	59	77	1
52	72	73	54	2	69	9	21	17	70
50	64	52	72	82	15	12	16	27	68
70	89	53	17	5	41	34	75	64	8
56	39	10	6	72	23	20	40	54	22
89	64	75	53	11	39	31	40	81	29
85	76	67	23	69	81	75	83	71	82
37	83	19	40	41	24	11	72	87	22
80	10	6	49	43	58	24	66	88	12
17	41	15	38	87	20	79	61	14	67
83	13	20	11	72	46	43	12	40	34
7	12	59	1	49	31	79	34	14	74
29	69	3	22	17	89	88	74	86	50
64	12	42	34	38	83	37	30	27	23
46	57	60	70	79	8	6	77	61	22
36	52	42	64	44	5	15	87	78	9
89	75	83	69	64	10	78	63	46	25
30	39	46	75	49	64	45	66	71	79
87	83	84	67	21	71	7	88	79	76
32	58	38	82	84	16	70	52	77	66
79	9	30	46	81	21	35	48	23	26
79	29	21	8	83	77	85	67	25	11
5	34	69	4	86	89	64	44	76	38
39	34	89	35	11	84	25	55	37	71
64	42	45	80	5	75	90	72	20	62
64	90	77	68	47	67	51	72	73	34
52	46	69	4	70	73	77	89	38	29
16	86	22	20	6	5	2	24	17	42
58	13	35	26	61	31	10	63	24	27
19	15	48	60	64	27	21	56	22	82
86	12	38	82	20	73	50	70	57	43
46	57	19	72	59	34	8	70	11	20
38	33	81	27	56	90	16	7	6	89
61	20	47	60	41	76	13	87	34	80
54	19	86	62	49	44	1	79	20	48
77	7	16	86	78	42	49	57	63	68
83	22	7	17	78	47	33	44	77	14
3	31	65	50	52	60	74	11	35	79
66	72	60	10	43	65	22	80	36	73
17	69	86	6	46	67	60	37	42	57
59	15	21	71	90	14	24	77	58	33
65	55	74	76	22	14	30	40	6	67
6	60	75	11	56	71	40	41	87	65
1	50	67	61	36	17	74	66	23	85
75	21	88	69	33	44	10	56	32	15
56	87	49	6	79	34	26	74	17	2
32	67	3	35	57	21	37	7	87	60
26	35	16	38	79	7	17	57	88	14
80	60	54	58	1	64	29	37	50	76
21	81	57	25	73	4	50	58	61	41
9	32	52	11	48	59	47	62	12	3
79	71	8	72	65	19	56	32	13	52
73	61	52	87	44	72	53	71	28	15
29	62	28	12	19	1	23	79	43	51
61	48	44	18	27	84	78	54	46	86
49	46	36	75	26	44	18	74	40	64
12	70	74	8	56	54	67	25	50	60
37	40	48	6	68	14	65	47	7	77
18	48	22	73	23	20	59	13	11	47
38	83	23	9	54	82	76	46	61	36
58	87	16	45	18	72	66	35	55	6
2	28	37	81	59	83	24	70	67	31
17	30	64	50	29	47	34	72	11	39
38	48	16	32	19	58	40	46	88	44
31	32	1	56	45	89	27	23	51	5
3	52	59	35	37	26	47	69	87	32
76	5	11	15	24	6	19	10	84	89
89	23	85	58	72	78	57	45	67	20
65	63	50	51	72	62	1	70	8	36
19	75	71	43	28	10	30	53	62	7
90	83	56	85	87	42	11	41	64	78
11	53	21	25	19	82	72	75	87	50
63	31	38	37	20	35	56	33	2	86
2	46	89	10	79	80	11	60	66	68
27	41	11	74	69	55	10	73	9	57
34	29	24	30	59	56	3	10	90	32
23	64	57	12	53	81	75	35	28	87
51	60	36	77	41	32	52	67	59	22
89	22	76	6	23	1	24	35	18	78
32	33	14	25	49	30	77	52	51	21
77	70	42	48	73	24	17	54	64	72
26	73	9	43	27	80	7	45	55	85
70	63	2	48	58	7	52	67	12	57
8	29	33	42	82	36	64	46	4	52
38	83	11	47	44	57	82	52	49	89
54	47	69	73	21	41	34	42	4	38
11	75	40	66	44	23	48	67	39	41
4	87	11	60	10	68	6	2	73	8
79	36	45	63	90	38	52	33	58	31
61	39	90	20	3	54	9	7	48	1
88	47	81	13	77	37	23	48	61	18
18	12	39	83	33	29	3	28	64	70
84	90	49	1	42	69	85	52	70	2
37	30	90	65	13	78	40	10	11	47
55	63	10	46	25	35	19	3	71	48
72	23	56	26	34	32	16	19	62	21
3	29	41	36	71	20	57	27	89	74
25	21	46	60	2	87	79	88	73	77
87	67	90	37	59	13	26	40	28	81
35	25	84	42	9	66	3	63	41	58
88	41	4	62	8	90	76	2	6	59
15	66	65	36	27	59	60	21	4	61
40	55	88	44	77	64	16	41	32	74
64	24	56	75	20	32	69	12	4	76
43	64	60	24	52	87	78	1	10	15
86	20	56	2	34	29	13	48	75	26
9	39	7	25	14	53	62	48	33	70
14	60	62	29	54	45	38	43	74	6
71	17	47	21	78	18	75	60	8	30
14	40	20	46	43	72	66	31	51	36
2	16	50	46	29	63	7	87	76	22
8	48	30	34	42	10	24	51	62	47
7	90	51	40	46	25	11	70	57	56
82	17	51	23	81	69	13	71	88	49
22	53	57	66	38	80	89	40	12	28
34	31	85	27	88	72	76	43	41	46
57	38	25	17	54	86	53	56	23	12
83	17	78	1	19	85	73	60	90	81
73	53	9	63	84	78	33	1	2	38
63	29	64	7	30	74	45	48	3	89
37	35	1	7	48	26	28	85	66	64
71	38	50	83	21	35	85	37	14	89
27	19	5	56	53	13	68	18	40	17
67	47	73	48	68	30	16	77	38	80
49	87	5	46	79	23	28	64	86	10
73	12	25	80	13	34	48	26	32	43
42	18	10	84	24	22	30	89	26	4
59	71	7	17	55	21	11	84	43	18
24	89	44	22	4	73	7	12	20	60
26	67	34	27	6	48	75	9	18	23
83	10	16	33	39	3	60	27	82	36
25	79	61	77	88	50	17	1	34	23
41	56	4	2	79	30	32	66	42	71
61	60	48	30	28	41	23	53	18	27
76	11	22	85	3	84	36	59	88	34
38	53	26	65	25	2	82	46	43	6
32	63	82	23	83	40	74	22	87	45
3	71	37	62	45	25	6	54	31	90
3	70	53	26	89	78	18	24	29	40
73	54	32	33	17	86	63	85	24	89
81	53	65	30	89	12	52	22	8	86
81	70	35	40	56	52	5	42	37	57
40	45	3	61	14	53	2	37	13	77
9	42	1	27	3	68	51	32	16	63
16	63	34	53	5	1	28	82	54	45
51	87	3	72	78	38	54	37	28	79
4	24	56	23	79	5	60	32	27	82
67	23	71	19	47	79	11	10	84	32
5	61	87	59	35	17	63	43	70	29
65	26	79	82	73	42	28	3	18	37
72	12	1	31	43	70	60	27	44	90
36	43	28	46	51	85	72	4	89	6
66	80	1	26	37	5	34	78	59	46
46	54	36	74	45	23	1	38	81	60
83	32	9	76	81	63	40	88	61	64
38	86	61	57	29	90	43	34	76	63
12	5	20	50	81	88	54	2	89	38
85	58	33	78	79	29	10	6	19	66
72	51	69	18	65	29	71	89	54	31
29	31	44	40	26	37	38	61	85	24
39	19	25	67	86	51	3	9	1	65
76	80	3	90	63	86	37	53	34	20
27	75	79	31	77	14	67	72	49	12
2	53	65	42	34	68	16	57	59	84
13	54	43	7	85	41	16	68	73	77
74	29	7	19	32	65	15	9	36	37
86	37	1	78	41	28	38	12	68	9
87	30	5	59	63	67	26	86	47	70
42	73	64	27	44	43	41	11	19	55
51	42	87	60	23	32	47	86	9	6
27	7	65	90	47	8	85	44	14	66
42	67	79	16	36	9	11	27	46	74
87	18	27	78	51	15	1	47	81	82
81	49	7	77	8	19	40	1	82	35
59	24	6	48	8	53	80	16	20	74
34	31	80	79	74	14	69	90	10	42
66	87	63	89	40	2	44	14	90	5
26	53	51	24	27	6	64	29	5	20
22	23	14	1	65	27	26	39	34	76
38	65	63	85	59	60	52	74	47	84
75	19	7	66	60	20	15	50	83	4
40	18	14	17	64	37	52	4	3	8
9	57	2	69	75	36	50	40	61	29
40	66	50	48	8	3	19	26	15	85
70	24	67	32	74	54	52	45	1	23
30	37	24	47	6	15	20	90	85	38
88	84	43	32	90	61	70	74	31	17
57	7	13	46	20	39	70	71	10	14
89	35	5	67	1	22	53	70	85	83
66	77	48	81	56	63	61	14	3	53
34	32	59	70	30	66	28	41	39	68
7	35	37	6	79	75	11	70	57	8
23	46	12	61	85	60	27	37	25	3
72	22	48	51	46	77	89	27	41	50
32	85	87	45	19	50	22	84	76	11
5	73	47	53	36	11	67	83	59	23
32	66	88	9	3	4	62	41	29	54
53	57	67	21	45	68	73	54	69	83
20	52	11	46	2	4	69	14	55	7
74	34	29	49	87	28	26	33	45	77
24	38	51	86	87	79	60	16	89	3
75	68	1	22	52	17	25	88	64	58
65	72	7	23	61	27	60	50	15	67
50	1	70	65	31	72	3	25	32	73
41	37	43	56	30	53	66	60	44	88
74	4	72	50	43	24	21	71	83	63
57	76	56	25	61	52	75	82	20	90
74	12	32	36	49	71	4	72	34	1
20	76	32	30	87	56	39	85	22	77
12	22	78	82	37	76	83	20	10	44
53	70	88	46	43	63	85	37	15	35
53	67	45	76	25	70	23	8	82	46
12	34	8	66	60	58	67	42	4	14
11	47	75	24	9	25	88	23	59	27
29	72	49	21	60	19	76	81	23	41
3	43	38	60	40	83	84	53	32	87
86	59	53	6	74	60	82	69	90	47
7	58	84	57	45	5	37	15	72	55
79	80	38	24	75	84	70	55	88	81
68	18	90	84	72	87	55	64	46	88
82	72	61	81	62	60	49	52	35	46
55	6	5	53	17	47	46	58	24	81
77	54	86	36	72	43	83	60	87	17
12	24	46	82	21	32	43	20	1	33
5	7	56	69	38	29	22	37	8	30
47	18	45	60	17	33	78	62	86	85
21	47	58	10	34	31	3	63	57	23
82	18	85	28	61	56	65	11	4	73
13	27	17	56	3	5	29	46	75	72
34	72	69	90	60	40	1	84	13	70
51	63	58	43	80	9	32	11	71	13
4	83	38	29	37	7	13	25	15	21
89	86	85	57	73	76	3	23	56	55
88	2	60	18	56	13	76	47	48	4
38	32	5	86	64	87	36	45	21	30
4	49	23	89	25	21	26	75	63	53
31	29	45	25	72	62	64	73	39	53
44	42	72	68	8	75	59	1	74	87
39	82	27	35	53	58	49	14	4	72
59	90	6	74	47	81	31	83	39	76
50	78	3	66	25	68	27	46	19	24
13	26	58	18	49	47	59	78	35	16
37	82	66	86	35	7	81	16	61	18
56	61	69	86	11	4	40	8	50	57
6	50	13	86	57	75	5	76	85	39
76	54	34	22	72	80	33	4	38	15
21	89	84	35	58	59	74	47	78	65
6	81	87	54	19	82	14	74	90	53
32	74	59	89	87	47	70	36	44	27
47	73	25	27	28	88	21	16	67	86
37	28	3	56	48	2	72	71	60	9
71	56	39	65	72	2	87	78	4	76
58	42	55	79	21	67	60	63	85	12
55	49	72	4	3	10	74	88	47	54
17	12	61	33	39	23	15	49	58	3
83	60	21	85	27	31	80	41	13	70
53	71	59	27	52	11	54	14	45	79
70	1	74	22	51	82	56	57	27	40
29	52	9	37	68	30	49	51	22	88
74	56	17	18	77	10	52	78	76	9
25	75	89	34	35	2	65	62	48	32
70	6	15	23	37	65	16	80	29	89
19	36	29	41	35	90	49	16	54	66
40	44	66	49	16	26	84	78	74	47
26	8	27	88	69	50	47	4	57	33
27	43	82	18	36	50	68	5	48	79
59	71	22	75	69	41	46	51	4	66
23	66	84	61	1	42	51	4	8	44
24	7	64	87	32	47	11	17	80	1
13	44	56	54	37	27	69	28	41	82
27	31	81	48	70	78	45	26	58	16
48	51	78	47	19	55	65	81	12	49
18	28	36	46	47	88	82	13	64	58
90	5	32	50	62	10	52	11	3	46
57	17	32	74	68	78	5	40	70	47
6	30	24	5	68	13	23	69	53	15
49	32	86	10	46	83	48	74	9	66
20	37	44	74	8	68	62	34	31	9
13	70	27	34	48	42	87	18	68	90
9	10	71	65	77	18	50	40	75	64
73	66	46	35	16	58	84	24	79	15
67	13	27	74	46	20	51	32	56	29
41	66	5	12	82	42	81	67	86	14
40	12	81	90	48	57	65	38	7	39
12	42	89	51	64	25	39	80	33	31
60	56	33	88	32	27	77	25	20	8
18	59	69	42	20	10	89	45	17	72
47	62	45	74	6	61	58	77	23	65
77	76	32	90	33	5	40	88	66	10
13	7	3	16	84	23	6	61	77	49
84	79	52	8	71	44	56	11	6	77
51	2	84	62	35	53	19	46	18	54
47	46	75	3	40	65	73	26	62	54
25	49	12	46	19	29	33	61	43	47
66	50	73	75	85	46	30	45	28	26
33	9	28	80	13	21	73	65	2	27
36	71	64	83	50	20	66	61	55	74
58	74	11	44	14	40	60	6	38	33
72	34	78	19	29	43	26	32	49	23
77	29	67	15	68	63	13	79	88	24
87	7	16	62	21	18	25	38	22	29
29	84	44	43	77	38	49	46	10	41
42	31	22	27	82	85	10	81	64	18
16	68	3	33	65	41	19	20	10	49
34	49	21	68	2	63	87	69	66	27
24	48	60	87	71	6	67	10	52	44
45	65	51	80	31	36	19	2	83	88
49	25	14	89	50	79	13	35	2	30
73	84	18	34	46	32	67	79	12	26
62	82	16	81	52	46	29	9	80	15
27	84	51	70	9	67	44	81	79	53
4	29	36	71	90	69	9	51	50	40
85	18	28	5	24	19	30	63	64	57
87	16	28	40	65	41	44	76	7	48
7	15	62	9	39	33	58	79	27	76
68	17	6	1	42	57	35	65	79	5
87	41	34	61	3	5	26	12	85	18
41	43	59	23	12	77	88	90	52	7
67	74	68	15	44	45	38	31	3	1
33	79	34	18	52	21	80	44	60	42
10	86	47	63	35	40	59	76	66	30
30	38	8	79	68	67	81	17	7	19
33	40	47	18	82	87	19	14	70	9
53	6	86	59	61	54	77	2	10	5
30	71	47	69	1	44	25	50	82	74
28	69	17	23	1	37	71	44	50	41
56	3	80	18	81	77	24	48	36	17
55	12	9	3	20	65	64	29	61	57
88	28	14	85	50	84	51	74	5	57
5	24	83	89	25	33	53	29	84	43
17	18	37	89	86	61	56	82	49	55
67	31	39	2	14	27	15	62	29	55
32	45	46	5	66	82	72	76	62	10
53	63	7	89	81	69	20	5	4	22
49	9	30	8	38	25	23	74	85	36
31	61	36	18	6	54	42	40	80	87
40	32	73	50	45	54	26	5	78	17
90	82	31	35	84	32	76	30	20	16
48	69	21	78	7	36	34	10	47	12
39	8	58	33	67	62	70	64	2	9
46	57	86	33	18	4	28	62	43	14
51	22	31	20	59	16	24	53	18	41
4	42	20	73	7	62	83	54	17	89
58	77	30	56	26	88	16	25	27	18
76	81	54	86	37	85	33	71	51	52
89	41	45	77	18	68	58	50	5	11
65	75	62	58	53	36	41	31	86	81
90	23	7	61	39	89	69	16	18	3
82	78	80	87	45	10	9	42	41	71
90	80	79	5	67	18	30	38	84	65
71	11	75	84	90	7	55	8	65	12
70	53	73	20	55	57	36	88	77	37
47	89	13	12	75	83	56	51	34	6
86	30	23	49	27	35	17	28	78	25
57	47	64	39	49	84	43	80	6	78
35	66	77	3	62	16	59	68	38	20
10	47	43	26	72	77	67	82	80	48
60	28	10	81	83	8	13	56	29	85
27	16	18	75	31	56	84	30	65	83
7	70	48	50	75	21	38	59	11	66
5	61	88	4	52	41	83	66	23	39
58	13	90	38	22	60	17	55	19	42
64	70	90	49	18	37	22	42	51	20
28	36	75	3	69	90	49	78	57	47
40	30	20	45	24	39	72	3	51	49
39	41	61	67	62	14	63	52	64	81
55	63	19	8	16	5	60	85	77	56
44	32	60	62	76	6	40	4	1	80
53	38	88	7	82	64	55	39	29	34
48	79	75	62	32	14	71	44	64	63
26	20	14	83	90	79	75	30	68	77
56	8	72	52	59	78	68	11	25	14
46	52	34	33	28	11	88	22	77	71
50	37	24	21	64	13	28	20	2	58
2	11	26	61	29	10	42	7	4	88
43	18	68	78	14	57	6	86	19	40
5	34	80	43	42	22	87	67	68	71
60	3	76	66	8	47	56	34	32	25
83	45	86	24	31	21	34	13	28	52
46	48	5	27	41	86	65	30	77	52
54	29	23	84	2	61	58	56	85	11
13	4	74	17	77	59	75	20	48	71
71	84	24	3	4	88	66	77	36	18
78	20	71	75	65	42	61	6	24	70
3	43	12	20	34	58	41	74	79	53
67	27	85	75	64	59	39	40	33	86
62	42	6	54	35	40	32	80	8	86
39	44	49	36	41	23	32	8	21	79
76	15	34	42	26	88	44	84	20	55
9	17	24	36	1	14	51	58	53	7
4	7	38	59	61	16	53	48	18	85
61	81	46	59	49	40	77	45	31	71
24	19	52	86	13	9	4	90	72	59
29	63	54	42	66	25	11	31	6	27
90	65	37	53	71	8	85	81	80	83
82	71	89	5	36	61	73	67	23	21
75	82	23	1	39	86	68	4	50	46
88	28	53	68	43	75	4	42	1	13
74	43	68	63	6	14	42	60	82	56
79	62	4	21	82	33	3	29	85	5
56	17	20	80	58	59	69	1	53	82
23	59	76	8	37	57	75	21	43	54
2	30	80	63	26	34	42	76	29	47
22	24	29	72	40	63	69	60	9	78
18	90	43	31	80	32	22	54	46	89
82	2	72	89	76	62	43	69	18	44
46	84	73	43	40	33	83	68	37	11
71	28	31	52	34	89	30	53	5	36
11	30	87	54	76	10	89	39	45	14
67	58	35	33	11	44	54	18	41	28
27	74	12	3	32	28	71	57	66	48
59	22	82	69	20	6	77	54	86	57
34	67	66	62	78	27	30	80	84	69
82	54	67	50	61	16	52	9	45	8
70	11	79	54	31	3	40	16	53	57
21	50	46	33	90	35	82	39	61	38
84	41	33	75	67	1	55	52	45	89
29	14	67	31	59	19	41	22	47	6
39	49	26	81	3	66	14	30	89	88
23	36	84	32	9	22	40	26	34	48
67	13	70	64	25	20	3	43	83	59
7	56	48	23	24	3	4	51	68	5
24	59	76	89	71	65	34	57	4	27
61	69	13	50	88	65	54	40	75	4
15	45	26	68	75	44	40	64	28	80
1	39	60	22	25	23	9	47	86	77
73	65	46	20	58	45	32	72	38	55
29	13	3	36	83	46	82	9	89	64
83	10	31	19	40	54	47	35	30	52
3	90	27	63	81	30	53	11	48	79
85	57	66	70	15	86	39	82	10	74
31	9	74	88	33	58	22	25	5	76
49	45	88	14	21	15	2	1	70	69
63	14	42	74	39	35	17	45	72	79
83	44	47	69	85	38	35	50	57	9
51	57	35	38	30	55	22	40	23	17
74	3	15	42	66	54	61	90	16	55
7	1	33	75	20	3	35	76	36	26
38	78	23	56	44	33	19	49	68	21
62	41	22	7	12	69	73	18	1	37
43	47	31	72	28	35	29	62	54	56
54	67	59	30	86	38	26	47	80	4
13	5	72	12	34	55	48	29	66	86
54	63	21	77	31	22	28	81	1	82
73	31	71	85	9	44	49	17	50	53
83	41	80	62	21	56	4	32	40	33
15	6	74	17	13	81	82	7	61	43
12	39	69	5	41	22	28	35	49	37
79	62	82	15	23	1	51	26	21	9
43	39	60	24	77	35	18	15	4	63
52	20	32	61	14	89	69	70	66	38
24	13	58	51	3	75	6	69	81	10
22	17	21	69	5	35	6	80	51	62
7	29	40	27	60	63	22	75	23	24
78	74	51	26	59	41	23	62	56	36
59	8	25	9	62	42	70	79	77	51
29	6	88	36	4	40	31	18	66	90
76	26	44	18	78	12	8	35	42	61
15	21	36	75	42	48	66	87	19	68
22	27	58	39	2	25	48	32	35	18
27	88	54	53	38	8	67	74	5	57
69	62	77	39	66	50	41	22	42	90
79	73	28	68	70	55	61	7	50	33
3	48	13	21	63	12	1	84	62	53
86	16	24	13	71	83	48	47	8	72
27	26	82	9	64	39	2	67	11	84
62	89	75	8	51	55	68	11	64	48
8	21	5	46	59	55	36	49	1	52
22	43	42	67	88	30	48	57	69	1
7	86	47	6	52	82	43	23	38	56
24	31	57	33	15	43	1	72	79	42
75	81	51	54	21	59	89	16	12	49
71	6	55	24	27	36	15	19	39	83
7	31	38	20	11	59	53	79	49	82
35	13	30	34	72	71	46	10	37	86
42	7	82	31	39	58	48	11	63	80
82	21	88	50	59	74	16	22	38	70
67	78	74	35	18	1	16	22	38	70
28	83	32	46	15	13	38	14	29	9
22	9	10	5	20	1	34	3	15	28
15	45	37	10	58	21	38	3	23	62
18	58	25	36	62	90	51	48	46	13
75	25	70	82	9	85	58	24	14	40
10	6	21	31	67	87	8	73	57	46
45	78	50	8	17	52	39	30	85	19
30	51	21	26	33	48	12	13	53	56
72	68	8	41	76	21	79	74	48	70
85	64	23	77	60	88	49	13	8	16
57	1	43	5	14	77	55	79	56	16
15	68	75	14	43	56	62	64	59	80
36	5	60	4	81	78	59	89	82	39
3	17	16	41	50	20	90	11	57	42
59	16	31	38	88	12	26	81	29	82
63	17	3	54	82	79	53	89	71	7
42	80	23	77	69	79	76	87	17	7
43	53	72	81	49	73	11	18	7	39
1	51	73	54	33	36	47	90	19	82
26	75	37	34	59	1	78	32	19	70
37	62	74	25	24	49	59	6	42	31
23	62	4	75	50	39	86	73	7	51
43	23	57	25	28	36	71	17	78	26
84	42	29	78	44	40	90	58	66	52
32	60	66	28	68	38	82	43	79	50
53	85	29	62	45	78	43	16	35	80
54	4	48	53	58	51	57	56	32	29
79	31	24	20	6	11	17	4	42	15
70	67	64	11	45	37	82	57	40	65
20	40	6	75	36	61	76	84	68	20
82	5	68	65	1	13	35	66	24	2
76	40	3	11	68	75	65	5	50	86
71	83	28	55	4	47	88	17	41	38
33	1	24	37	80	13	36	89	72	62
19	33	72	30	75	76	64	74	40	43
27	60	76	1	59	7	86	21	58	22
48	31	1	74	67	28	34	29	90	24
84	42	29	78	44	40	90	58	66	52
32	60	66	28	68	38	82	43	79	50
53	85	29	62	45	78	43	16	35	80
54	4	48	53	58	51	57	56	32	29
79	31	24	20	6	11	17	4	42	15
70	67	64	11	45	37	82	57	40	65
20	40	6	75	36	61	76	84	68	20
82	5	68	65	1	13	35	66	24	2
76	40	3	11	68	75	65	5	50	86
71	83	28	55	4	47	88	17	41	38
33	1	24	37	80	13	36	89	72	62
19	33	72	30	75	76	64	74	40	43
27	60	76	1	59	7	86	21	58	22
48	31	1	74	67	28	34	29	90	24
1	78	88	85	25	56	60	89	4	53
53	87	28	8	55	61	82	5	59	34
11	76	42	9	36	6	47	55	29	16
88	33	85	45	13	40	15	21	46	30
8	17	74	82	59	64	10	53	9	60
13	9	68	41	30	15	55	87	74	32
46	34	20	33	69	25	27	31	47	3
73	64	9	42	15	40	70	55	19	20
40	31	27	8	29	89	65	71	67	32
81	30	46	37	58	87	68	39	62	43
8	52	22	45	39	78	71	77	68	38
59	38	37	25	11	84	30	8	34	3
9	66	60	48	34	31	42	2	62	18
5	34	80	21	69	66	30	71	67	3
12	48	74	5	65	20	9	10	85	63
44	67	1	9	26	72	88	18	14	55
5	31	47	78	15	59	61	53	10	84
62	31	3	74	24	75	14	49	55	22
64	27	79	60	39	24	7	62	18	19
63	76	31	7	65	26	60	30	69	34
27	86	69	23	48	3	49	2	63	52
26	2	17	87	76	53	65	72	64	73
20	50	89	81	38	80	82	5	49	62
38	22	3	34	89	90	4	83	86	45
1	74	17	12	23	16	41	22	87	84
55	58	2	27	6	54	86	29	51	33
22	27	54	79	26	5	16	29	19	82
3	36	25	70	85	12	35	41	72	58
90	25	62	73	66	40	53	13	6	24
83	6	25	47	59	81	31	33	46	50
57	88	6	48	23	83	49	37	86	67
2	67	15	54	80	58	52	81	86	59
24	8	18	37	65	31	87	72	90	40
14	62	37	75	54	84	79	57	3	90
63	81	5	16	21	87	9	83	30	82
85	26	5	14	53	58	34	2	51	82
4	27	14	32	78	69	47	10	36	28
34	48	9	26	61	78	46	40	72	52
27	84	8	32	22	52	88	53	79	29
53	44	37	48	76	54	90	66	19	39
10	53	59	75	44	40	54	48	70	1
67	81	56	46	14	42	34	15	4	45
62	5	47	83	34	37	35	2	20	73
83	71	16	4	60	47	51	28	27	18
39	63	13	56	8	70	4	37	64	58
72	13	11	76	23	38	49	22	19	16
45	32	6	51	62	69	39	61	58	11
12	13	4	72	68	14	31	50	29	32
31	47	20	6	39	82	44	74	38	22
85	64	29	59	24	60	13	1	75	83
89	66	65	24	32	87	4	90	9	47
43	89	31	78	22	32	66	3	5	72
5	78	25	85	68	76	2	48	42	22
4	81	47	11	72	22	32	70	23	24
26	37	88	58	63	70	40	69	56	76
40	34	12	75	74	81	6	39	72	37
66	9	74	13	30	69	40	5	76	20
18	33	78	42	56	30	9	46	17	50
80	31	14	55	6	22	68	84	58	47
36	68	14	81	3	26	4	22	51	72
43	28	76	41	22	3	71	1	8	51
56	37	80	23	13	40	44	27	12	50
78	42	23	88	59	87	72	18	61	36
21	2	85	75	56	19	80	29	65	18
87	5	46	73	28	60	55	81	44	40
38	79	56	6	45	22	20	55	9	25
89	60	52	82	76	39	37	43	86	75
23	60	79	35	76	85	70	27	56	29
1	81	86	23	75	82	18	31	21	42
34	73	40	25	1	79	21	51	61	13
62	43	17	27	78	1	11	84	68	61
24	23	68	62	64	89	35	77	61	52
81	35	4	30	73	52	88	65	14	31
26	1	30	56	45	60	48	62	13	6
4	73	35	88	51	58	15	87	62	17
42	26	9	74	65	13	84	19	12	22
58	49	12	86	71	73	35	79	30	85
67	24	8	56	13	80	10	55	11	2
39	86	78	12	8	65	32	49	77	74
72	54	8	17	43	82	6	61	20	60
52	84	1	16	57	82	88	90	78	24
31	11	47	80	63	34	38	4	5	10
63	82	17	55	6	47	62	19	10	43
59	26	8	5	90	28	18	88	42	43
28	12	51	30	72	22	36	21	52	86
43	56	61	12	11	52	2	74	67	38
2	57	68	18	32	28	90	86	25	69
38	18	66	43	32	45	81	76	24	41
31	75	10	62	67	11	89	25	12	56
26	80	32	74	17	72	89	38	69	36
47	83	87	12	22	42	5	46	38	6
6	30	58	78	21	66	32	67	28	86
69	81	26	4	53	74	41	32	40	36
34	3	74	25	42	16	40	7	82	83
5	71	36	13	46	18	40	66	78	48
89	41	36	11	53	71	46	78	55	54
38	31	61	5	11	48	53	9	42	82
81	41	25	3	16	83	55	21	20	8
8	89	61	23	37	35	49	15	77	5
56	21	75	85	68	6	46	13	12	31
78	40	64	17	53	7	19	13	9	75
63	19	2	57	21	50	13	39	62	27
71	43	70	12	3	14	35	56	47	79
8	55	31	45	83	25	51	49	53	28
21	15	47	59	36	85	65	18	61	26
85	51	88	74	3	29	24	33	89	25
46	69	7	65	31	37	13	15	60	38
60	10	65	73	25	72	34	39	75	70
37	5	43	22	79	13	77	29	64	11
36	75	1	48	13	53	60	63	46	72
34	14	59	61	46	19	75	39	74	25
41	54	26	30	77	47	51	16	71	60
23	54	83	73	66	32	33	76	27	20
26	77	38	17	61	67	58	76	11	90
35	84	28	4	74	30	24	87	42	60
2	75	11	87	79	49	54	61	17	84
16	35	68	9	3	81	85	44	46	13
3	86	42	72	90	59	16	47	28	41
15	43	11	64	3	40	59	51	41	85
55	44	14	65	17	76	71	61	13	12
90	62	81	40	48	89	17	55	56	64
6	21	56	88	2	39	34	32	81	65
73	60	54	43	9	36	78	26	57	49
10	42	88	84	4	54	27	49	33	47
47	71	82	86	37	52	87	10	90	61
8	84	38	14	10	87	67	11	48	43
2	67	69	74	40	15	10	16	35	27
85	23	37	64	11	74	73	62	16	24
48	15	33	81	22	60	43	79	57	76
63	55	79	3	71	76	44	18	61	88
57	8	51	48	10	37	20	53	69	11
89	9	35	83	12	88	84	25	14	49
82	36	72	58	8	57	42	31	85	34
16	28	17	48	31	36	72	49	34	23
50	31	23	44	86	87	73	51	72	30
44	16	55	82	70	32	45	56	42	84
71	55	14	52	3	82	17	38	24	44
86	9	74	43	50	51	26	56	64	44
64	9	52	87	76	63	24	62	12	71
28	45	3	84	61	67	53	90	73	21
25	60	9	57	48	87	64	84	21	62
71	29	3	32	59	46	49	73	87	15
73	88	32	83	8	22	87	31	13	48
11	87	36	2	30	38	51	16	43	71
52	63	85	35	40	57	70	36	23	71
78	5	56	15	44	22	32	40	74	72
3	55	47	26	84	63	71	79	53	22
24	83	11	6	43	19	10	35	33	40
77	67	3	84	31	25	48	89	47	22
56	47	6	78	20	71	17	80	66	58
41	81	78	5	22	35	26	83	49	79
72	15	32	86	87	85	76	80	23	14
65	76	72	37	45	80	64	29	62	69
76	80	39	46	61	72	54	64	51	10
68	17	40	21	41	70	90	19	72	66
85	67	2	31	10	89	81	32	53	47
4	83	67	53	17	24	52	28	22	58
89	65	5	30	43	37	90	50	55	78
74	27	1	66	19	13	68	73	50	25
32	69	30	44	54	83	25	72	35	85
8	79	25	51	86	26	49	53	44	65
74	48	87	33	81	5	68	65	7	13
40	7	56	53	27	5	74	88	49	73
84	88	42	8	63	20	50	61	12	82
81	76	85	2	90	15	28	59	19	48
13	25	18	27	71	5	51	72	65	53
41	45	38	74	1	31	79	66	82	75
41	59	10	76	28	19	55	22	39	12
12	89	80	68	31	58	35	41	28	71
75	46	86	74	90	68	17	58	53	49
14	51	57	37	7	5	36	4	44	81
74	36	61	88	35	46	70	45	23	66
87	70	35	36	73	89	39	32	29	54
83	84	22	5	51	31	7	46	40	11
25	87	54	75	89	53	48	9	46	61
31	59	58	25	46	61	70	60	51	64
44	25	68	79	37	48	33	87	52	67
39	76	45	4	62	10	79	58	64	59
26	68	48	14	57	70	32	85	20	11
1	82	78	27	35	72	79	24	85	71
5	41	36	3	24	68	78	9	82	31
7	90	46	65	85	47	58	31	56	38
60	15	67	54	56	47	5	3	52	74
65	2	19	84	31	22	12	21	18	72
25	86	38	14	61	34	35	53	8	48
79	13	50	73	54	52	21	85	65	29
70	15	69	6	52	84	53	74	76	62
43	1	85	79	88	14	3	7	66	59
33	28	30	89	80	43	65	49	51	9
30	81	71	76	87	10	3	5	16	66
23	84	7	79	2	24	11	51	3	31
7	58	81	4	42	79	40	80	37	6
60	23	52	71	63	48	62	55	88	75
62	32	28	6	33	31	45	47	69	26
6	37	40	24	29	56	51	74	72	15
21	33	27	59	31	51	53	41	77	74
35	82	36	57	73	60	55	13	29	8
2	54	69	71	36	48	14	22	90	11
80	53	30	5	23	8	82	16	33	11
45	57	28	72	20	48	34	16	39	73
64	55	26	51	2	77	39	81	56	49
47	56	69	72	88	11	55	71	79	90
54	77	66	6	89	7	38	26	40	37
15	8	53	72	29	41	52	64	33	16
88	41	73	63	35	11	48	87	90	50
20	59	47	33	56	39	67	8	70	29
14	20	58	64	7	35	15	66	69	89
56	63	69	38	21	81	46	41	39	9
88	66	73	38	20	55	8	79	4	17
13	51	77	73	35	19	5	30	63	37
80	7	44	3	65	66	77	71	75	11
9	73	62	61	68	23	43	69	57	72
3	81	4	89	72	57	68	33	69	24
36	71	10	53	84	17	13	30	43	74
86	40	90	3	70	83	11	78	62	9