70	62	31	79	19	61	57	60	15	49
10	77	59	40	69	9	8	41	62	79
46	56	3	49	81	25	47	10	63	30
76	47	90	89	26	84	24	49	43	81
29	63	65	80	88	26	82	43	42	13
45	44	60	7	84	16	5	30	55	43
85	79	29	83	78	33	7	72	84	22
78	77	23	33	10	2	34	86	45	37
44	42	65	52	27	19	71	30	24	74
45	26	27	38	36	25	40	65	49	43
18	47	48	85	89	84	33	27	7	32
43	50	38	37	36	58	46	45	70	54
52	76	73	88	1	89	5	86	11	87
21	73	48	65	90	80	7	49	68	53
19	51	47	56	45	2	86	26	60	27
18	45	48	43	38	13	88	59	2	42
47	62	83	87	25	36	32	16	49	3
68	13	17	42	7	44	11	46	19	66
18	16	81	6	40	66	87	89	45	13
24	40	73	3	41	72	30	4	52	51
22	14	11	90	36	78	49	75	6	72
19	44	64	83	85	2	71	46	37	14
45	28	80	2	18	86	10	70	62	53
55	90	34	53	38	2	87	16	51	89
55	36	64	60	9	51	83	87	11	85
64	43	39	81	31	10	18	82	46	84
27	40	79	84	56	66	7	32	47	3
73	60	53	15	14	59	68	25	3	13
89	72	51	40	73	61	3	15	42	25
62	38	18	73	23	57	41	54	55	37
43	3	60	14	72	45	76	41	50	26
65	59	55	14	37	4	84	20	40	61
23	75	72	8	69	58	28	7	16	5
32	49	72	44	9	74	40	11	63	12
33	24	81	44	21	59	31	34	9	27
15	19	33	78	64	86	47	27	43	54
56	90	79	62	24	6	57	27	43	66
9	18	69	38	3	13	77	23	14	16
72	2	68	67	88	6	36	71	8	28
53	47	35	70	45	40	90	55	12	28
10	82	8	90	56	37	55	58	41	51
11	84	20	16	37	82	32	70	17	54
5	8	38	12	55	17	59	85	16	87
66	46	79	20	7	89	24	82	6	73
60	18	17	77	52	23	69	38	82	16
21	28	72	2	6	31	68	60	46	74
26	1	9	66	59	8	56	63	45	79
32	82	77	56	66	72	62	41	1	69
8	17	6	39	18	20	47	59	62	7
67	83	80	65	75	14	62	23	20	4
52	23	1	88	50	14	42	17	32	69
82	33	61	89	75	12	17	14	60	2
72	5	30	37	29	58	80	3	6	57
31	51	2	85	81	30	52	65	72	17
50	28	52	9	30	26	45	84	60	20
41	43	35	80	47	59	86	38	30	83
42	65	20	83	43	60	38	8	35	5
31	32	82	27	65	81	36	80	28	40
16	52	74	75	5	13	40	54	26	76
38	31	59	40	23	69	78	86	26	53
11	52	22	64	32	13	41	26	29	16
5	88	40	44	14	38	48	11	66	69
56	40	88	77	58	80	21	24	43	22
73	86	85	87	8	37	70	25	80	13
16	41	33	3	1	67	54	19	6	86
36	60	67	47	77	8	48	81	87	69
74	28	16	49	89	21	29	83	46	55
50	7	78	46	72	47	15	3	74	52
63	48	41	69	59	29	50	65	19	88
42	3	35	5	8	24	72	67	1	54
2	5	83	18	70	36	52	87	58	38
43	20	2	1	25	68	15	64	67	86
66	11	53	61	69	22	82	43	46	89
71	29	2	47	84	26	55	18	64	48
16	48	51	45	23	74	35	61	89	36
56	7	66	70	41	21	2	58	24	79
34	85	50	35	74	53	20	1	17	39
4	64	1	57	73	34	80	61	30	55
32	77	39	46	67	74	4	65	25	76
82	62	43	19	33	2	76	86	60	80
25	87	32	88	71	85	9	52	58	76
6	68	43	3	44	31	41	9	27	50
7	1	43	61	19	69	90	40	78	81
9	29	73	35	40	16	22	88	85	64
76	69	41	78	67	70	80	48	39	81
1	82	41	72	90	21	36	50	62	85
67	70	35	42	24	8	52	50	61	64
20	17	76	11	1	5	81	27	2	72
44	11	15	24	46	61	64	18	81	1
85	29	75	13	74	24	83	32	3	21
31	53	47	76	26	63	43	77	90	37
21	22	74	61	25	46	49	84	36	31
36	89	8	5	37	52	41	14	15	84
74	53	34	83	63	32	84	1	33	36
19	20	34	14	51	11	50	80	60	58
80	6	40	56	17	2	1	77	83	59
19	36	16	5	76	88	35	2	77	21
31	38	82	10	53	39	22	88	75	27
51	8	26	60	24	90	50	42	76	31
47	71	56	51	86	83	19	54	36	57
80	6	40	5	16	53	2	78	72	83
57	18	59	70	90	24	47	10	71	22
52	18	63	55	78	36	24	1	6	72
20	90	75	40	16	47	39	80	2	84
41	60	2	76	39	72	14	56	8	30
54	72	2	6	56	30	46	66	79	31
49	69	24	14	60	86	3	42	4	7
87	43	7	69	64	67	12	40	8	60
11	56	51	72	8	39	73	76	6	34
26	54	89	52	25	7	88	5	6	90
1	53	64	48	55	46	84	90	56	75
31	73	89	81	29	34	37	70	52	16
87	12	39	24	22	17	23	60	75	81
23	38	72	42	33	45	88	8	85	57
15	25	60	14	31	13	9	78	20	52
71	76	34	30	74	38	3	46	35	37
1	39	56	80	76	51	82	54	15	18
38	51	58	72	33	61	54	8	16	4
24	43	40	31	58	4	85	7	87	1
9	76	28	59	78	60	87	62	15	4
18	80	75	2	17	9	22	12	32	6
21	57	2	49	69	30	31	3	83	45
14	67	73	54	23	43	1	90	64	9
79	50	51	55	74	52	2	3	1	5
42	77	65	48	14	10	5	54	21	83
9	62	89	23	49	13	54	20	8	69
54	56	32	19	41	83	80	47	49	38
7	35	25	41	27	61	17	31	21	24
90	69	75	18	52	30	5	31	3	9
35	67	87	10	34	1	31	25	8	81
9	46	42	33	89	57	16	63	1	21
44	11	66	84	16	3	34	20	21	5
50	23	25	36	8	87	10	42	29	78
14	53	84	35	37	50	3	40	38	81
53	18	29	23	76	36	8	15	10	6
59	61	87	47	45	35	44	74	38	31
19	21	7	76	46	31	54	56	40	3
26	1	19	8	39	38	81	24	83	55
55	4	25	38	88	6	84	64	16	10
25	10	74	51	87	42	78	81	4	21
34	45	59	88	11	64	8	10	7	81
85	89	77	67	78	28	33	90	69	24
74	59	42	43	78	7	33	4	22	31
8	58	60	10	47	65	21	81	24	15
39	25	43	54	5	45	36	34	2	21
62	16	70	49	65	52	30	20	43	34
26	42	56	5	21	39	19	15	10	8
9	25	46	41	78	68	30	79	34	20
86	14	72	30	15	19	36	32	10	85
43	12	13	70	28	56	83	90	21	5
67	18	50	25	82	13	54	85	24	6
85	50	77	72	53	42	87	30	9	10
54	5	48	70	17	7	1	20	14	8
54	76	71	67	9	38	6	44	45	12
67	57	81	3	5	7	34	83	73	12
58	62	19	57	78	35	34	40	13	9
4	67	48	70	55	15	54	2	51	11
7	33	88	52	18	72	89	2	85	22
39	89	59	50	55	3	1	30	40	78
25	36	50	31	23	73	77	6	51	54
26	45	8	79	76	50	74	43	40	54
20	17	65	77	14	47	87	54	21	13
79	35	62	88	31	43	58	81	83	80
52	28	79	47	15	50	34	87	77	86
89	55	17	44	4	48	72	29	45	34
20	18	51	39	84	48	7	23	5	27
45	25	14	56	47	28	30	82	13	48
54	19	87	5	66	8	11	69	6	26
44	77	73	50	51	1	64	45	21	81
11	17	37	63	76	70	84	31	77	2
53	12	88	34	17	9	57	5	62	28
23	74	66	17	33	86	50	59	63	24
76	78	18	65	88	72	4	61	85	29
56	63	37	3	36	25	20	51	67	39
30	85	29	26	31	32	46	11	15	58
30	14	13	17	38	31	62	33	50	35
9	85	48	65	78	30	22	4	15	76
26	12	11	67	5	60	78	25	33	50
60	23	51	71	2	59	18	19	50	12
23	38	14	77	41	25	30	20	10	76
69	59	64	72	47	67	49	24	78	65
87	22	18	79	24	34	84	64	15	31
1	17	68	85	69	84	67	9	31	10
48	59	64	74	45	25	3	44	8	84
48	24	28	77	85	83	60	66	43	36
46	32	67	34	39	25	75	88	52	87
90	1	77	7	68	34	54	40	55	86
54	31	82	26	79	81	28	51	71	36
52	88	57	70	61	4	39	20	64	60
11	15	50	75	26	8	85	31	28	2
79	77	44	9	84	53	12	80	40	33
35	67	78	66	49	38	63	83	68	10
38	33	2	63	87	13	46	6	21	60
28	9	88	26	64	80	60	35	4	20
48	87	46	12	60	68	8	63	33	38
18	81	57	7	10	89	21	31	15	6
36	37	1	42	29	84	2	61	33	9
27	53	84	54	47	88	56	34	90	9
54	32	48	90	76	72	80	39	30	61
20	69	14	57	49	82	52	75	22	9
45	28	82	11	85	25	41	79	5	6
60	49	58	85	61	74	15	68	81	40
71	13	34	79	84	30	4	32	72	69
34	17	52	35	73	45	30	4	31	7
80	77	75	88	74	81	85	71	82	86
89	12	75	9	14	26	37	79	69	50
22	55	11	18	39	74	4	59	89	6
27	70	10	17	84	63	40	3	75	50
80	78	53	49	55	90	30	84	59	34
22	73	82	38	49	41	16	2	44	21
68	30	11	76	59	20	1	87	52	47
70	57	62	13	78	41	5	77	83	24
30	27	19	10	35	55	11	3	22	31
62	32	52	15	88	40	30	72	27	51
49	59	44	24	68	52	8	41	20	66
76	59	74	43	20	75	69	67	81	57
28	69	41	59	29	10	65	81	32	44
13	55	57	85	29	89	44	16	39	25
44	37	78	63	39	11	50	65	77	48
49	45	74	42	32	11	26	54	31	56
56	29	27	84	43	36	2	62	9	67
73	14	9	88	79	27	87	67	22	55
19	47	61	75	72	30	52	62	45	90
86	59	33	18	11	25	55	83	12	39
35	29	26	55	38	60	42	9	82	7
41	6	49	64	59	51	9	35	40	90
12	52	46	1	51	19	9	86	70	20
40	36	87	89	76	69	26	53	25	84
59	3	67	50	25	58	88	6	28	37
84	86	28	53	20	12	17	32	33	11
17	32	73	42	6	65	41	44	61	74
19	73	62	25	38	24	52	10	16	89
66	30	60	84	41	4	3	13	6	70
24	50	72	42	73	69	22	81	79	45
6	20	79	7	45	30	18	11	25	38
14	33	77	4	55	32	53	16	61	73
56	42	15	51	68	59	70	6	47	80
87	90	10	55	35	7	4	38	73	17
62	26	50	58	61	69	14	76	42	28
46	57	2	90	10	22	21	8	30	62
46	44	74	39	1	8	31	62	43	86
64	69	67	6	53	4	68	14	79	39
34	43	30	49	37	22	88	75	7	81
52	10	28	34	16	3	8	57	74	54
62	67	33	58	13	54	59	11	57	41
34	26	27	81	36	72	57	54	18	59
71	82	31	81	72	39	45	30	54	86
21	82	31	81	72	80	65	61	76	88
55	56	79	77	69	88	63	48	87	49
16	31	22	5	23	26	37	24	27	12
21	37	38	35	23	7	25	9	31	10
8	39	7	37	34	26	5	22	10	1
51	1	2	34	61	90	75	15	56	27
10	26	13	31	16	15	23	34	30	28
75	23	41	36	51	17	22	13	68	47
5	82	27	89	62	3	77	10	26	75
50	39	71	87	37	20	49	12	66	90
55	65	88	30	84	37	49	17	58	38
65	13	4	73	90	43	9	22	42	27
82	26	76	69	34	87	71	1	44	43
79	18	82	78	80	41	77	36	5	1
24	41	68	13	53	62	45	42	43	18
7	53	58	24	64	89	1	40	10	2
27	86	73	6	71	52	37	43	90	60
26	8	56	48	20	89	40	30	74	61
73	64	2	34	21	22	1	80	90	13
85	24	60	56	63	7	42	58	72	40
81	35	4	78	57	90	34	5	26	27
21	84	4	43	85	33	73	1	47	66
76	32	59	24	47	90	30	46	81	51
63	12	38	57	85	11	28	90	41	42
80	64	75	52	41	61	81	28	32	1
68	15	61	37	45	47	38	71	25	64
42	25	6	30	76	11	49	80	89	33
34	25	6	24	7	38	43	72	81	80
43	62	45	13	63	51	33	90	89	71
87	39	4	14	37	10	33	86	52	68
45	18	53	62	66	21	81	72	50	13
84	54	12	35	14	51	5	31	47	39
89	43	61	75	3	42	33	60	78	1
22	76	72	55	2	38	56	35	90	88
15	24	72	35	4	36	44	71	60	68
25	38	7	57	73	74	82	10	63	42
45	85	8	56	76	27	64	77	88	12
12	42	83	34	36	29	90	13	23	33
70	8	32	58	62	33	48	11	4	40
57	64	89	9	62	33	44	82	70	1
49	61	14	75	58	70	42	90	77	81
24	86	52	63	31	85	34	40	50	42
30	47	5	72	67	73	25	62	52	10
26	15	54	82	6	20	75	89	32	1
83	14	73	68	63	44	60	37	34	10
78	34	25	82	6	21	28	14	42	90
41	61	9	23	35	7	33	62	20	18
30	31	55	60	49	63	86	72	88	8
56	16	45	89	7	40	33	15	1	75
46	15	25	83	82	35	37	6	80	89
90	71	13	67	56	42	88	25	9	11
14	42	4	71	44	68	60	33	72	15
85	62	4	43	84	7	89	39	27	1
18	83	25	43	76	70	89	55	65	82
61	65	31	52	6	30	81	15	28	73
7	78	41	64	58	62	2	20	35	68
15	1	76	47	12	37	70	66	8	20
72	3	85	26	68	81	42	33	90	71
62	72	85	7	76	11	78	18	70	24
26	21	67	37	63	55	80	88	28	10
87	23	8	74	31	19	20	6	1	49
38	86	44	37	84	30	4	73	89	50
6	58	75	3	24	41	23	64	11	79
39	67	32	4	74	62	9	85	60	83
65	39	82	70	45	42	59	12	13	4
70	75	18	34	64	87	40	22	90	55
37	65	18	68	29	8	20	70	6	86
22	65	60	52	4	14	20	71	54	70
47	26	84	45	3	81	6	21	9	49
47	26	59	34	73	35	6	68	9	34
58	5	31	57	43	41	36	81	54	69
84	16	35	66	46	64	20	88	9	50
78	67	59	16	75	89	8	66	87	23
43	76	62	47	15	7	86	58	11	27
78	56	71	22	8	68	85	89	69	76
34	83	1	74	26	20	13	35	85	72
41	12	3	73	25	18	43	58	68	7
67	27	37	16	47	20	4	80	88	6
45	41	53	3	48	17	50	49	8	39
46	81	42	7	26	75	47	83	35	38
24	73	60	14	71	13	20	89	44	70
35	57	15	38	46	1	69	18	10	89
71	4	84	68	34	8	83	20	90	17
70	48	63	27	31	0	0	0	0	0
22	81	63	13	61	24	14	30	48	46
68	65	85	73	61	31	9	33	34	6
47	65	82	29	81	13	12	89	1	20
27	8	46	34	32	48	78	87	86	4
73	60	45	71	82	5	36	28	8	85
45	32	63	35	14	89	41	51	28	1
75	54	26	30	56	13	34	85	8	80
66	23	72	18	79	78	33	85	81	17
81	67	62	87	74	26	88	32	13	12
51	25	46	65	29	73	74	41	6	58
89	35	82	84	38	14	6	81	18	88
16	24	23	55	26	20	3	30	48	78
81	7	14	39	54	71	48	80	73	11
37	81	17	65	21	49	80	90	33	28
67	24	46	14	75	30	8	88	90	20
34	29	24	23	82	90	78	8	38	11
59	17	25	60	43	56	7	38	13	14
15	47	52	8	7	54	58	51	76	70
69	4	39	46	63	85	36	88	37	6
74	85	28	72	38	54	68	7	9	87
74	61	2	68	44	16	60	88	69	31
52	7	62	36	79	85	72	59	42	27
21	36	57	73	89	33	8	11	90	61
82	58	54	26	43	37	65	28	8	3
22	72	2	26	84	29	38	73	19	32
55	54	46	49	30	86	2	16	4	20
69	83	85	44	72	37	60	73	70	23
48	24	22	31	65	63	62	64	33	67
10	35	43	81	52	53	7	54	3	41
86	47	82	48	58	39	64	37	80	32
51	65	48	12	24	27	87	45	26	86
35	34	60	67	40	48	18	57	78	27
5	11	25	37	9	40	24	7	60	12
10	22	31	59	70	89	2	76	6	52
57	65	41	17	2	73	38	34	82	42
17	3	18	8	83	81	42	87	75	67
40	60	86	33	31	18	12	45	25	46
29	89	2	58	10	11	12	87	16	56
64	26	86	71	55	72	73	15	59	67
18	74	71	8	31	76	48	73	11	49
34	26	67	79	60	16	86	75	4	15
89	16	66	82	69	68	25	48	75	24
2	4	60	59	77	50	68	74	61	40
35	74	44	29	65	4	1	31	6	38
31	76	51	18	21	30	20	7	65	82
22	65	41	77	30	12	40	4	21	42
18	63	89	26	17	57	16	74	21	86
70	74	45	26	66	4	20	61	6	18
73	7	57	58	62	83	30	18	32	70
55	39	89	35	70	13	86	88	23	65
53	11	52	90	22	21	46	86	69	88
33	61	8	81	30	71	32	57	79	75
43	50	21	56	5	51	62	33	6	42
29	69	6	22	30	41	65	28	68	32
9	86	74	12	76	79	40	69	70	27
56	12	5	18	14	16	36	80	11	78
83	71	77	62	22	68	63	69	53	4
29	77	21	23	37	61	78	63	6	72
30	49	27	21	22	58	67	29	61	36
9	82	53	28	43	79	73	25	45	38
62	9	3	71	89	28	23	52	37	14
62	63	3	34	81	30	71	69	72	19
52	68	5	86	28	60	67	49	30	27
59	15	51	26	7	52	85	14	78	60
69	41	51	23	46	82	34	73	33	86
13	84	55	21	50	77	34	82	28	72
47	25	79	24	18	85	43	40	42	55
40	31	55	32	74	47	15	66	36	42
80	64	34	61	62	57	87	55	24	26
17	73	15	64	23	31	40	75	45	25
65	45	38	42	40	69	51	68	12	2
50	4	27	34	54	6	42	11	79	22
78	9	38	61	20	27	42	36	80	49
60	15	66	63	81	37	73	84	43	47
39	85	79	16	65	12	42	35	81	78
66	38	82	19	69	73	25	54	43	83
26	56	30	2	90	40	50	4	51	49
54	31	72	18	11	28	89	37	60	87
37	36	31	49	82	89	20	76	81	44
82	71	45	68	72	49	73	76	36	35
89	17	84	79	45	40	58	52	9	25
1	40	72	42	52	15	55	66	41	45
61	69	63	33	48	60	81	34	27	53
21	67	68	30	85	90	51	31	57	87
71	39	10	49	79	75	36	14	41	1
12	49	7	84	58	20	77	33	27	25
51	70	60	19	79	41	35	2	83	80
40	14	22	52	50	49	87	79	10	12
41	3	45	23	4	14	81	13	27	84
78	43	18	85	19	39	32	40	53	86
20	45	90	85	22	84	37	57	46	50
55	9	73	87	63	3	37	29	64	60
46	44	71	38	47	3	6	21	86	12
76	54	18	34	13	53	74	23	56	25
59	39	36	66	8	7	73	47	46	65
34	26	74	46	47	2	16	80	8	62
14	6	55	78	73	35	83	31	54	68
19	41	20	28	50	88	48	86	17	57
45	71	13	6	20	33	66	16	88	54
17	15	28	54	83	56	7	36	52	50
59	64	46	82	40	63	17	44	2	13
53	33	17	84	83	8	58	16	31	46
34	65	21	79	14	42	12	50	40	45
56	80	41	28	87	57	55	32	29	51
85	60	78	32	79	17	2	76	33	81
23	11	63	3	55	6	48	66	76	82
7	67	34	12	61	66	55	25	11	21
77	60	24	46	69	71	34	54	2	4
67	6	56	90	22	24	51	46	11	77
10	15	41	19	47	25	69	72	49	23
9	33	71	78	20	32	72	24	64	57
29	59	72	17	70	61	4	53	12	86
72	64	25	56	13	29	7	62	43	87
89	71	39	47	68	25	50	36	69	27
11	62	83	2	76	47	68	49	50	60
31	43	49	54	90	3	19	46	62	81
70	7	25	41	60	77	61	87	69	26
55	46	83	63	49	75	2	79	54	17
87	53	68	35	5	30	23	24	89	72
19	62	13	45	52	38	50	28	34	54
40	80	25	55	21	26	84	2	67	69
57	66	74	47	6	38	8	86	53	65
26	27	71	81	61	44	57	83	54	43
21	26	7	9	67	19	85	27	74	30
19	62	77	50	79	70	73	90	53	47
79	50	35	29	9	74	89	25	82	85
19	4	62	25	69	66	75	72	76	86
11	31	41	3	9	55	22	72	36	42
39	4	73	27	83	89	5	3	49	65
71	24	73	77	13	31	79	76	29	45
87	71	44	75	6	32	26	56	43	22
1	74	61	79	85	4	65	72	5	28
88	31	16	39	1	81	32	69	90	68
24	38	49	31	72	79	59	30	37	9
44	46	65	54	55	1	13	84	66	5
15	49	70	16	68	8	83	31	45	34
27	3	90	55	23	80	89	6	81	66
5	37	57	39	48	17	78	86	65	56
23	41	21	14	16	54	61	47	22	52
55	2	57	66	76	19	16	52	67	74
2	19	27	22	32	63	42	47	90	72
86	11	6	9	78	34	20	69	90	45
50	90	33	43	36	32	18	57	74	62
74	60	10	81	35	2	69	42	18	64
33	50	69	40	18	24	1	61	23	54
61	74	79	14	37	18	47	6	54	72
26	25	67	53	79	87	63	66	56	32
3	58	7	20	90	1	50	61	44	39
9	36	21	20	1	6	37	11	47	22
45	26	81	20	13	85	25	66	79	1
90	45	86	61	80	50	83	32	72	89
53	58	37	16	9	47	19	32	83	62
48	18	73	56	6	33	24	25	57	30
27	57	33	60	20	51	42	79	10	19
17	35	29	50	46	60	80	65	58	42
2	50	80	55	76	19	90	70	44	42
86	3	55	32	84	82	50	2	51	56
62	81	4	33	46	40	8	76	57	12
38	86	65	62	76	1	85	80	68	73
41	4	45	85	16	76	90	15	39	78
60	57	14	38	61	54	74	22	34	48
34	80	43	15	29	42	20	13	8	45
61	25	36	50	53	31	44	56	35	66
58	61	41	1	4	65	10	48	90	36
57	19	17	7	53	29	85	63	52	86
10	63	90	67	75	28	61	40	34	31
84	77	5	21	35	71	83	25	61	34
22	28	66	19	13	1	33	40	76	12
72	18	56	38	17	47	2	22	20	53
10	6	47	17	77	50	73	74	76	26
80	17	79	40	66	39	11	88	52	19
37	74	12	72	44	15	3	69	75	46
55	76	71	31	54	72	90	11	62	49
38	24	60	67	68	86	83	57	76	12
48	41	58	89	83	2	38	24	19	42
50	47	77	70	45	62	49	55	44	58
1	35	82	11	59	83	13	6	40	73
50	32	53	46	29	66	73	54	45	23
5	46	14	27	26	84	63	39	73	77
57	2	17	53	56	65	67	47	66	29
55	73	58	22	77	29	67	25	46	63
16	74	81	86	29	64	83	32	48	31
85	8	6	83	55	65	50	32	48	41
50	12	62	47	63	17	30	89	74	64
22	59	14	2	48	70	41	28	31	10
35	90	44	57	9	82	38	86	69	36
26	67	41	74	61	88	77	33	21	84
45	42	55	14	52	1	53	36	30	29
33	83	60	11	14	87	34	70	67	39
27	64	35	65	9	41	61	15	71	21
36	41	16	71	31	62	24	50	17	3
81	80	21	77	22	53	35	72	84	38
69	27	9	36	32	74	59	18	80	6
53	85	86	42	77	61	80	16	45	15
71	76	27	83	89	59	10	84	39	34
75	68	49	28	16	86	76	59	84	20
20	6	33	58	51	64	49	90	48	11
40	49	51	4	10	63	28	32	37	84
56	76	24	17	53	68	3	81	52	89
69	58	25	11	7	84	36	85	39	23
67	2	64	32	90	19	61	62	69	35
85	47	7	20	63	46	88	53	60	73
36	41	82	13	31	16	89	3	58	2
23	72	75	16	50	11	85	67	81	61
67	68	44	24	26	12	1	48	70	16
48	16	14	24	40	66	49	15	69	53
20	23	62	71	86	10	7	42	73	4
84	80	6	50	44	37	73	53	33	46
84	70	69	39	37	57	62	26	73	55
8	83	34	77	81	39	36	14	90	4
83	39	40	45	62	79	22	43	18	25
34	43	16	6	71	17	78	15	68	32
87	86	18	50	19	55	12	52	72	78
68	66	22	2	21	47	36	51	28	18
76	1	43	8	25	30	52	2	44	75
38	34	81	62	35	67	73	17	12	42
67	5	48	76	63	26	19	72	78	84
25	5	72	21	69	24	37	28	32	2
36	29	42	37	23	62	18	5	57	89
90	4	43	23	22	45	55	27	17	26
27	6	8	48	90	77	59	5	89	69
6	38	32	18	22	81	59	62	10	71
2	44	39	66	31	43	56	58	88	72
6	85	76	68	44	66	14	72	35	89
35	77	19	22	33	74	55	56	28	76
62	27	20	10	31	6	61	86	43	52
19	67	43	23	62	52	70	86	68	49
42	74	40	35	89	26	73	9	32	60
69	60	2	34	35	43	15	27	11	53
37	6	46	21	51	40	2	53	9	86
61	18	37	21	4	1	38	36	52	13
78	26	1	88	68	83	48	81	14	10
60	38	13	49	87	62	57	29	16	25
63	21	20	40	13	36	73	3	7	22
58	86	43	54	49	29	28	47	13	26
65	44	68	49	63	25	11	9	34	55
50	21	73	51	74	75	52	49	3	62
88	34	70	23	39	68	71	49	90	89
42	85	59	2	90	27	14	66	38	75
7	46	81	86	64	84	61	85	59	29
89	49	42	25	35	67	17	70	11	90
67	10	40	41	25	74	15	70	66	79
22	73	19	72	61	42	59	43	79	90
33	69	38	58	32	55	77	60	10	88
82	60	11	20	78	61	37	62	33	38
37	20	46	10	73	11	18	83	36	65
2	54	38	28	77	51	82	33	22	25
84	4	6	27	7	72	61	90	19	28
35	4	3	69	46	59	49	45	80	60
38	61	71	56	23	63	13	72	77	15
74	77	39	61	50	47	10	48	38	37
45	86	81	31	1	5	50	61	16	87
64	4	61	83	87	53	85	71	75	55
65	50	55	33	23	9	29	27	2	70
47	31	56	89	26	90	84	36	50	20
67	81	9	80	40	25	10	73	50	28
60	19	27	83	45	16	64	50	31	8
78	81	84	60	55	45	71	65	16	3
68	64	86	65	12	26	70	7	80	54
51	86	34	90	66	41	65	18	57	53
42	85	7	83	60	79	53	72	19	87
9	57	33	40	64	30	43	74	89	58
48	62	67	44	61	7	52	2	74	83
72	60	70	65	47	48	50	32	87	17
88	23	89	81	13	20	21	77	56	80
20	75	67	46	3	39	29	12	61	60
52	50	70	51	7	83	54	1	72	63
42	68	6	5	21	33	83	89	39	71
6	33	69	3	65	40	89	10	75	11
67	49	1	62	17	61	84	23	26	14
83	35	34	80	51	2	62	79	72	30
25	60	50	28	9	80	43	58	12	17
28	6	5	4	12	72	11	10	65	70
71	33	72	4	44	83	32	67	90	82
78	26	5	13	14	24	16	6	45	8
76	16	20	74	45	10	86	80	55	46
60	22	69	23	25	10	4	48	78	89
8	67	57	81	14	89	62	2	88	5
50	64	22	40	26	78	84	65	60	5
1	21	56	34	59	33	10	12	88	18
33	83	76	86	73	50	11	13	54	82
41	81	26	13	56	87	34	77	23	19
18	86	11	23	76	69	16	59	43	57
34	53	23	10	2	29	83	87	55	11
3	43	75	18	44	68	59	88	32	56
51	84	27	11	42	44	41	68	26	73
3	31	77	62	76	59	18	5	38	90
38	32	78	76	21	59	53	12	52	69
35	45	36	20	79	27	34	42	13	21
56	61	23	75	24	77	17	68	14	28
13	17	56	42	64	18	81	16	21	9
24	27	31	77	30	1	39	40	52	32
44	38	81	48	28	25	60	11	39	4
37	30	76	57	61	68	79	34	2	72
32	86	63	48	78	59	87	70	44	72
11	56	48	75	38	68	86	54	15	9
51	88	1	35	89	75	76	58	19	30
37	78	56	14	86	16	8	46	57	15
69	62	43	8	89	90	16	58	33	1
68	73	27	2	5	9	33	34	56	84
58	57	34	9	5	68	22	77	54	70
21	18	8	2	56	85	6	19	26	80
77	68	75	18	29	59	74	51	46	17
57	46	78	70	10	25	84	33	53	73
34	70	20	24	54	3	4	57	1	51
49	35	50	65	62	13	57	38	6	3
15	2	86	67	37	22	57	89	30	20
72	46	29	70	30	54	75	56	15	32
25	13	36	1	34	26	36	82	32	28
88	86	63	17	19	30	46	62	26	51
59	64	28	46	52	62	5	90	23	15
61	42	77	25	36	74	78	14	20	44
15	18	48	12	83	67	72	78	19	50
41	18	58	86	90	74	23	17	75	40
37	76	31	56	47	80	81	53	48	36
56	39	32	13	49	67	73	78	22	83
20	12	14	51	3	84	27	10	66	29
15	28	47	22	50	43	34	52	12	69
11	65	31	58	9	59	88	32	20	46
79	82	55	17	54	29	66	53	48	27
8	51	14	74	50	76	44	43	54	75
46	63	59	71	80	61	47	53	55	75
4	71	33	29	11	6	25	1	70	64
11	63	57	89	20	81	77	29	48	47
65	45	61	68	26	15	53	78	52	87
71	90	56	76	51	81	5	17	77	65
52	49	36	3	2	71	47	90	22	60
8	69	86	57	5	43	44	46	63	31
32	85	70	16	13	18	67	55	52	31
74	23	36	28	51	17	27	53	48	58
35	22	31	17	83	61	19	7	44	30
49	68	4	7	63	73	46	51	64	71
11	2	40	55	78	29	23	47	45	25
80	60	32	71	75	34	38	69	3	15
85	5	39	67	68	8	51	56	75	17
20	30	13	2	58	55	89	40	57	84
23	60	20	11	17	58	88	12	76	51
85	5	58	26	56	38	24	72	14	31
12	35	6	50	7	89	22	9	72	31
57	43	19	36	80	8	81	70	58	6
85	74	24	18	49	73	31	48	80	84
70	2	47	16	55	80	73	40	65	20
26	77	73	23	65	39	36	84	60	43
8	20	14	29	87	76	46	51	90	32
80	14	2	50	71	22	4	27	21	18
53	17	42	26	77	30	81	33	34	60
51	32	84	61	80	27	76	46	19	70
32	85	53	11	63	77	62	26	48	76
6	51	12	49	28	82	74	40	31	81
61	6	59	32	40	23	11	1	43	79
25	32	50	90	10	30	23	85	65	1
4	84	34	81	75	46	30	3	38	53
49	32	71	7	48	21	8	81	86	45
33	84	2	25	87	46	30	65	79	58
84	82	22	16	69	31	33	43	73	37
86	69	1	54	53	47	85	83	7	75
54	90	15	24	50	17	16	27	20	82
30	75	79	15	77	86	21	78	87	58
29	44	35	63	62	77	40	9	85	87
29	85	19	32	40	10	49	52	18	70
53	71	39	74	88	21	77	30	6	1
83	68	18	35	89	23	67	57	58	50
64	46	27	80	2	34	38	15	23	12
11	47	89	63	79	42	68	77	21	45
80	40	66	77	26	31	71	55	53	82
2	62	53	76	4	11	38	36	45	51
30	89	43	75	7	69	42	2	45	79
87	14	16	23	65	27	22	84	61	31
56	36	38	52	34	3	78	57	53	65
24	77	64	87	66	63	13	3	47	45
33	52	81	8	57	88	20	48	87	22
18	57	63	68	59	65	86	61	80	74
70	14	50	51	3	66	15	59	47	78
65	88	8	54	12	22	37	77	19	79
82	36	66	9	68	89	57	70	50	30
58	85	74	84	47	60	8	45	27	43
41	88	70	42	43	6	82	12	81	47
2	9	64	5	17	33	82	66	36	56
57	26	51	4	77	71	81	87	34	9
27	41	89	40	18	11	81	2	3	55
78	90	24	68	34	10	39	11	54	72
90	85	1	30	23	13	57	49	7	27
87	56	71	69	64	15	68	26	54	17
9	26	79	72	50	87	85	27	11	89
75	9	45	28	70	72	29	35	52	88
58	11	26	62	84	23	74	25	44	66
46	18	71	78	11	31	34	86	70	51
86	67	52	89	63	54	33	85	56	90
15	70	73	90	11	62	32	21	64	88
78	1	88	83	26	32	18	68	90	87
35	70	25	68	67	88	63	33	73	90
74	77	9	8	90	40	18	46	3	52
22	17	51	68	72	43	20	63	9	38
80	48	40	67	79	86	23	22	77	71
54	8	36	34	24	69	4	40	72	37
60	87	14	90	76	17	43	16	57	88
37	44	80	57	61	13	55	59	35	67
77	2	28	29	43	55	70	25	67	22
23	51	81	25	52	27	87	4	38	13
71	19	34	54	37	85	27	79	69	20
4	39	25	68	62	69	51	61	16	6
34	6	81	47	52	48	60	35	30	19
70	36	7	21	64	50	52	56	71	3
51	74	78	20	9	72	44	3	79	13
45	44	27	18	19	16	56	42	79	90
13	37	31	42	68	29	85	88	17	89
78	84	36	13	75	1	76	90	30	42
58	32	54	66	5	27	28	18	34	19
8	21	16	34	61	44	49	12	42	1
51	8	83	54	12	81	30	13	71	46
52	31	79	17	47	80	27	77	22	85
12	81	39	54	9	41	57	14	25	46
83	34	60	73	15	36	67	48	68	35
11	8	6	76	52	5	26	55	82	21
26	69	13	59	43	89	40	23	15	46
12	44	86	90	14	9	20	26	19	57
27	87	90	61	74	76	43	68	48	16
77	39	76	46	44	17	51	85	14	5
66	2	40	16	52	76	28	85	33	26
9	62	60	73	88	14	19	72	24	13
10	56	1	30	88	47	21	51	70	67
10	66	5	52	55	34	63	53	75	26
65	38	49	76	82	61	24	68	88	36
19	65	81	37	83	10	1	31	25	24
31	5	11	4	43	61	44	14	19	73
41	70	21	13	50	63	4	66	34	5
41	62	82	3	81	29	27	31	65	75
71	34	55	78	33	48	24	25	58	82
30	55	11	32	4	44	2	21	27	57
45	28	22	64	46	56	27	59	16	84
56	84	37	68	74	80	78	40	85	15
90	45	84	80	89	63	41	58	12	47
47	2	18	41	10	35	22	83	56	86
41	50	15	86	46	30	19	25	56	73
40	87	54	29	38	84	55	53	50	77
65	30	40	82	68	69	75	31	84	13
18	63	33	45	21	73	59	46	82	12
59	66	84	17	26	24	3	78	40	45
70	45	31	40	29	60	13	77	86	12
19	37	52	6	7	53	81	71	42	75
45	86	78	56	21	69	46	29	41	48
30	3	24	44	13	31	77	59	32	16
54	45	24	3	16	74	87	70	75	22
24	81	72	62	15	3	74	64	60	76
40	30	58	54	62	11	44	88	2	37
88	11	8	16	46	22	39	14	78	5
14	45	34	42	29	19	7	5	77	53
6	4	71	54	7	18	51	42	57	17
41	78	37	9	80	79	17	39	1	7
77	2	28	47	49	42	40	80	13	59
66	37	40	1	68	69	4	83	28	67
16	79	76	9	70	74	63	24	62	43
26	73	39	18	30	43	7	33	64	24
27	35	46	60	12	70	39	69	33	15
66	79	21	41	8	76	26	12	54	71
83	10	78	24	39	12	42	19	33	29
14	43	88	31	56	4	82	13	67	23
6	14	22	24	84	18	41	19	59	76
84	47	15	28	80	55	22	46	62	6
49	15	6	22	40	52	48	2	68	55
25	87	50	83	12	29	66	70	35	49
11	90	39	47	75	51	78	82	79	48
32	54	2	30	3	78	41	43	40	84
77	71	5	40	4	32	3	33	38	53
12	27	50	58	21	75	34	83	30	46
11	88	90	15	20	12	16	67	45	86
64	24	13	73	40	85	68	26	81	33
75	15	1	22	87	38	18	73	2	63
10	68	75	43	76	28	56	74	67	69
68	61	10	15	55	37	48	11	73	85
50	62	7	36	61	48	46	84	66	68
48	78	12	62	70	11	13	40	63	31
41	81	63	82	42	58	77	43	4	26
26	35	65	79	61	81	27	34	41	10
3	47	7	22	68	69	31	40	79	23
32	67	82	2	28	17	42	49	39	1
36	20	9	81	23	54	21	83	63	50
3	37	55	29	81	30	69	32	45	47
66	27	12	42	4	78	28	38	87	52
31	5	37	74	27	33	3	85	60	75
8	42	41	29	50	37	71	69	53	52
11	46	50	73	79	71	80	13	7	40
56	84	44	12	36	71	66	31	45	79
39	4	81	31	33	38	85	53	78	46
26	52	5	79	27	50	54	21	73	11
76	58	40	36	82	15	21	34	27	38
24	47	64	30	62	78	5	83	20	40
20	53	28	90	18	15	50	61	67	77
41	82	56	12	23	37	68	34	31	42
7	45	33	42	77	55	6	73	8	66
65	29	10	51	77	37	80	75	78	35
37	48	15	88	55	17	42	70	85	53
68	75	9	77	15	66	81	89	69	42
3	39	81	10	72	80	33	32	76	70
41	5	2	50	82	10	55	26	80	24
72	34	56	18	8	27	29	67	46	45
11	16	73	79	82	90	38	88	7	86
3	13	26	63	87	52	56	58	41	39
32	11	66	46	75	48	85	50	58	22
82	44	59	10	37	68	48	35	73	64
50	11	27	26	83	43	51	42	20	82
64	21	9	79	71	82	23	22	35	16
85	46	1	22	83	73	4	78	44	16
38	40	59	82	87	63	17	50	64	22
55	12	75	41	40	48	6	27	65	56
75	4	88	86	40	44	31	28	5	34
32	25	57	20	37	13	81	72	74	52
34	46	10	63	48	29	38	32	45	30
53	2	78	59	24	75	67	32	81	21
76	13	12	6	50	64	69	82	14	2
52	41	12	61	39	90	58	50	42	88
17	33	50	46	36	51	77	12	38	28
8	58	54	52	90	66	9	31	71	73
47	44	16	88	28	40	9	54	19	74
45	22	51	60	80	55	44	90	68	1
26	34	66	72	86	38	21	43	32	79
42	55	11	47	57	45	28	16	66	87
81	7	12	50	23	66	83	17	13	51
67	46	90	62	49	54	1	6	35	64
56	61	82	68	20	36	38	6	88	85
83	11	69	78	70	33	62	49	46	87
37	2	8	76	15	18	80	78	57	81
84	25	8	42	37	23	24	75	14	21
33	3	58	14	85	71	62	45	9	61
68	1	35	83	4	4	27	11	34	44
23	21	30	20	7	39	41	22	56	53
26	79	3	54	40	71	46	8	17	72
52	4	46	51	48	7	6	79	58	35
29	63	2	13	51	60	1	28	22	4
18	1	40	16	89	43	4	54	78	83
90	4	18	29	75	1	31	39	10	56
46	54	9	10	24	63	40	25	11	15
23	81	47	83	77	44	52	33	3	65
31	72	37	8	47	60	23	58	43	75
24	48	12	70	51	28	63	61	90	73
16	45	60	15	62	41	65	25	66	11
41	11	50	7	58	73	45	88	77	12
54	31	21	81	66	53	18	48	83	46
57	22	46	30	27	7	39	88	28	38
31	85	14	26	53	78	82	65	66	39
38	26	30	1	88	28	62	59	41	36
30	58	26	75	11	81	48	83	52	50
13	43	6	66	69	65	9	48	74	31
74	28	48	47	70	64	84	25	59	53
56	10	43	74	82	22	34	41	5	75
20	86	50	29	76	14	19	13	43	65
23	9	77	4	76	48	58	28	66	55
8	50	57	21	14	16	18	36	19	74
46	28	21	83	4	60	3	25	26	41
64	21	10	77	65	63	37	66	48	24
53	23	79	86	36	90	56	20	6	33
29	90	11	14	76	59	48	60	49	32
43	33	44	50	69	90	72	5	42	85
19	3	42	12	87	64	45	6	78	88
55	64	1	33	29	37	9	78	85	57
62	46	30	59	57	28	85	63	73	65
75	10	49	44	45	89	77	72	52	32
88	58	14	51	77	13	26	10	25	48
56	68	17	28	40	88	6	59	39	80
22	70	77	32	17	16	73	80	49	71
57	38	10	89	14	34	67	1	17	23
41	7	53	80	23	57	25	66	1	13
34	56	17	88	35	47	64	3	44	77
71	90	6	39	14	52	25	83	85	66
40	26	78	29	9	43	61	64	39	62
37	44	18	28	41	57	52	85	5	72
45	15	64	80	39	12	81	24	8	63
15	22	89	73	49	82	63	77	68	33
53	70	78	28	62	73	8	7	38	56
40	57	55	13	83	1	71	82	61	29
29	61	38	34	7	86	2	1	39	5
39	61	86	56	30	51	2	50	78	87
62	51	78	39	3	17	64	79	56	10
47	60	87	3	18	36	25	65	89	28
29	38	82	79	78	35	48	70	81	56
57	24	41	83	40	5	81	32	29	87
43	10	48	82	5	54	50	88	45	40
40	13	59	36	81	21	66	60	89	8
45	25	51	67	44	55	11	83	46	69
45	11	88	39	51	65	61	1	50	86
83	81	37	55	80	11	50	7	6	59
80	77	61	41	50	56	40	33	42	79
27	48	83	43	55	54	30	69	76	90
61	2	16	78	9	90	4	20	73	21
5	21	39	71	51	32	17	12	76	55
63	10	5	29	86	89	32	24	83	54
68	20	23	2	51	11	24	70	65	72
35	87	69	11	83	61	26	90	67	58
19	77	54	31	89	10	66	68	90	36
85	40	19	62	42	20	45	71	4	78
50	24	86	33	59	1	11	75	17	31
37	77	28	90	78	3	7	44	6	14
14	47	90	3	58	72	8	1	74	32
55	46	44	15	32	65	88	54	80	77
1	10	27	68	46	70	69	30	7	43
34	9	20	79	66	27	4	13	54	10
38	6	10	78	53	84	56	22	16	80
1	54	61	79	24	63	40	31	3	55
37	57	64	84	54	43	83	1	87	8
19	10	22	33	21	3	76	81	86	84
8	11	44	12	21	25	71	32	1	54
88	34	77	47	17	16	14	52	24	38
16	42	61	24	75	41	45	23	8	31
84	63	17	11	31	51	5	77	10	8
51	36	60	83	80	48	14	61	3	59
67	30	90	50	5	47	51	44	54	49
80	55	44	79	13	83	53	1	50	47
42	69	51	62	20	53	48	89	1	85
12	2	28	34	68	55	43	57	70	8
86	58	11	68	55	66	23	85	42	73
57	14	45	84	12	35	32	85	33	51
82	54	88	8	35	12	69	59	76	51
36	9	29	15	31	66	12	50	48	1
59	86	36	82	9	51	37	11	56	6
61	52	11	13	18	77	60	28	58	59
45	65	71	90	19	40	63	56	57	60
25	72	11	36	34	4	57	51	88	37
66	26	8	18	51	12	76	41	77	73
47	53	29	7	79	38	55	4	54	74
10	79	90	23	20	2	47	42	27	5
61	22	24	55	40	6	87	18	19	20
76	42	15	64	18	30	51	49	59	56
51	37	16	1	48	42	31	78	43	72
88	27	66	44	45	63	35	86	70	58
32	8	17	40	33	42	49	86	88	73
33	74	8	4	80	76	35	15	19	56
77	86	31	32	75	65	46	43	52	29
83	66	15	71	33	47	34	79	89	42
17	20	79	29	62	23	12	25	76	40
67	66	37	71	17	88	39	22	74	81
55	34	36	19	58	26	6	79	70	25
83	25	8	54	6	24	53	71	27	80
6	71	65	34	63	72	23	62	9	50
36	87	21	19	65	44	59	26	52	63
21	35	54	41	59	22	62	46	17	9
28	26	61	59	82	13	34	81	38	71
24	69	57	23	16	19	81	45	20	5
49	71	90	44	21	55	62	56	86	70
76	79	11	25	85	42	3	18	33	27
60	26	14	64	37	6	49	46	78	9
71	45	63	79	47	56	50	64	43	38
75	35	62	55	79	51	82	22	9	42
53	1	3	16	17	72	15	26	23	18
5	50	60	15	14	84	6	11	70	48
35	49	73	10	89	38	27	59	64	42
89	59	58	35	37	56	82	78	48	14
62	9	5	35	71	68	84	45	30	31
40	90	27	84	3	22	44	53	64	85
42	40	46	71	3	17	53	52	89	22
52	80	29	39	26	63	20	83	10	41
72	63	79	11	56	40	6	60	90	84
32	39	2	58	61	70	15	27	12	77
27	79	15	47	28	33	48	34	89	63
57	18	89	67	68	1	34	11	35	79
62	14	90	15	49	63	68	50	73	81
88	63	80	35	41	24	53	30	17	75
44	3	23	13	8	5	74	36	11	22
87	4	37	34	36	63	61	89	86	79
87	82	86	10	69	51	64	35	76	12
73	67	54	7	40	44	12	66	87	6
74	54	63	72	55	86	42	6	38	81
62	28	47	41	26	89	17	34	22	70
28	89	18	23	34	20	63	30	79	84
12	69	34	16	67	8	36	82	84	60
68	16	81	2	70	64	86	50	45	33
86	37	7	63	17	4	64	23	41	69
20	18	7	16	5	79	64	40	48	29
34	70	80	5	44	29	47	72	54	74
47	88	35	49	77	31	84	5	29	73
25	69	55	76	5	75	20	53	74	27
73	13	76	78	22	11	20	31	83	41
34	50	65	77	20	8	9	33	1	2
23	1	57	78	85	84	55	70	11	52
80	7	4	90	70	87	53	11	31	39
29	65	87	63	83	11	46	7	84	21
31	52	7	77	12	1	60	70	27	86
87	80	24	32	49	27	30	42	90	10
43	57	6	14	55	21	48	66	4	69
47	38	55	31	90	32	70	73	43	20
76	47	21	1	27	46	7	62	15	48
53	51	33	65	79	23	21	38	41	86
67	66	8	71	76	20	33	64	11	32
17	65	11	81	41	5	42	82	72	29
84	35	23	56	9	13	25	2	21	41
55	33	13	60	84	64	76	26	25	8
52	70	32	67	83	12	56	60	21	64
51	44	74	68	15	34	75	46	54	89
22	31	80	36	3	9	24	20	60	79
72	23	64	66	15	54	32	73	63	82
49	18	23	44	76	30	81	85	60	45
12	47	74	54	2	59	39	88	56	70
62	15	68	72	3	52	76	31	34	55
63	71	61	65	7	31	36	29	48	69
43	81	53	20	12	61	14	67	69	24
29	84	12	82	22	8	49	85	89	16
78	47	32	23	51	9	72	79	18	58
51	2	58	39	73	38	7	13	43	16
33	17	19	59	35	21	41	42	34	68
61	77	9	13	54	66	63	50	40	7
24	31	55	49	1	43	13	51	89	67
56	12	82	68	83	55	16	25	3	24
67	46	5	14	55	40	80	38	8	85
89	47	31	72	73	35	75	28	74	32
85	81	62	9	50	49	7	53	52	46
85	12	20	57	78	27	60	63	67	75
48	1	80	67	47	9	34	76	57	11
50	1	83	49	90	54	23	79	60	29
78	30	8	72	34	62	64	68	88	6
43	24	2	33	8	79	35	61	19	86
37	43	12	59	86	61	67	57	76	27
52	14	40	6	1	50	55	63	66	61
76	57	78	21	5	86	44	65	2	59
1	53	41	7	20	5	16	78	26	36
82	55	58	81	4	54	24	65	16	80
36	6	62	79	20	84	64	26	88	45
46	43	1	17	76	88	45	66	13	37
19	87	51	22	20	56	65	31	58	16
36	34	9	80	21	20	28	52	24	57
55	11	64	76	85	35	50	90	49	13
54	46	41	16	35	58	11	42	85	47
37	18	85	76	47	71	11	82	54	59
90	82	31	17	69	61	18	60	62	15
53	48	24	47	60	41	61	52	57	44
67	20	4	52	89	16	44	1	57	90
56	40	86	85	54	72	6	73	64	59
57	79	33	5	7	78	19	12	74	8
28	65	21	72	82	25	47	84	34	48
84	53	58	14	3	62	83	4	57	75
31	45	11	15	79	72	34	27	59	85
24	73	39	59	46	19	54	15	55	2
44	14	77	70	65	86	16	58	49	1
72	32	87	56	65	4	89	20	11	41
44	31	90	52	49	55	65	51	61	42
48	36	67	9	49	40	65	63	88	85
4	13	16	82	8	63	41	42	62	26
81	47	17	61	40	50	67	52	21	18
48	85	55	78	24	22	83	45	62	11
25	62	24	72	8	7	85	43	30	60
64	81	55	56	11	65	84	40	23	14
33	68	77	27	58	23	50	52	86	54
60	74	42	51	18	45	14	90	69	33
54	68	48	70	41	87	19	90	62	16
84	86	25	78	6	38	73	12	14	85
18	56	15	38	21	26	50	46	57	14
42	84	38	30	20	76	82	77	89	36
11	15	2	18	31	67	76	12	24	55
88	89	60	62	77	47	19	33	24	9
3	62	33	8	65	41	59	87	68	11
40	57	55	90	39	88	24	32	58	56
43	70	48	1	40	27	9	49	72	53
81	1	28	76	7	83	53	61	19	70
10	66	33	69	84	82	40	72	63	68
35	71	11	48	36	47	81	32	52	23
34	6	17	50	76	49	79	88	14	45
44	75	7	67	86	76	9	89	36	42
34	26	9	54	60	24	42	73	18	44
32	67	85	18	37	10	12	3	46	50
21	14	19	4	72	83	53	47	62	66
25	89	48	10	9	2	76	66	35	6
5	25	54	88	81	50	90	8	43	17
20	48	2	14	70	12	23	42	87	49
65	54	26	20	78	19	3	57	17	72
9	11	53	90	72	88	84	57	13	78
61	20	49	67	79	21	81	1	85	27
56	63	23	76	61	81	52	79	13	42
80	41	1	35	74	69	70	65	82	45
75	52	31	53	79	25	39	11	41	90
6	49	14	15	12	40	50	10	53	74
10	67	55	22	23	66	12	48	18	86
76	67	56	82	45	61	62	64	68	12
6	80	15	34	65	27	63	1	19	23
5	24	26	74	10	19	40	76	22	75
39	36	38	68	33	30	12	62	28	11
60	73	57	26	86	16	76	47	55	14
78	68	31	18	80	1	67	13	89	47
28	79	70	35	72	46	37	50	69	89
60	5	24	85	63	33	10	88	58	83
49	60	51	46	9	17	23	55	25	44
16	10	82	79	58	81	71	66	89	49
15	34	88	78	77	76	62	57	47	90
69	68	43	38	31	78	60	33	23	63
65	67	36	78	76	64	48	72	66	60
49	32	6	85	2	88	40	68	66	81
76	27	77	88	22	6	2	33	3	74
52	72	60	86	31	44	25	7	19	34
77	5	25	57	20	82	59	87	80	16
19	11	9	67	38	85	79	69	66	64
19	13	43	70	20	36	75	90	41	39
68	69	23	87	76	80	32	74	12	7
78	15	66	80	1	62	8	64	21	40
78	52	88	44	47	87	10	50	56	58
18	19	14	8	59	68	83	89	25	31
3	17	69	82	56	87	19	55	9	70
15	36	5	57	37	4	31	43	56	75
74	70	50	45	33	36	23	67	31	40
12	35	79	25	17	87	14	31	88	75
39	43	14	52	47	13	83	45	23	16
26	48	23	60	4	35	79	68	86	70
75	63	56	17	34	21	61	62	69	16
87	4	12	29	35	51	60	63	11	18
35	85	81	54	27	42	89	48	57	74
76	38	64	16	65	84	17	40	31	66
36	82	71	35	45	59	16	25	20	8
10	59	2	36	21	3	13	28	50	5
53	23	20	37	36	6	7	77	72	78
45	39	4	7	66	33	43	44	57	60
33	85	69	32	24	20	41	30	40	36
90	68	73	49	6	3	13	54	21	76
60	55	47	53	5	52	25	35	89	50
85	22	14	15	88	19	76	78	2	12
33	66	36	19	38	70	81	83	77	49
71	39	50	28	73	36	74	4	5	49
21	54	9	84	42	30	46	80	15	3
22	60	55	26	74	35	20	2	1	90
1	67	33	44	80	2	76	86	24	6
79	54	46	59	72	64	24	17	43	55
81	67	45	44	59	1	2	19	9	52
1	14	15	52	16	13	55	90	9	62
7	87	23	27	50	52	78	86	88	10
35	49	71	56	72	52	16	12	70	11
71	18	81	14	90	13	7	44	34	6
61	76	79	48	40	82	77	44	7	89
87	88	57	4	50	51	80	53	81	84
56	33	74	76	5	20	77	58	81	18
11	66	49	42	43	74	50	58	68	39
37	5	34	53	15	90	13	6	81	89
83	29	21	24	60	80	52	72	5	6
18	87	36	62	67	84	64	41	14	12
56	50	69	58	51	9	57	16	62	20
62	49	56	1	66	59	21	33	57	43
29	52	89	10	14	65	35	32	66	70
26	64	54	7	41	61	53	81	75	25
58	60	52	87	59	65	55	50	84	25