12	65	19	72	42	6	79	77	80	5
1	77	66	22	12	62	54	80	55	29
16	30	38	75	7	35	59	87	70	82
22	1	14	49	62	78	21	17	58	60
4	34	5	29	58	20	25	46	70	3
7	39	29	41	61	10	9	85	23	55
87	72	54	66	40	82	50	8	26	51
77	11	72	5	85	68	18	31	6	58
75	62	77	2	42	66	24	64	28	88
36	66	82	13	79	15	20	18	88	64
53	28	45	49	58	23	66	57	1	87
27	79	17	29	21	63	74	55	7	14
44	27	42	46	78	2	3	19	20	37
24	33	44	52	1	66	84	25	55	59
40	90	89	46	88	72	66	2	16	59
65	85	45	58	67	84	55	13	49	80
79	13	29	87	52	16	70	47	24	60
81	69	78	7	38	73	20	5	74	49
35	16	40	74	43	60	1	76	24	44
32	57	21	38	28	41	37	19	16	24
35	89	84	31	65	30	73	15	4	87
17	39	15	52	32	61	59	81	78	19
66	68	36	11	53	70	6	9	87	73
32	37	42	30	14	20	16	6	41	15
9	26	50	2	3	22	83	44	71	1
18	69	38	22	35	74	77	37	6	24
5	74	49	34	20	23	21	59	37	22
43	22	34	30	56	27	79	86	85	36
85	51	50	9	77	44	81	28	43	79
63	61	81	50	87	77	8	4	21	79
57	86	17	37	3	84	60	29	72	69
72	4	90	42	23	82	76	79	54	29
42	29	88	57	34	30	85	1	56	41
63	53	25	11	77	9	67	4	1	60
54	85	70	7	71	87	58	69	28	75
41	43	39	2	83	42	22	46	14	75
23	22	55	66	14	77	1	41	26	48
19	63	73	77	86	25	3	33	10	48
80	23	30	69	19	22	42	46	47	3
34	86	88	20	59	36	25	27	12	19
84	80	60	52	70	10	8	77	68	12
65	32	55	45	14	3	63	64	74	77
84	1	67	40	44	83	18	25	5	34
33	64	2	9	80	62	87	72	53	89
1	30	40	44	23	13	19	39	27	31
25	16	50	3	11	44	31	4	20	49
51	32	88	76	58	72	90	73	7	49
11	54	18	35	41	15	31	22	73	47
88	16	54	48	5	2	56	4	74	32
51	40	19	24	83	76	86	11	71	61
16	50	62	74	22	31	41	48	89	7
66	60	46	59	34	24	6	78	25	29
80	76	57	2	88	7	26	52	56	11
23	15	25	80	64	58	50	66	42	19
90	2	10	71	26	1	76	48	11	86
21	31	69	54	88	84	53	64	14	22
14	21	70	82	18	6	65	20	32	68
30	52	74	49	82	68	34	26	51	9
5	6	47	34	23	30	87	11	64	73
81	46	82	42	57	50	37	68	28	5
56	42	38	20	48	40	15	80	14	7
48	73	39	85	54	80	3	78	72	19
74	64	49	44	23	42	59	77	4	27
68	18	21	80	49	11	14	4	36	41
29	85	60	6	36	80	63	73	75	37
77	37	87	5	32	21	18	86	52	65
28	16	40	24	12	80	50	4	78	77
83	2	37	81	1	22	5	35	34	9
90	62	55	54	39	40	12	63	82	68
25	8	44	60	23	28	52	84	85	79
4	84	16	3	73	49	1	40	8	90
10	25	64	40	90	73	83	28	48	80
56	83	27	89	85	30	66	6	14	31
22	83	12	34	77	42	31	3	59	49
42	18	12	71	5	46	9	74	3	58
7	38	72	43	35	23	2	57	5	20
11	86	61	56	55	45	74	14	27	79
40	31	82	24	50	28	41	79	37	76
6	16	63	56	80	82	1	15	81	31
14	26	57	5	67	88	32	31	55	19
47	88	57	86	55	75	73	22	23	83
48	18	32	42	5	2	21	33	29	65
85	76	19	49	18	7	69	20	51	29
64	18	49	67	30	37	44	68	69	28
44	70	13	40	30	3	68	47	77	79
7	35	30	60	38	26	67	69	62	4
89	88	68	85	52	75	67	54	5	55
61	53	62	31	50	33	89	76	2	47
38	39	52	33	87	2	29	15	8	25
63	71	8	51	54	7	45	35	34	73
5	14	41	1	90	44	73	78	86	45
47	40	77	1	44	18	56	35	84	28
75	20	24	77	72	12	4	8	66	17
2	85	57	30	69	83	67	51	7	15
37	20	70	81	73	55	87	83	7	33
37	53	65	44	55	75	43	26	81	59
39	30	18	72	3	31	69	51	41	66
18	79	3	12	31	53	13	70	73	58
49	18	17	59	19	60	65	85	26	15
67	89	3	9	54	61	1	23	85	30
22	8	73	33	87	78	37	41	67	32
30	11	79	10	72	88	48	66	68	33
47	56	80	30	81	44	59	72	28	52
76	3	24	70	5	1	79	2	67	71
66	37	53	35	20	38	31	89	41	7
70	63	51	25	1	89	40	52	27	77
85	42	23	51	53	7	80	65	77	30
14	61	19	23	3	16	88	71	87	83
80	13	5	65	20	33	59	21	38	9
11	50	61	19	30	63	23	46	37	39
47	49	45	50	85	81	69	62	37	40
13	14	63	29	54	78	26	24	8	87
35	73	78	74	55	64	14	62	53	38
68	88	89	67	2	84	20	61	9	28
64	59	72	55	24	25	58	62	23	5
86	67	8	30	70	32	4	56	68	27
65	73	88	57	8	87	14	69	33	17
40	3	45	71	74	87	4	44	7	8
14	88	78	32	3	81	42	54	27	71
15	64	24	59	90	47	30	29	27	48
63	35	70	62	89	1	82	30	90	69
75	68	3	85	17	16	51	19	41	15
21	80	44	59	74	17	5	78	35	36
47	12	56	6	59	49	52	13	46	34
3	46	47	61	66	74	90	45	55	1
68	4	17	37	71	2	1	88	6	65
84	71	79	3	44	78	68	75	27	33
5	67	22	84	13	17	7	14	24	58
46	67	7	25	86	80	55	68	63	3
86	73	67	43	88	24	82	42	80	23
78	42	86	33	70	52	46	88	11	69
26	84	69	78	16	7	56	72	11	47
43	47	51	12	78	75	27	32	68	39
21	83	72	9	84	59	77	19	25	29
63	72	38	79	45	36	35	48	47	54
88	1	77	20	43	25	60	22	28	66
73	41	88	22	64	31	8	48	29	60
25	47	64	33	56	54	38	13	52	86
78	8	24	36	33	82	19	60	15	44
29	48	37	73	42	21	12	78	51	88
7	28	54	33	2	25	19	15	74	67
4	67	15	43	83	89	51	85	27	16
70	61	60	12	27	71	80	21	15	26
84	3	27	90	86	76	16	28	21	25
16	49	63	5	89	79	88	50	53	52
17	27	1	32	74	83	78	8	19	89
17	51	52	12	47	80	19	8	63	76
15	49	2	69	57	6	63	67	22	24
48	76	27	83	37	12	90	36	54	16
46	6	22	54	83	73	69	1	66	78
54	14	32	33	52	9	75	22	63	36
51	60	36	77	29	63	73	6	62	53
23	49	67	6	82	28	80	5	25	89
8	13	36	40	47	71	63	45	65	12
43	2	72	28	74	9	4	84	61	38
20	81	82	17	51	76	36	80	66	34
48	39	69	59	66	82	35	30	9	72
12	32	49	41	88	54	47	55	59	4
82	18	87	10	77	71	16	57	24	19
36	22	80	86	20	9	81	30	1	18
21	37	48	64	59	25	12	9	61	83
78	80	75	74	24	71	7	44	16	59
73	58	75	70	28	51	57	43	80	78
66	83	69	21	18	72	80	10	56	29
30	73	77	12	44	40	13	27	74	45
29	57	36	71	13	80	5	85	39	51
58	86	33	71	56	36	14	51	25	80
12	54	7	36	2	21	88	68	89	59
52	84	46	73	74	68	18	32	44	54
45	14	25	39	18	29	1	73	26	34
29	73	2	9	21	74	42	18	70	88
84	33	13	44	26	17	32	52	19	39
38	67	24	3	36	35	47	17	20	54
42	41	39	58	66	35	61	79	77	69
81	38	14	2	88	22	44	28	46	27
49	76	60	13	84	43	89	20	11	55
18	79	75	57	84	33	61	35	67	19
71	86	18	78	32	14	23	3	66	67
81	21	51	87	84	3	38	11	56	55
11	55	66	69	41	67	59	18	21	1
31	49	16	12	21	10	20	3	4	5
80	10	66	2	6	43	24	73	53	54
76	57	26	60	27	63	2	17	3	84
4	22	49	10	43	83	21	44	13	65
30	34	28	78	68	33	72	65	25	13
75	51	88	50	34	31	28	60	19	72
88	21	66	86	57	12	6	69	4	87
6	53	18	12	2	9	61	63	10	85
18	70	13	58	78	55	46	22	85	25
68	3	55	44	39	51	85	67	45	69
87	63	27	23	68	62	80	9	46	48
42	36	45	85	70	23	55	11	75	83
90	83	17	67	49	39	87	59	73	76
69	61	46	16	17	32	67	66	36	27
52	40	34	13	86	88	26	75	25	4
10	83	59	68	54	26	20	18	88	30
29	70	35	77	52	55	63	33	81	40
7	81	66	64	61	75	83	11	4	74
2	66	46	34	27	90	73	43	57	44
74	17	65	86	67	44	43	83	27	45
53	25	83	27	66	45	79	46	90	82
16	65	86	25	33	88	40	24	42	52
87	6	50	72	20	64	35	39	59	38
64	58	41	72	89	37	51	16	82	80
12	83	73	9	37	30	66	43	56	78
22	58	6	80	86	56	84	87	14	59
57	30	62	44	10	27	56	45	17	73
86	5	12	47	32	21	70	26	50	24
38	74	52	75	39	6	12	16	24	87
63	6	31	65	50	7	46	77	67	8
10	3	32	6	11	74	60	70	44	17
45	54	34	58	64	82	44	2	1	7
43	34	17	14	65	4	20	69	16	71
88	57	30	63	56	29	35	33	27	5
85	78	51	20	26	47	77	52	27	72
46	45	73	86	74	56	48	82	28	78
20	85	90	87	14	45	2	29	16	65
33	11	64	75	69	62	70	22	71	27
23	48	57	72	4	30	44	45	67	55
27	90	45	10	84	50	44	12	53	57
4	2	82	62	60	81	65	23	52	59
88	54	5	63	20	78	24	62	13	46
52	64	46	80	29	75	15	21	17	62
30	83	72	75	14	8	64	26	3	46
74	56	57	18	52	65	33	44	66	55
12	4	50	39	23	6	85	43	5	71
61	34	75	59	77	71	6	12	66	43
62	49	37	13	31	9	27	15	82	70
17	35	79	19	50	5	45	75	33	86
89	15	3	86	24	5	14	56	66	9
89	59	73	33	12	29	88	23	79	6
56	41	6	4	33	68	43	76	73	17
28	90	71	81	2	29	11	8	4	17
4	89	44	23	80	25	14	2	67	27
72	16	23	22	53	41	79	76	18	32
17	23	12	71	69	42	39	79	54	29
17	36	71	7	16	8	86	90	19	62
38	44	19	62	68	53	69	77	46	28
57	4	13	28	25	32	86	84	62	18
41	57	59	51	30	26	88	14	1	68
79	11	58	6	51	67	77	19	27	38
37	30	2	27	39	10	63	6	21	72
55	42	52	2	71	87	20	89	37	22
65	30	24	37	16	34	75	90	77	62
63	65	49	6	79	60	2	50	58	25
28	9	12	65	6	11	64	27	48	73
18	62	13	86	31	43	40	88	89	83
77	50	84	7	30	61	44	54	63	49
74	46	64	35	53	27	54	17	60	13
54	66	18	17	11	44	79	39	80	13
33	3	56	89	2	48	10	23	63	82
23	88	71	36	35	45	43	11	47	67
71	37	33	34	88	66	67	70	2	4
14	66	79	19	24	54	64	35	85	80
90	11	44	15	7	54	82	49	86	53
57	63	81	45	20	32	44	37	76	77
85	32	34	24	40	51	3	37	61	70
12	34	39	60	13	36	8	28	22	18
38	75	53	2	52	45	25	36	88	9
22	10	20	14	86	17	39	47	54	43
83	10	62	86	67	70	38	73	18	19
80	12	23	15	51	52	21	2	31	41
72	58	74	26	32	81	86	67	34	56
56	5	9	60	67	41	10	52	14	58
43	80	44	64	81	89	24	79	85	74
69	48	85	7	17	29	82	61	3	71
10	36	18	40	76	57	84	2	71	58
43	87	54	35	89	67	66	47	14	9
42	65	19	51	12	78	52	14	77	5
72	27	28	32	6	17	78	34	53	75
68	66	41	67	14	53	59	61	79	9
65	5	40	57	77	41	55	89	78	79
2	10	46	67	73	39	81	30	15	86
11	22	41	34	32	5	58	61	4	88
56	8	22	19	65	74	42	60	20	87
63	18	86	73	45	42	54	79	40	16
5	13	24	73	12	74	52	46	84	45
37	43	73	47	7	33	52	25	74	54
4	35	29	59	15	27	88	20	77	14
76	31	78	28	65	47	73	40	77	85
71	87	88	2	65	47	45	44	66	17
22	27	49	71	68	56	42	38	32	60
62	21	19	15	33	36	42	30	12	85
24	20	51	40	5	78	60	29	64	46
82	11	30	88	56	16	35	78	85	45
23	25	32	34	49	36	79	44	74	40
80	25	35	52	53	58	86	64	85	72
4	50	79	83	9	70	61	21	84	30
8	75	47	85	17	78	51	5	20	70
52	53	67	25	41	63	9	54	55	13
51	61	4	28	74	49	45	26	52	57
14	65	17	87	81	61	43	74	7	16
16	70	14	77	30	67	42	51	41	29
14	52	63	55	9	21	1	6	8	62
17	54	2	74	34	73	37	24	13	68
42	21	8	15	66	52	51	56	13	5
69	82	64	28	39	20	65	75	27	10
35	51	54	1	49	62	73	71	13	46
74	39	47	55	15	48	49	45	8	67
85	16	27	54	43	14	44	61	87	10
10	43	47	17	18	77	44	80	55	45
3	84	82	19	89	76	45	22	59	74
78	60	27	50	59	86	67	3	22	90
77	20	24	79	62	13	7	21	83	43
1	84	69	78	62	28	83	46	52	35
35	57	72	48	2	78	43	52	82	54
75	71	16	79	58	61	63	48	72	43
6	37	85	19	83	4	30	65	25	40
22	37	78	89	63	14	45	81	3	39
53	60	29	89	80	8	27	36	34	90
69	52	37	70	24	15	16	33	45	39
50	32	68	10	14	47	22	25	64	20
75	8	4	65	13	50	54	85	68	88
55	86	57	46	76	10	62	3	36	42
12	85	46	75	28	20	45	40	15	49
67	60	83	10	2	54	11	35	78	75
30	26	9	15	71	48	20	56	28	51
76	5	83	24	19	35	17	16	38	20
4	27	50	33	37	80	34	1	89	20
71	1	73	42	32	86	78	59	76	2
6	7	49	18	34	14	15	47	26	43
33	44	5	90	66	3	83	75	59	31
64	90	14	3	58	84	34	75	69	24
2	13	10	49	46	69	23	16	44	4
33	36	89	86	65	76	24	85	20	83
41	52	5	50	87	57	9	15	58	83
59	32	14	73	15	22	54	83	70	65
84	75	76	87	51	23	13	40	38	77
38	83	5	72	86	52	4	29	65	88
73	25	40	67	85	12	64	35	71	72
84	15	90	55	86	2	18	51	76	75
87	67	55	23	83	19	65	12	9	58
80	42	64	9	16	22	67	26	1	37
55	43	84	7	76	10	64	87	54	36
11	37	6	16	2	30	53	3	59	78
27	12	28	1	73	86	41	46	45	36
87	5	70	73	19	22	78	17	14	63
63	86	36	12	56	74	38	22	81	5
37	73	42	13	32	39	74	7	25	54
49	43	42	51	19	28	63	39	22	83
33	1	68	31	90	13	71	38	49	53
64	61	47	3	1	60	50	78	40	81
25	2	72	38	26	56	84	86	58	44
38	67	62	30	50	17	81	42	43	59
73	38	41	26	46	16	24	21	11	17
76	5	37	48	81	25	79	40	15	19
60	11	5	57	2	3	23	21	36	22
3	11	37	13	26	35	57	34	25	17
69	28	87	41	14	67	64	40	45	52
31	12	24	57	73	86	50	48	14	51
42	56	51	39	66	10	59	15	38	61
76	74	27	77	50	82	1	25	70	51
67	87	4	82	72	89	15	47	38	48
28	44	70	68	26	45	74	59	13	79
45	16	56	42	63	66	84	2	13	30
29	49	48	50	44	8	90	51	9	24
31	64	80	12	3	17	50	68	35	53
55	4	84	16	17	26	51	50	52	88
20	86	16	74	78	32	8	29	52	75
4	24	27	37	82	10	70	5	2	66
84	88	68	64	71	32	65	26	42	11
12	35	22	18	8	7	78	16	88	87
87	37	20	55	74	43	88	14	78	12
32	46	26	90	72	47	44	48	21	55
56	4	76	82	57	33	43	25	15	69
86	16	13	58	78	33	26	22	72	82
37	76	25	39	59	54	26	75	22	36
67	65	31	27	58	23	68	48	50	37
71	20	23	79	42	40	9	30	66	11
11	53	28	30	64	2	19	26	57	22
82	90	35	46	73	10	23	86	78	44
9	43	39	62	32	85	30	31	82	77
60	90	47	6	67	26	63	8	22	81
71	56	42	39	13	51	14	43	45	54
73	29	31	54	77	5	55	64	2	21
70	13	8	79	38	1	22	61	64	47
15	89	45	84	73	79	23	58	51	26
30	43	80	74	77	9	49	42	33	50
85	15	13	47	21	40	30	78	12	5
41	35	8	19	27	28	52	43	70	72
76	17	70	57	54	79	34	53	84	44
49	24	16	41	11	18	53	17	67	26
85	58	81	21	87	65	14	6	90	20
25	75	21	89	30	38	56	65	32	78
38	23	20	61	60	57	42	19	31	46
15	52	45	3	54	22	87	82	73	66
69	71	41	79	6	28	73	34	70	77
3	69	80	2	85	62	71	46	57	34
65	62	66	16	43	85	15	53	45	60
46	72	75	31	11	64	88	76	47	89
73	66	82	4	48	30	29	62	36	26
90	86	65	16	21	10	53	42	30	2
56	51	29	6	16	9	77	40	21	37
5	29	51	30	83	28	82	24	56	23
56	26	84	29	59	71	5	57	72	81
14	35	48	90	71	25	19	50	59	51
86	88	75	54	32	10	21	1	67	80
56	64	79	25	49	32	24	62	72	85
62	18	47	21	37	44	87	2	1	89
66	77	57	90	74	81	32	19	21	10
37	31	52	65	69	43	82	2	74	51
63	66	51	83	80	60	4	82	75	10
38	62	19	22	54	67	7	87	39	44
60	42	18	38	66	12	43	82	64	50
75	11	52	38	68	35	67	14	57	45
75	27	3	55	81	66	45	72	61	29
85	18	37	41	70	63	9	67	38	66
9	8	16	45	40	25	11	63	54	42
8	89	86	3	64	50	62	55	51	67
23	85	82	57	26	49	79	83	27	54
11	61	33	36	28	72	60	86	59	16
66	60	53	62	52	73	68	49	40	64
78	41	2	72	29	44	34	23	21	39
38	82	78	44	18	46	10	17	90	1
69	89	35	45	14	80	90	33	49	8
16	76	17	62	71	26	44	25	81	66
59	90	74	69	86	22	24	78	76	68
85	62	75	11	43	24	68	1	82	39
68	6	65	37	31	17	81	13	40	71
73	79	39	36	57	13	53	45	60	72
26	80	51	55	35	48	87	50	84	71
68	40	49	82	65	36	55	78	83	15
45	88	6	31	83	46	4	55	63	5
50	70	64	18	67	68	88	82	4	72
48	77	62	89	1	44	59	28	24	10
80	78	10	76	1	15	66	42	63	88
18	61	6	23	73	11	76	80	3	28
61	22	86	28	40	88	84	76	53	66
26	70	8	72	35	75	23	37	62	14
4	24	9	84	46	39	13	64	87	53
59	39	24	8	70	61	44	66	54	38
48	43	15	61	9	44	54	42	12	34
5	21	84	35	66	25	24	47	52	62
8	56	67	58	59	27	46	77	72	50
18	14	29	31	88	3	80	47	86	12
22	87	50	47	75	4	69	11	34	46
44	20	68	71	76	40	69	53	24	81
46	16	80	17	77	19	71	57	84	90
16	27	84	8	66	49	1	2	10	46
47	75	42	79	54	16	21	81	82	18
47	40	5	14	29	53	69	45	1	70
60	24	37	22	59	43	63	18	39	66
41	21	87	65	46	26	22	77	61	81
54	36	67	46	58	45	49	42	21	6
4	32	90	80	72	34	38	62	88	84
80	78	52	32	40	37	69	29	57	22
51	62	47	7	11	89	64	6	20	90
14	84	70	69	22	58	6	40	71	43
10	48	51	80	37	52	77	6	22	83
2	17	81	63	66	8	68	13	47	10
34	78	29	3	63	41	62	6	86	76
83	77	44	8	52	85	59	45	18	13
23	72	41	67	49	12	90	77	65	20
45	54	4	76	88	71	82	36	2	83
26	74	47	65	32	59	50	4	18	25
31	84	66	7	42	68	60	15	59	87
58	86	71	22	8	11	49	30	78	48
59	83	42	28	85	53	86	26	47	82
51	81	88	3	69	11	7	41	57	38
24	58	40	64	27	3	13	83	22	66
89	82	43	77	64	27	87	72	30	25
60	77	83	73	4	7	57	63	38	87
10	2	52	79	59	21	24	17	89	25
11	8	60	17	47	59	57	10	54	52
8	27	75	66	53	81	78	61	60	36
56	3	72	17	86	74	76	61	78	89
26	61	85	48	74	81	2	11	51	35
3	38	27	68	77	30	34	78	74	36
53	81	40	25	19	21	69	56	42	18
73	66	20	45	79	57	56	9	5	82
14	61	7	46	57	68	5	40	55	34
29	82	33	65	85	84	19	46	31	3
51	55	43	9	26	77	8	75	1	73
76	18	31	24	87	62	26	40	59	42
17	3	35	74	57	37	50	30	66	29
71	34	86	7	78	44	27	45	8	18
71	57	38	33	46	1	76	78	7	55
49	39	17	6	65	5	77	70	40	88
12	27	31	50	71	79	57	11	19	39
74	34	20	69	85	8	30	80	16	41
80	16	37	25	54	76	33	32	2	78
38	65	81	23	15	68	13	72	49	64
59	21	66	90	82	55	14	67	54	61
27	49	41	51	17	72	4	70	9	31
47	11	25	73	40	9	21	44	49	5
46	33	84	1	43	28	86	15	9	45
40	75	68	3	25	60	49	30	44	73
54	26	41	2	55	28	30	85	59	3
61	21	46	69	7	83	73	24	64	49
71	86	48	12	55	24	65	19	42	57
5	83	51	45	60	86	47	11	56	25
37	87	6	7	24	10	68	41	75	60
23	8	66	82	45	12	11	65	13	6
70	79	4	81	71	74	11	26	83	63
86	75	51	8	73	2	80	9	23	59
66	89	11	45	68	39	70	4	62	67
13	32	48	35	27	17	30	5	80	10
39	8	16	9	42	79	40	19	66	82
88	89	65	26	78	84	81	16	10	33
22	77	51	64	31	9	24	17	59	58
43	4	63	68	56	52	18	48	47	37
15	87	21	3	78	61	39	13	11	75
81	56	9	73	16	47	41	65	66	61
50	85	2	52	55	75	45	53	74	77
34	90	25	5	49	66	14	23	31	4
46	51	82	79	11	52	54	29	40	16
47	46	45	55	88	8	59	18	48	19
33	14	75	11	17	1	46	34	69	90
19	8	33	68	82	61	60	42	58	47
29	55	76	71	65	19	46	3	31	22
33	57	52	35	59	90	48	73	67	55
35	43	10	13	82	4	66	46	72	3
52	31	79	35	4	84	47	57	19	83
75	30	3	65	10	22	68	21	67	53
10	25	72	11	75	55	44	89	56	15
41	12	48	67	44	6	65	42	19	34
24	63	47	23	37	44	34	88	6	81
69	83	76	85	71	48	54	77	79	1
45	26	86	75	40	88	34	82	20	85
78	58	47	10	56	7	80	4	11	76
3	6	71	69	9	11	2	56	24	90
46	18	22	27	90	72	3	10	15	26
62	50	46	33	72	54	48	37	67	82
1	12	66	25	78	62	26	80	33	5
4	89	33	24	23	11	82	42	17	3
41	40	66	63	84	43	54	52	21	90
10	2	39	50	45	16	31	20	21	17
85	49	6	87	50	52	15	60	26	71
4	42	19	11	3	27	72	21	65	10
54	70	15	60	26	3	77	57	10	23
47	62	89	46	7	35	41	14	29	40
29	28	43	39	84	87	8	82	83	88
31	62	32	51	7	76	48	83	53	87
37	4	3	29	84	28	32	81	60	10
49	79	59	16	14	88	25	11	12	67
75	12	24	27	36	22	44	1	58	89
44	37	35	73	22	54	6	80	82	24
85	33	52	63	21	46	87	55	58	57
8	25	74	53	72	2	87	4	68	73
63	25	50	35	74	69	37	47	32	46
86	5	44	8	89	42	83	67	75	14
65	36	75	24	63	51	8	26	44	37
24	19	77	76	75	23	79	85	16	29
56	7	28	39	77	63	49	26	35	9
88	9	56	39	72	54	73	27	69	47
80	24	41	15	50	74	12	65	35	83
9	72	59	20	12	64	32	38	53	60
28	47	90	1	88	64	85	4	18	26
29	28	18	90	19	7	2	86	57	78
32	22	81	78	54	37	16	88	42	60
63	25	70	74	40	39	44	33	48	68
82	41	83	8	31	62	46	44	9	29
30	57	16	42	70	22	40	29	50	82
43	67	86	62	21	57	2	65	9	32
86	41	4	21	84	72	48	79	55	33
29	35	42	83	6	49	90	87	63	82
8	87	48	13	84	45	11	44	42	60
66	82	43	52	38	61	20	55	77	72
26	73	15	66	41	18	12	9	48	19
32	89	62	6	36	20	69	45	79	31
34	81	3	14	79	17	47	26	66	10
1	73	39	28	58	47	48	65	26	11
16	48	85	34	28	88	59	86	46	45
36	27	65	50	58	9	8	24	89	80
16	24	83	7	43	63	26	47	65	82
62	48	33	87	57	67	78	80	79	20
67	40	81	9	32	69	11	79	82	89
55	39	60	30	6	24	36	61	88	5
58	75	15	54	42	62	41	66	46	63
7	37	81	65	24	21	9	8	29	36
60	78	65	14	34	67	8	79	32	3
61	45	28	76	64	73	46	6	49	53
27	21	61	43	85	62	19	58	44	20
36	70	47	69	56	19	64	75	4	30
22	4	87	56	85	41	83	19	68	71
56	29	83	71	53	16	50	25	65	70
34	47	81	12	2	24	51	78	7	63
51	61	23	80	66	84	28	60	16	36
54	82	12	79	31	80	33	23	46	38
89	6	54	82	12	13	73	63	31	7
11	30	38	73	76	85	90	77	24	32
34	76	8	27	18	62	72	17	74	68
52	82	38	73	69	50	90	41	71	63
45	87	23	49	31	7	28	66	62	10
35	31	7	18	51	17	66	2	45	52
34	62	40	67	49	12	9	11	54	44
75	56	67	68	82	26	81	52	1	30
27	33	9	38	66	2	50	3	42	7
43	20	87	41	72	29	9	86	71	48
47	37	46	55	12	25	84	57	44	53
59	7	87	64	24	1	72	41	38	81
74	6	10	37	62	81	9	71	5	19
11	31	68	8	34	38	22	6	62	35
72	43	46	15	87	68	17	11	52	33
8	17	9	82	73	10	18	35	37	88
41	75	61	72	82	56	39	23	49	53
80	25	16	27	10	12	90	70	22	17
12	64	75	83	78	56	40	27	14	22
64	90	73	66	26	52	4	78	76	57
59	55	13	1	18	3	87	76	75	29
63	32	35	64	60	61	68	2	90	71
31	85	55	81	34	38	2	79	41	24
59	39	67	29	25	28	37	56	16	52
23	47	51	62	60	12	43	89	1	5
47	67	80	54	68	23	86	32	65	53
34	75	47	39	61	45	6	66	65	63
69	41	60	74	84	87	45	7	30	61
17	39	64	85	87	2	61	21	47	70
69	8	72	40	54	83	13	66	32	81
26	63	40	81	76	30	58	60	38	82
81	43	22	67	46	9	44	70	59	73
87	69	25	7	39	10	76	2	22	81
74	23	82	37	42	90	35	46	34	70
46	71	65	45	60	49	41	85	61	28
60	44	63	48	83	67	79	9	28	53
68	14	87	34	61	86	30	89	63	37
72	79	49	14	65	34	43	90	29	63
17	52	64	53	65	73	80	72	16	69
58	37	18	64	48	16	62	54	23	79
56	40	67	32	52	72	78	59	18	6
2	83	54	25	14	20	65	31	32	52
51	43	6	39	57	4	42	60	13	61
18	67	23	45	59	3	36	26	5	22
65	34	75	35	47	17	6	63	11	21
36	73	27	40	56	75	45	20	5	79
17	6	35	84	82	22	13	88	5	12
74	41	27	43	46	72	48	37	67	54
84	31	62	32	61	19	16	68	29	55
33	51	46	28	36	75	43	5	42	74
68	9	38	20	36	60	3	84	90	7
4	39	22	58	20	77	35	14	64	18
42	38	55	34	14	33	68	4	32	90
52	84	24	63	75	88	29	35	27	58
53	85	29	17	82	24	36	42	18	52
84	23	9	26	30	67	5	15	64	43
14	71	69	42	80	65	21	3	40	88
42	13	6	57	62	1	32	39	45	79
13	80	78	21	5	62	83	30	66	47
8	69	84	43	38	79	56	86	78	55
12	59	76	8	47	84	62	71	38	23
70	21	4	46	68	57	79	31	88	34
6	46	52	68	32	2	88	58	82	38
72	41	4	35	81	16	3	44	27	68
57	43	28	35	69	79	67	22	58	83
85	71	52	29	34	26	65	72	57	18
21	38	6	62	58	37	51	2	84	72
31	27	74	87	9	49	54	23	3	39
36	62	2	53	71	19	42	16	90	63
47	62	56	8	25	83	43	87	59	61
75	80	28	52	45	15	6	88	37	84
7	42	13	82	67	57	36	39	20	14
73	16	45	84	32	78	24	83	30	28
78	84	26	7	14	82	9	46	31	18
3	68	10	85	32	57	1	14	75	62
87	15	72	64	29	86	35	70	67	90
58	44	78	25	17	34	42	81	35	87
69	24	86	10	43	18	2	41	54	7
54	10	23	61	71	9	57	89	12	18
16	25	31	53	73	11	36	87	37	62
73	64	88	12	47	49	68	11	82	52
29	12	84	43	51	39	50	64	5	65
38	69	77	46	27	35	84	6	31	62
47	54	66	15	38	67	29	78	3	61
59	45	2	63	17	23	61	48	14	83
34	18	44	70	66	16	73	12	38	57
59	81	31	3	44	40	25	10	82	5
63	16	75	38	47	27	56	45	87	46
16	67	29	85	77	44	20	33	70	46
63	52	37	85	26	45	61	79	11	32
75	24	46	53	80	82	68	20	71	67
86	7	48	11	31	56	39	29	72	21
3	72	56	87	24	35	19	17	67	4
81	13	24	67	52	11	48	5	64	75
3	31	62	45	82	76	35	67	61	74
49	27	71	16	68	8	52	90	61	19
8	56	75	14	38	71	44	25	2	58
66	85	76	23	41	16	44	78	45	18
74	45	6	33	13	68	52	18	7	48
53	43	15	6	77	23	60	54	78	21
52	60	78	13	45	8	19	1	33	89
17	27	58	37	80	70	35	76	85	45
56	15	82	44	7	50	17	65	61	12
6	73	54	26	63	14	57	46	13	61
42	65	4	75	83	24	80	60	6	31
31	43	69	83	26	23	39	56	19	48
9	62	31	74	54	49	90	38	82	39
43	17	79	38	69	70	12	60	15	86
48	1	64	76	28	37	80	47	52	67
48	59	61	73	23	67	83	29	3	63
51	32	63	4	21	81	75	47	38	45
86	48	24	65	70	47	28	30	62	60
37	72	66	43	17	77	15	54	58	44
57	69	73	36	29	77	38	62	86	33
2	18	73	41	59	84	16	74	6	39
57	43	32	83	7	48	63	35	40	64
58	82	14	74	5	90	35	61	43	20
46	2	72	24	67	74	3	69	38	18
2	63	61	81	58	6	74	37	34	87
84	69	28	42	26	27	57	61	12	73
53	78	44	70	65	11	20	50	3	80
39	21	7	83	79	54	25	78	42	1
23	34	80	64	15	87	5	48	38	10
29	35	14	84	64	67	19	38	27	82
71	52	90	47	31	83	62	32	76	42
65	4	81	35	42	23	45	52	29	84
48	21	72	56	34	60	89	45	7	67
25	83	9	36	74	66	45	65	2	87
34	27	76	53	86	1	55	33	8	19
31	56	23	47	78	43	50	8	54	4
52	88	43	36	76	60	64	29	83	53
21	82	44	39	75	50	31	49	9	71
24	3	51	74	11	49	18	38	1	69
37	82	76	61	53	49	21	69	2	88
73	7	53	26	85	47	42	29	62	2
34	84	6	46	26	79	58	81	33	15
3	37	16	8	57	67	49	15	61	90
71	2	54	59	68	4	47	45	28	13
69	55	64	1	8	46	37	67	42	89
14	36	45	37	23	57	32	43	4	27
42	23	74	22	1	90	48	81	83	35
76	83	90	13	6	8	48	14	88	15
46	6	37	74	58	32	80	29	83	17
40	7	71	59	49	77	14	4	11	18
63	21	38	58	46	72	6	28	54	62
36	78	15	62	22	57	44	68	14	43
22	76	35	14	45	32	87	60	18	9
59	5	74	24	72	22	80	54	61	75
43	30	74	58	73	23	89	38	22	87
72	87	33	86	76	71	1	54	14	40
85	70	28	68	36	82	76	77	50	67
62	55	85	3	35	31	1	18	86	66
74	87	66	3	27	79	40	59	33	90
63	12	35	58	83	39	25	79	52	10
23	49	68	16	37	89	12	19	84	56
72	3	14	24	86	19	51	83	46	84
18	28	55	73	85	46	31	66	1	26
70	33	2	21	55	84	30	74	60	15
9	65	34	87	76	70	55	16	27	10
87	24	58	71	48	4	80	21	70	22
7	36	28	73	44	1	25	54	20	40
31	64	37	87	11	62	57	39	52	80
87	56	4	13	28	48	61	50	77	30
88	82	58	66	53	9	89	33	59	26
41	26	54	90	37	52	75	29	40	64
71	55	66	33	14	49	11	3	45	54
37	46	89	82	70	39	17	41	62	42
87	23	41	34	8	83	39	9	16	36
76	8	32	22	84	82	15	72	68	41
65	17	58	69	23	51	70	18	9	72
70	64	67	8	21	52	4	15	87	66
42	59	80	21	27	14	35	72	62	9
8	82	35	57	48	75	63	2	15	26
78	46	8	28	74	86	52	35	43	56
27	83	29	28	12	63	75	49	2	47
20	58	48	71	62	64	14	3	60	85
48	35	85	42	12	9	86	18	64	46
7	63	57	64	83	42	26	79	15	80
4	78	15	77	23	37	57	60	61	40
55	13	14	53	6	61	1	15	73	78
9	34	37	82	54	74	11	56	10	21
37	55	53	45	12	26	89	20	79	42
34	61	30	22	47	43	7	41	12	15
48	83	45	64	70	57	20	88	30	77
84	60	47	35	55	79	86	54	63	61
1	12	68	52	73	84	5	22	33	57
2	54	64	16	85	39	21	37	81	56
21	82	22	61	14	84	19	63	41	30
88	72	23	45	66	59	90	38	14	69
67	13	53	18	72	46	36	2	80	55
53	40	55	67	15	17	46	61	77	28
4	36	85	15	66	84	22	30	83	44
32	50	85	6	28	21	19	71	83	88
25	36	9	14	42	55	19	2	15	34
63	4	78	79	53	39	73	49	23	13
65	74	76	46	21	79	6	35	4	64
37	13	85	72	34	90	36	19	88	3
6	44	67	16	39	63	75	15	24	52
45	41	58	61	24	67	11	69	22	53
20	54	67	65	83	89	42	36	55	90
7	29	52	78	14	87	61	16	85	37
4	35	75	86	34	31	42	9	78	25
62	22	13	8	85	45	68	10	18	90
8	66	12	77	24	80	43	56	85	9
64	67	39	85	38	26	57	74	69	17
72	55	56	52	47	87	31	88	53	16
71	22	24	19	67	55	61	58	34	69
43	73	55	21	13	81	32	87	69	31
32	75	82	50	66	21	43	14	81	36
1	65	71	26	63	48	19	68	54	5
82	39	32	69	12	88	11	79	9	59
86	42	16	4	69	39	88	6	77	10
6	35	12	89	27	57	87	52	9	77
43	6	71	65	57	67	79	30	52	78
12	71	5	23	78	90	87	72	34	7
2	34	15	72	68	14	64	18	51	6
52	48	65	81	77	73	22	32	13	20
12	30	63	46	51	72	48	64	3	83
29	7	67	52	42	45	20	36	33	65
62	38	77	15	85	18	44	69	59	55
14	65	48	4	32	45	60	57	49	74
7	75	85	33	43	27	37	63	13	29
73	48	7	15	26	19	32	75	42	56
38	15	24	66	58	60	53	18	51	30
82	62	22	75	34	33	70	61	5	31
34	80	59	7	82	23	50	11	51	27
17	68	76	55	29	59	25	47	84	1
72	77	45	51	8	89	61	52	50	22
53	44	12	17	78	18	48	32	19	84
75	8	70	73	69	7	15	85	56	19
22	83	39	3	72	36	62	64	1	89
17	21	62	89	5	87	90	46	39	60
47	31	48	72	37	34	21	24	20	36
81	48	63	68	37	9	46	32	7	30
58	87	7	66	39	89	14	60	13	22
14	88	62	56	72	15	2	19	49	60
61	18	85	32	25	13	35	4	83	80
31	86	35	28	66	6	80	26	58	44
47	15	27	85	31	81	9	70	20	40
83	28	46	3	53	72	43	30	39	69
34	22	4	17	60	88	42	33	59	44
27	48	14	81	70	41	15	45	85	8
74	34	87	48	20	80	4	17	35	62
61	40	83	72	21	1	56	28	44	16
43	9	56	70	89	79	13	85	27	57
67	6	23	82	33	43	50	81	32	72
42	74	60	28	33	61	26	82	19	24
88	1	3	26	21	6	42	44	58	71
72	81	60	38	45	26	59	82	37	44
68	53	21	75	40	30	29	77	81	52
50	4	34	42	64	85	87	89	56	33
75	41	25	63	74	35	44	55	14	78
21	46	67	36	81	64	41	5	70	31
32	45	66	72	22	68	43	21	76	53
13	66	81	23	78	32	88	73	36	67
71	45	27	59	60	65	69	1	64	79
15	18	84	63	46	6	43	32	83	24
57	34	12	25	80	26	36	13	16	89
20	26	48	4	33	41	65	39	36	6
29	82	60	82	86	81	70	31	24	61
43	82	26	23	66	22	28	2	72	86
57	73	44	25	28	58	74	31	48	13
88	52	2	42	73	87	41	61	40	54
28	90	65	79	43	40	14	37	78	41
51	89	87	30	37	39	71	66	68	90
65	84	8	42	15	54	31	68	58	12
81	53	40	59	71	54	73	43	2	11
68	7	41	84	26	13	81	16	10	72
23	84	16	63	45	28	11	34	72	90
75	45	62	59	14	40	44	38	31	61
66	4	42	14	53	34	78	21	69	82
32	13	87	67	51	40	78	88	71	79
75	65	51	26	32	24	35	64	28	56
62	7	31	42	34	65	17	36	49	4
64	33	74	81	21	88	87	89	90	71
85	83	34	26	45	33	82	24	64	46
23	37	63	7	60	42	84	72	81	71
8	52	49	21	28	18	51	24	78	63
22	74	68	83	56	34	81	42	30	19
73	27	88	22	61	37	53	29	32	60
39	4	68	85	74	27	32	61	24	51
38	34	84	12	5	45	90	60	61	29
56	9	42	63	70	29	54	46	27	79
51	82	65	77	20	49	32	18	29	72
76	3	47	24	51	39	13	18	59	82
61	85	45	25	10	49	70	47	72	29
23	84	54	8	49	28	21	31	18	39
27	3	47	71	39	65	44	52	18	20
90	72	30	25	64	8	29	15	32	58
1	34	70	63	15	14	65	20	81	24
73	71	48	34	64	83	40	41	33	62
10	75	45	81	56	70	88	66	29	14
53	68	27	39	43	44	64	21	3	38
79	65	84	27	29	33	80	30	55	83
14	61	25	82	36	77	20	83	26	80
5	53	68	85	21	12	67	15	88	39
41	25	32	6	58	16	21	84	14	64
81	76	5	65	11	62	12	36	34	55
5	32	74	90	67	63	16	21	28	81
69	8	33	26	82	31	89	75	23	51
58	66	4	39	80	71	2	36	22	24
51	62	47	30	25	49	87	29	34	18
74	70	85	61	9	64	21	1	87	34
22	20	80	74	45	89	62	13	49	28
62	65	46	27	86	89	28	84	24	3
50	37	43	86	26	18	24	51	39	64
23	44	15	86	35	12	61	13	22	25
46	75	62	8	50	61	54	89	34	26
48	51	63	4	21	1	26	83	39	34
56	44	27	60	48	42	89	34	19	24
83	18	67	53	8	51	69	65	29	30
84	23	57	83	6	50	65	42	79	31
43	68	83	15	73	80	27	31	61	17
89	68	21	35	4	9	39	81	74	32
80	69	28	57	42	76	29	15	23	90
3	80	49	17	73	5	76	20	14	90
32	70	64	85	6	83	49	47	27	2
22	79	89	46	37	49	15	29	39	80
65	1	74	42	7	24	18	31	37	29
57	14	26	79	66	12	39	82	18	59
14	62	6	39	23	29	82	38	17	20
4	63	31	76	47	13	44	20	38	71
25	41	9	67	35	30	2	39	58	17
78	73	24	46	83	56	29	13	30	1
40	59	23	76	62	29	89	84	75	45
52	45	51	7	72	38	42	64	59	79
30	25	7	48	57	13	28	41	32	82
33	84	75	58	69	90	27	38	42	50
25	30	83	54	46	76	20	32	44	81
52	3	41	67	71	7	49	24	55	77
13	5	86	56	43	48	29	32	18	24
34	70	83	54	66	12	39	72	59	80
53	40	25	34	11	10	39	61	28	81
67	74	80	42	59	13	62	51	39	81
42	89	66	46	18	36	25	40	83	54
83	33	57	4	70	36	59	38	14	89
41	74	27	54	66	81	29	33	72	39
58	87	15	46	33	49	82	43	21	14
81	61	8	65	53	69	33	9	57	29
67	4	49	58	21	72	38	62	13	82
54	63	35	29	73	87	49	47	22	11
45	82	57	31	20	39	74	51	25	12
87	8	41	45	34	20	33	60	82	21
75	56	2	36	88	29	32	46	33	14
31	46	15	59	7	82	25	34	18	60
23	18	5	51	72	41	70	69	38	82
2	85	75	71	39	73	50	29	34	52
15	12	52	33	64	48	28	61	54	26
17	87	37	1	66	50	58	20	41	39
12	68	71	58	30	84	19	24	61	37
7	78	25	61	57	42	80	68	54	29
55	23	13	72	89	18	64	2	39	79
27	75	73	70	74	43	28	69	18	24
5	67	26	59	74	43	12	34	55	90
22	25	17	38	46	79	12	69	84	27
41	80	83	36	68	20	62	15	57	72
40	7	80	22	38	72	89	28	30	76
61	9	43	48	86	25	77	85	40	39
22	75	78	21	81	86	32	43	66	49
18	26	52	30	49	76	69	56	9	64
63	71	27	6	55	10	41	79	32	81
89	43	38	14	51	21	76	87	79	36
8	68	74	38	55	37	1	12	60	90
7	13	26	53	46	59	76	84	31	65
86	6	81	82	58	39	66	73	38	89
66	9	71	30	78	82	70	37	29	13
48	49	82	18	43	65	38	26	16	69
15	4	46	36	79	70	84	56	17	35
72	35	46	28	60	49	50	36	26	10
35	63	79	29	40	89	28	13	30	33
70	4	45	68	15	31	26	35	84	62
74	81	64	51	3	14	26	82	43	69
71	43	89	15	23	83	49	18	47	85
43	60	82	37	56	13	86	18	49	36
23	42	30	67	59	29	62	79	52	10
3	73	63	55	7	29	64	18	37	2
13	71	6	49	58	11	29	33	18	67
48	60	86	74	51	16	28	62	39	24
86	29	43	52	75	67	2	35	10	7
47	72	36	66	80	59	30	26	56	29
1	74	69	35	88	45	90	63	75	49
49	33	85	54	72	90	65	14	43	8
8	61	41	79	57	72	88	18	36	48
14	17	88	34	67	27	49	82	60	39
37	38	51	62	87	79	39	45	70	71
55	29	32	66	6	65	50	82	9	74
61	48	70	30	8	28	50	65	74	66
5	68	53	77	41	79	44	63	40	51
80	33	25	12	9	42	48	86	64	34
15	78	9	81	31	12	63	64	48	68
89	35	52	7	15	40	44	23	47	60
74	5	36	87	69	78	81	44	68	24
16	52	74	86	39	63	83	6	9	48
42	67	51	36	79	78	24	56	18	59
27	70	45	81	69	75	44	26	59	17
61	23	83	75	41	54	79	27	90	38
42	57	59	71	69	23	76	77	89	43
64	60	13	3	53	41	40	86	66	57
6	56	89	49	25	16	36	32	62	22
53	78	81	67	27	33	36	42	85	43
84	14	71	69	29	49	64	32	19	80
60	23	37	56	12	34	29	44	62	48
37	58	16	4	64	27	48	45	66	23
84	4	45	73	65	28	42	59	55	50
9	36	71	24	48	59	62	34	17	54
62	77	78	36	49	41	80	29	46	18
3	54	79	15	21	61	58	33	72	45
28	75	49	86	52	68	6	37	30	17
34	18	3	55	68	58	20	24	82	49
42	51	89	8	70	26	44	53	88	16
75	23	24	7	62	9	73	16	63	88
26	3	79	47	12	81	72	75	40	61
40	21	51	38	62	73	71	48	52	50
46	36	27	66	51	88	23	28	90	41
84	36	54	12	60	83	19	90	62	14
30	35	31	62	24	81	45	64	77	69
71	2	18	40	35	22	72	34	42	10
60	71	53	31	7	34	69	42	58	90
83	42	40	48	65	78	26	18	51	47
71	9	87	28	52	24	64	60	40	20
82	68	56	30	21	40	51	63	19	22
86	61	64	59	5	74	51	32	80	21
13	42	30	74	56	57	50	76	73	24
25	68	57	41	8	71	31	54	32	49
41	43	18	60	74	70	44	24	66	89
48	28	22	72	15	47	32	68	49	78
69	7	56	74	40	45	32	18	63	31
45	68	74	6	83	38	42	30	47	62
63	83	34	55	75	14	69	81	24	51
72	1	38	22	65	23	42	56	31	45
67	51	60	79	87	86	14	47	73	62
58	9	87	41	64	21	77	59	63	74
74	80	25	48	58	68	35	41	39	22
70	25	43	68	84	27	26	10	18	58
58	52	14	79	69	34	83	75	22	37
30	37	38	53	67	56	61	85	47	59
4	82	25	60	36	47	58	24	32	78
46	69	33	57	8	34	9	27	87	67
83	17	36	9	51	66	28	23	31	60
67	52	42	89	16	43	37	32	20	22
37	13	65	86	75	42	68	47	26	39
35	32	36	41	59	82	15	9	17	88
75	79	22	46	32	80	59	67	89	30
84	37	8	72	18	46	15	58	78	42
12	43	4	75	80	76	62	68	25	86
81	42	39	22	6	49	29	48	86	79
80	84	43	65	71	54	24	56	33	40
83	40	43	59	8	49	12	37	20	25
2	78	49	64	51	69	28	63	81	25
80	79	61	25	42	49	62	24	64	23
6	82	56	9	41	54	62	28	64	10
7	68	13	87	71	59	60	30	20	76
89	29	83	24	46	40	58	84	65	75
25	81	35	82	4	38	64	14	20	85
44	67	71	85	3	50	8	64	4	65
23	18	70	55	2	53	68	40	64	88
9	3	81	73	62	42	54	56	80	59
66	34	74	88	50	83	54	76	35	38
61	6	49	86	58	68	21	55	47	62
65	62	66	33	8	79	21	45	30	25
25	27	29	64	85	65	43	63	48	21
21	38	3	77	53	79	84	62	52	72
42	33	73	55	62	58	23	78	45	69
89	65	17	32	54	21	74	55	45	37
61	77	43	26	89	52	55	71	21	57
23	1	41	33	54	84	34	73	63	10
6	62	31	67	64	18	32	8	57	22
30	48	61	23	9	60	67	50	52	37
90	6	18	37	65	23	73	69	83	15
40	64	13	88	59	80	73	63	46	39
5	42	78	51	72	59	80	70	45	37
48	16	89	72	65	84	20	88	50	25
71	33	89	20	46	27	87	21	17	57
3	71	25	15	64	33	55	50	66	38
13	53	85	78	69	12	28	15	89	70
28	60	85	78	39	80	89	55	73	71
22	46	80	31	62	12	69	7	40	47
54	68	52	88	78	8	35	22	13	62
6	30	88	41	73	24	13	25	78	40
8	79	38	17	55	88	43	28	66	75
59	36	42	68	4	53	57	89	50	23
17	21	39	53	4	72	61	80	54	37
74	75	18	8	46	17	14	63	76	89
67	66	77	90	52	53	50	20	18	58
90	41	82	70	39	62	66	69	36	45
10	38	32	71	41	24	35	44	52	72
40	72	83	5	33	41	7	13	56	59
31	85	63	30	46	12	28	24	78	68
3	29	47	16	83	27	80	50	63	24
29	50	61	8	34	37	83	77	58	67
33	66	78	43	16	36	67	77	13	44
57	55	88	47	31	8	87	38	49	61
26	70	76	41	34	25	79	68	30	51
4	86	59	70	18	80	60	14	20	24
79	73	18	60	51	31	83	70	72	24
40	11	82	61	21	64	22	73	76	47
28	34	33	68	58	57	65	84	45	78
26	24	21	34	77	87	85	45	22	66
36	32	51	72	2	85	63	57	74	27
72	45	82	55	34	46	78	63	38	89
69	54	21	39	2	26	82	46	65	9
41	3	29	66	58	51	83	21	32	36
12	41	80	23	33	63	24	71	53	60
7	85	83	69	48	53	62	40	50	39
55	54	71	62	37	72	35	44	69	42
64	1	65	85	31	53	27	17	78	23
27	56	89	63	77	37	28	87	88	45
51	33	20	87	9	18	76	66	85	73
13	75	82	1	56	88	60	45	76	29
6	40	18	24	50	29	68	43	33	89
71	8	27	58	84	49	65	73	65	75
18	69	60	11	33	53	43	61	71	73
43	62	44	82	12	60	84	73	22	14
16	18	35	6	78	61	15	77	70	58
22	30	65	59	77	87	44	27	66	80
16	77	24	8	23	26	39	63	51	21
37	59	36	40	81	29	62	53	47	16
35	25	18	11	78	71	29	61	85	62
83	89	15	60	61	75	47	45	69	37
87	8	40	66	52	58	16	70	62	73
90	52	58	45	38	17	88	28	13	64
62	89	51	38	4	17	36	25	83	41
32	86	60	35	7	45	29	31	26	68
62	21	9	45	80	40	63	15	34	64
5	53	74	70	38	52	68	31	55	34
30	70	59	6	16	49	54	31	27	19
53	69	4	88	23	47	65	82	15	31
37	8	65	3	19	41	23	68	10	31
14	84	82	56	71	74	68	57	90	49
78	58	10	35	59	14	53	70	13	60
42	19	13	84	7	35	16	31	85	73
22	50	72	75	66	64	69	65	17	38
7	33	37	18	55	45	57	30	16	65
4	76	2	37	55	29	51	30	41	11
85	82	9	55	63	32	70	88	20	25
59	42	43	20	66	71	63	80	13	18
30	8	51	29	64	44	69	53	31	24
57	86	29	27	4	23	35	58	69	73
32	18	84	67	51	77	56	47	16	83
14	49	6	35	82	39	22	32	51	20
65	77	2	49	12	82	61	34	40	17
9	83	67	73	53	70	32	40	15	69
25	41	61	47	9	22	78	11	80	67
23	62	55	81	74	48	36	17	21	41
16	33	32	62	8	28	70	88	66	53
27	57	24	80	69	78	42	10	36	25
58	82	64	39	42	26	57	63	38	66
30	87	24	35	5	43	31	51	26	82
45	24	2	51	33	70	22	56	79	32
77	5	74	89	36	70	31	43	21	25
29	83	90	56	47	30	44	58	67	34
7	83	51	48	31	62	85	86	29	32
72	33	4	25	67	21	43	57	78	36
30	87	26	58	77	64	43	23	46	88
52	31	78	46	85	23	42	86	27	69
87	86	34	73	2	66	49	33	68	22
1	85	56	35	72	64	59	33	42	68
67	80	88	28	59	41	48	58	65	46
31	79	43	80	53	64	29	41	21	40
27	70	47	39	10	42	68	19	22	31
11	28	86	84	33	59	21	43	68	13
5	64	49	56	85	67	66	47	12	28
71	30	41	80	52	28	12	83	59	16
9	88	56	42	36	15	89	72	29	55
30	74	24	2	17	43	77	54	78	6
9	40	51	60	86	53	29	64	20	43
52	41	64	47	39	24	56	32	48	11
45	4	49	57	68	36	46	64	59	75
45	48	23	61	34	38	41	51	39	78
24	40	80	53	67	22	9	83	58	34
73	58	23	67	86	42	31	78	24	74
86	55	44	37	28	68	6	13	78	89
4	74	79	20	81	86	24	25	50	70
8	44	47	69	52	33	61	57	28	36
65	86	31	1	72	90	58	38	55	34
55	32	15	81	69	54	28	20	70	76
26	4	53	12	72	55	52	82	40	87
34	2	38	8	53	42	63	14	26	68
62	76	4	60	36	64	6	58	87	47
12	6	39	68	71	83	75	64	28	89
27	18	67	6	59	74	39	4	37	43
76	30	71	88	52	46	10	14	20	18
22	50	82	66	31	32	47	29	54	85
29	65	38	3	47	75	24	84	36	59
13	82	85	6	75	70	37	54	29	8
69	4	81	73	32	58	57	51	89	16
43	53	49	22	15	68	38	29	77	84
56	5	38	77	46	45	26	78	32	28
3	63	8	24	75	86	26	49	30	17
15	49	75	32	83	79	76	54	39	48
80	86	48	27	37	16	57	1	64	87
21	51	44	80	9	62	89	63	42	23
8	85	23	38	14	64	18	51	75	72
9	16	47	87	50	77	65	66	80	82
2	48	14	81	38	75	67	16	24	74
2	12	19	32	85	64	38	45	37	13
43	74	3	21	11	44	15	90	58	29
11	41	45	81	77	84	87	38	13	58
88	24	56	6	67	78	45	18	34	80
21	25	7	36	88	73	48	30	17	42
80	34	85	62	57	66	77	29	71	21
23	57	21	40	78	80	69	27	25	56
1	80	54	39	77	22	30	55	59	33
15	4	42	74	33	39	64	55	83	67
25	59	73	86	44	39	24	52	76	60
74	17	54	20	68	69	28	19	36	82
35	74	65	57	87	59	24	71	33	61
49	75	61	7	81	12	69	27	89	28
25	7	60	28	59	89	66	21	33	64
28	41	45	37	3	62	80	88	18	30
8	78	79	37	20	75	11	16	65	48
80	13	73	24	51	39	25	45	88	26
73	59	8	38	22	48	39	40	62	70
8	57	34	61	76	14	24	22	32	18
72	36	71	50	49	14	29	60	15	53
32	28	79	5	86	22	2	12	90	58
21	53	61	38	6	39	90	66	78	32
37	80	25	44	2	28	71	22	15	53
6	47	30	27	79	53	77	36	58	32
13	21	56	81	3	44	63	86	19	90
8	46	67	85	32	19	24	63	81	53
52	79	80	33	45	54	28	41	88	62
63	85	40	27	11	33	56	78	24	66
81	7	63	28	23	44	19	20	14	10
30	58	9	74	46	67	64	44	13	90
6	26	29	52	84	70	81	24	65	20
22	61	23	6	84	26	58	74	44	1
26	22	80	68	38	71	74	36	54	29
85	42	5	33	77	13	87	50	66	21
7	89	34	28	73	75	44	49	64	32
3	61	77	22	52	29	89	63	84	34
82	23	3	79	40	55	65	51	20	18
46	1	27	60	12	18	34	88	66	20
17	52	4	68	36	80	44	21	8	30
87	39	63	50	73	65	24	36	83	77
68	6	89	27	59	82	33	49	79	23
57	34	71	41	9	80	43	62	39	89
2	42	62	78	13	52	55	65	57	27
43	56	77	18	2	63	44	80	15	69
4	52	39	31	57	88	44	70	50	87
14	24	6	39	82	47	55	67	89	90
74	9	35	17	66	30	37	42	10	36
86	15	83	30	24	26	45	77	64	39
30	56	38	22	1	63	42	14	29	84
30	56	47	59	23	68	70	71	33	38
80	62	28	1	34	44	19	25	55	70
84	14	2	37	58	88	3	90	29	45
73	14	9	56	66	55	18	63	87	86
79	45	14	61	4	75	76	29	49	33
86	9	6	71	46	36	41	52	21	66
29	54	56	44	5	88	43	13	69	72
78	4	63	57	81	24	32	86	75	49
9	14	74	62	83	59	70	73	57	20
36	77	85	3	61	37	81	74	35	42
70	3	35	17	90	27	47	15	28	39
52	77	59	6	88	13	21	79	44	32
43	1	47	75	83	13	67	49	88	51
38	56	42	8	76	10	20	30	48	11
7	38	44	68	28	16	87	30	75	73
63	7	43	33	87	29	54	38	40	64
89	15	37	39	30	56	59	17	61	75
23	57	78	73	44	88	62	45	80	90
35	84	15	57	43	56	41	87	70	66
52	3	26	88	46	35	54	89	21	66
42	63	53	70	16	62	77	75	17	43
14	35	57	45	81	28	74	62	89	30
6	87	74	11	21	41	64	59	28	16
31	74	5	90	27	86	83	37	22	29
8	76	34	36	55	83	73	49	23	81
14	71	32	86	61	80	40	15	57	63
23	45	62	7	18	17	82	75	68	51
63	71	9	34	21	40	50	52	68	42
23	25	69	90	6	73	79	88	16	18
67	34	59	27	1	18	51	74	24	68
39	40	42	12	75	62	65	47	17	34
4	16	43	27	52	29	82	41	70	34
75	73	70	54	88	9	11	24	66	78
87	66	13	68	42	79	27	37	46	70
64	7	67	14	39	17	84	79	28	38
67	15	20	34	56	88	86	73	47	22
61	57	4	27	83	29	80	40	62	76
82	24	89	53	11	80	25	30	46	29
72	87	5	54	25	57	42	16	33	82
59	69	11	3	46	72	49	78	9	22
41	18	54	70	29	13	69	89	87	26
31	56	58	46	71	43	32	76	30	60
62	66	81	28	55	42	57	25	84	34
4	60	65	33	58	35	62	75	34	42
57	3	79	85	64	12	33	45	31	84
75	22	70	4	59	64	27	51	42	81
5	4	14	71	24	26	18	36	76	38
8	34	45	63	75	84	37	18	77	50
33	46	65	28	75	41	78	47	22	58
66	72	37	74	56	54	68	26	41	20
59	25	46	30	87	12	16	88	62	77
7	22	42	68	36	44	80	13	39	27
28	21	33	72	53	44	30	61	52	54
61	56	81	1	75	3	76	68	54	62
45	73	32	24	9	80	89	87	35	63
85	60	47	1	79	23	83	73	59	16
80	74	4	18	28	51	6	71	39	24
25	72	63	68	44	23	49	50	69	37
35	61	4	27	56	51	49	62	81	22
9	61	86	28	72	52	56	70	39	57
81	64	2	37	40	29	44	65	32	14
70	13	75	38	63	59	69	30	49	78
6	71	25	83	57	21	61	66	89	90
34	27	42	16	1	47	39	60	18	51
58	41	33	8	86	72	63	26	60	43
66	8	60	52	47	29	12	38	84	85
59	14	70	60	37	65	55	18	78	79
31	12	10	86	4	44	70	19	51	18
82	59	31	6	84	78	43	16	35	80
7	66	48	43	11	74	22	2	62	44
90	63	31	75	22	45	69	39	82	83
6	52	43	50	87	25	53	67	55	64
38	50	8	25	84	51	57	33	89	65
58	29	16	83	66	49	42	11	25	45
43	31	7	59	64	67	47	18	12	82
36	56	23	12	45	69	43	55	24	35
1	82	53	46	74	86	55	59	24	6
42	73	4	27	10	39	69	83	53	62
53	42	52	76	5	43	59	32	74	77
74	43	36	55	28	32	65	49	29	15
68	3	62	10	42	39	2	88	59	37
6	68	25	16	39	55	41	84	31	67
30	57	43	21	82	39	88	79	76	63
1	47	4	83	79	34	71	35	23	13
46	85	82	30	8	60	35	48	39	29
48	70	67	52	20	82	32	57	36	30
72	26	34	12	48	56	85	68	11	88
68	33	80	76	40	63	20	57	56	37
8	37	26	77	83	56	19	39	41	66
75	44	4	15	24	51	61	36	65	90
14	23	87	51	8	10	25	89	63	65
78	18	4	44	85	56	55	49	59	32
53	51	26	5	41	28	16	87	18	30
8	7	19	3	26	86	42	61	72	39
2	13	21	54	56	77	11	53	69	50
82	60	77	13	46	33	69	34	80	88
71	45	51	77	6	38	19	32	13	55
88	25	57	48	2	78	27	67	71	65
51	13	9	24	32	52	87	67	79	88
35	71	63	41	1	83	69	15	29	30
67	15	5	42	23	53	68	55	80	83
60	32	31	45	2	10	14	50	73	47
2	42	84	36	71	64	31	52	38	24
37	43	35	15	80	79	70	39	25	76
7	55	58	8	41	23	35	49	83	33
2	31	82	58	45	46	23	52	20	12
5	62	40	36	78	43	32	38	57	39
67	1	40	68	3	30	87	14	58	16
81	29	80	30	58	64	83	74	33	14
2	54	79	30	23	77	33	73	11	18
83	58	55	41	72	84	53	45	6	66
25	64	10	67	41	75	90	44	32	48
62	17	42	56	6	58	22	73	80	90
61	84	32	4	50	43	29	39	70	13
85	7	13	25	46	49	64	45	32	11
12	9	43	73	27	82	15	56	29	88
5	24	73	68	43	48	57	36	27	38
38	60	2	77	56	68	82	17	40	31
10	24	33	80	52	30	61	9	87	21
17	34	54	60	1	69	55	90	74	24
59	58	15	31	75	49	44	33	6	10
56	25	78	1	82	11	33	76	75	28
71	53	7	38	27	67	74	63	51	88
55	3	73	89	45	58	36	27	78	29
12	23	62	46	56	66	49	68	72	79
50	69	64	3	16	45	80	82	62	19
22	4	37	62	46	88	83	42	13	29
9	26	80	34	15	21	63	75	6	61
15	67	71	4	89	24	74	69	58	68
14	71	45	35	88	65	47	25	50	54
16	72	53	4	22	61	69	67	32	66
46	89	2	14	27	39	80	4	49	67
53	21	90	41	38	66	44	33	17	59
89	15	6	36	55	75	66	37	17	34
89	73	21	39	52	42	45	16	58	35
61	27	79	30	43	80	25	59	76	45
84	7	78	21	10	28	42	86	39	13
89	56	18	5	33	87	45	75	44	20
25	60	32	71	83	89	73	77	42	28
37	26	88	4	10	34	69	64	60	31
64	36	15	78	20	45	42	5	26	48
8	23	55	71	78	17	87	37	62	40
16	41	85	68	31	22	29	17	38	42
44	16	74	6	50	87	27	24	68	55
41	87	45	36	13	46	69	77	73	55
13	37	53	74	68	64	55	67	32	46
37	50	72	80	62	46	55	89	73	58
69	18	85	48	25	5	39	47	63	73
89	31	3	26	41	63	73	81	74	77
85	61	30	52	48	57	60	45	31	49
65	67	61	8	36	88	16	21	29	37
51	60	23	73	81	67	87	34	58	56
27	65	8	70	41	60	26	83	37	35
26	82	44	77	5	53	68	49	37	60
56	9	67	18	42	29	21	45	43	14
85	18	39	1	44	68	83	65	49	40
57	15	79	2	42	84	86	9	49	64
81	53	28	60	5	70	68	25	12	76
80	33	42	59	26	5	24	38	8	20
69	87	31	51	2	53	55	17	37	26
55	44	23	78	8	27	11	52	70	79
67	9	20	31	48	29	41	49	78	85
57	47	6	89	71	85	9	88	79	31
71	3	25	52	83	65	64	57	59	29
15	56	21	1	48	24	45	6	71	28
9	66	74	58	20	54	23	24	17	36
7	63	45	79	86	33	31	72	23	90
29	78	50	80	33	66	49	88	77	11
42	46	1	76	80	60	54	18	68	51
81	33	40	53	79	30	12	90	51	42
48	2	71	66	19	46	82	27	89	78
61	6	32	46	73	44	51	70	30	20
48	49	52	26	35	87	86	17	44	58
78	5	25	44	86	63	37	27	21	39
8	1	85	41	15	12	64	36	79	88
77	34	54	3	13	67	85	39	89	44
25	29	68	88	73	34	39	13	61	56
59	41	73	67	80	12	21	46	31	20
67	82	78	5	16	88	77	68	49	43
37	64	8	11	79	50	76	59	17	88
24	33	45	2	79	47	55	67	34	89
50	83	27	70	16	62	71	34	76	89
33	47	29	80	70	40	88	59	17	57
62	86	5	35	19	80	76	18	41	29
6	57	70	19	46	67	84	41	88	86
66	47	15	29	72	78	69	43	75	61
28	51	76	1	80	24	71	72	22	16
76	60	41	28	50	37	67	86	17	34
9	61	21	45	76	41	44	68	40	33
3	69	57	88	36	62	79	81	45	84
26	8	19	37	52	47	83	22	29	68
24	11	50	77	81	71	88	53	44	39
59	52	61	74	84	44	72	11	89	79
75	43	81	79	33	58	7	17	27	90
88	9	87	77	48	63	29	49	80	32
18	30	79	55	6	37	35	14	43	78
33	35	21	84	59	31	76	83	22	20
40	61	86	78	9	63	81	79	71	33
1	17	88	54	74	29	66	53	89	34
17	24	45	77	55	49	83	84	29	11
60	28	31	1	79	88	53	43	52	17
59	82	87	71	25	64	29	49	72	65
4	48	72	17	20	87	45	31	81	76
51	54	42	33	11	47	71	53	23	38
23	3	36	53	73	16	30	25	33	38
12	67	40	33	8	23	57	65	24	34
17	65	29	5	70	6	2	88	34	35
74	33	86	43	28	3	24	84	39	65
24	50	76	87	41	66	45	61	75	33
22	51	58	19	73	78	12	66	83	56
31	17	84	68	27	78	12	15	57	19
69	35	74	21	52	23	59	51	67	7
60	18	11	27	37	21	30	26	49	22
52	56	88	1	41	60	27	18	59	33
53	25	46	7	66	56	41	43	31	17
46	43	12	24	71	16	19	18	26	82
57	85	36	20	11	23	49	82	7	39
70	37	45	52	11	47	55	56	31	23
3	78	82	13	51	60	20	23	12	37
66	35	9	1	13	49	89	50	73	30
74	57	11	28	6	9	19	5	15	27
39	73	7	44	13	74	11	54	64	34
22	52	79	80	45	17	88	55	84	67
42	27	82	64	35	62	65	50	18	89
8	21	46	70	83	65	47	36	62	55
81	30	26	47	54	53	48	11	22	33
25	14	39	68	43	49	32	70	65	22
13	78	59	38	29	26	22	63	2	69
45	36	19	68	70	83	26	9	7	88
8	37	39	23	16	4	87	53	20	42
17	65	83	70	90	51	12	29	25	63
47	66	63	37	3	46	32	43	25	19
17	48	61	88	32	46	51	44	68	8
21	54	49	40	75	25	41	72	66	85
57	89	42	68	26	33	16	35	88	30
12	26	3	56	40	71	86	9	65	63
18	60	46	34	52	71	63	32	28	51
77	45	70	51	13	76	12	57	33	80
54	12	15	37	40	81	2	73	33	8
21	72	62	52	44	78	53	67	84	17
60	11	23	83	34	66	8	62	18	73
21	15	63	77	9	69	36	5	37	30
81	74	1	56	46	28	3	25	13	34
81	74	1	56	46	28	3	25	13	34
71	36	11	28	50	65	9	61	60	67
53	11	83	77	30	39	79	59	17	18
13	28	48	54	30	79	59	82	6	56
46	73	23	34	4	45	17	47	57	60
3	23	54	12	70	63	52	58	49	81
37	31	78	67	15	76	38	35	79	59
33	90	71	53	41	54	9	29	39	26
45	2	37	56	80	50	57	86	67	34
18	52	6	67	32	47	37	69	87	60
16	39	73	53	4	6	56	8	55	12
24	1	83	16	40	80	60	18	62	2
14	82	30	42	50	79	38	34	68	6
87	33	29	16	76	73	21	40	49	46
30	2	79	65	90	72	75	60	40	89
56	53	25	90	17	16	87	28	85	21
35	13	40	72	29	68	2	75	78	39
83	32	89	71	29	64	14	4	78	26
14	35	3	11	74	56	38	70	43	50
84	60	77	49	51	73	47	80	56	66
73	60	42	61	88	35	85	68	12	63
76	72	78	69	80	60	75	36	88	62
5	46	63	81	21	76	47	60	45	27
40	73	26	2	10	22	49	65	75	30
36	67	12	1	44	59	8	75	71	11
73	13	78	43	1	17	62	45	18	80
47	78	80	66	54	48	24	28	62	13
21	56	42	1	88	40	32	12	62	73
67	10	52	36	22	11	56	15	6	58
14	42	38	62	58	36	82	47	54	25
9	56	37	60	74	29	81	30	25	77
6	80	67	28	16	32	59	39	70	46
89	55	7	72	48	5	27	38	35	24
71	52	76	39	66	25	6	37	79	30
44	32	84	65	21	90	11	48	83	77
43	54	82	60	27	58	35	17	26	64
39	52	22	42	15	40	34	11	87	30
2	29	56	89	12	20	37	44	57	21
64	21	9	76	40	27	77	54	18	90
30	48	63	21	80	66	84	36	18	40