37	63	50	61	7	42	62	67	70	38
52	56	22	14	38	36	51	78	76	4
69	20	9	46	12	31	55	22	11	42
53	57	37	2	83	26	47	51	19	79
5	23	78	59	28	81	76	31	17	68
36	5	83	65	49	28	61	41	48	70
57	38	13	79	90	51	33	40	45	23
19	36	13	58	20	12	85	60	33	78
84	53	59	49	17	45	44	23	39	33
38	24	53	21	8	49	67	71	28	61
23	6	61	66	71	79	69	49	39	70
32	25	69	1	14	11	18	43	81	80
21	50	24	72	31	45	29	30	64	60
25	64	32	9	68	30	23	29	85	78
38	67	40	43	58	64	56	88	26	24
31	73	62	65	68	20	13	76	5	70
34	13	9	41	46	40	72	4	59	17
13	61	53	52	90	58	80	89	56	10
54	49	63	56	36	81	45	22	18	7
50	62	17	81	29	67	6	10	71	7
15	65	58	82	14	61	13	45	20	81
48	49	34	15	42	86	36	16	37	88
50	37	32	48	12	31	33	18	58	59
47	21	9	10	26	76	72	83	29	49
84	49	35	83	53	89	2	34	65	36
60	12	55	4	10	41	20	68	62	80
5	28	45	42	82	4	15	18	47	1
49	52	88	36	62	41	18	84	57	21
52	39	3	77	53	59	87	5	28	80
63	65	10	50	75	73	1	88	84	57
46	21	9	90	72	30	43	79	14	38
54	15	7	72	37	8	79	48	77	30
44	60	17	55	81	76	45	82	87	5
65	32	38	10	13	53	56	24	57	44
27	63	3	13	70	47	89	68	41	65
38	73	7	66	18	70	86	23	82	40
38	14	88	78	36	43	39	6	30	20
58	33	7	82	30	47	34	10	80	68
62	23	43	45	7	60	78	22	79	24
31	75	90	67	72	17	18	63	23	64
23	55	90	22	60	72	45	29	6	32
34	44	14	6	9	51	87	38	3	8
17	55	25	52	46	38	48	20	1	88
40	31	86	21	11	27	70	28	17	59
53	34	7	14	69	18	21	48	82	20
35	8	52	25	55	17	54	27	31	63
54	48	46	66	13	78	76	80	7	11
25	67	21	16	37	69	23	78	1	46
15	35	21	48	37	25	13	73	17	52
46	45	63	74	88	18	65	36	82	38
16	26	66	50	71	51	32	59	61	8
17	64	82	13	75	14	78	43	32	59
54	66	60	46	21	35	33	18	57	6
31	36	54	72	70	53	79	76	60	14
65	17	51	60	22	36	45	32	55	10
29	24	46	86	70	54	72	31	59	16
55	83	38	36	51	18	87	60	67	41
35	12	61	8	10	81	66	5	69	39
50	12	43	59	81	42	2	19	47	49
34	6	9	82	49	4	60	11	13	16
34	32	15	65	1	40	8	20	28	27
36	63	68	69	39	34	6	52	85	62
44	63	10	58	6	4	89	34	29	49
67	61	68	20	1	12	18	55	24	30
16	58	10	46	9	56	36	26	33	22
75	28	83	26	87	33	7	3	13	62
68	78	44	63	3	84	57	52	11	66
25	69	48	59	21	9	35	55	30	22
55	48	32	57	42	59	11	38	64	37
37	6	69	47	73	72	30	17	9	27
75	83	77	86	8	73	85	89	90	17
46	6	67	42	90	84	74	64	73	23
48	13	35	67	24	34	29	15	27	77
46	10	77	78	87	16	60	1	57	39
14	5	26	34	11	10	52	90	59	9
53	64	61	73	88	4	24	33	87	68
40	31	61	89	84	74	29	82	54	41
47	4	26	34	29	64	63	10	1	27
43	55	62	3	42	33	24	8	10	67
5	51	40	74	78	58	83	53	55	36
6	25	62	1	81	19	45	41	12	35
36	31	69	73	24	51	49	71	11	90
46	5	67	38	13	27	2	65	41	63
44	23	18	20	85	13	61	74	39	83
45	76	61	50	86	51	62	48	10	11
53	10	82	60	76	66	33	47	75	89
44	6	65	72	73	78	20	8	53	12
64	72	66	54	90	8	65	1	27	58
74	85	40	7	48	32	13	9	42	75
69	46	8	44	45	29	62	18	58	71
54	65	64	6	56	21	44	18	81	35
36	2	8	5	47	28	79	15	88	82
65	50	45	10	83	34	19	76	53	46
5	30	45	35	6	24	7	23	83	44
64	36	83	26	43	60	77	37	6	35
22	82	41	61	52	21	9	56	19	87
21	41	63	28	84	14	81	80	77	3
14	20	15	6	58	63	17	71	90	42
53	52	7	16	87	37	32	47	1	27
54	30	81	64	2	53	1	56	48	6
47	2	54	42	49	4	6	89	20	22
51	14	30	82	44	29	32	25	57	77
26	49	38	25	16	35	84	74	37	39
24	19	14	2	74	12	59	32	58	3
45	16	78	73	33	1	71	11	13	59
47	60	27	68	50	5	66	23	74	6
71	81	64	37	29	57	56	11	53	30
45	66	54	27	86	64	84	10	67	2
42	52	53	83	69	21	45	13	32	19
1	53	17	71	64	45	42	19	84	18
25	83	72	36	45	56	8	31	79	20
14	51	39	30	82	48	65	63	78	60
43	58	56	11	54	78	35	47	69	1
54	25	65	63	41	20	71	81	55	58
39	54	87	71	43	83	1	26	37	22
15	65	7	85	38	39	53	57	5	30
70	54	75	4	61	55	84	11	25	23
42	69	1	36	45	50	71	58	32	88
15	52	54	80	35	50	43	87	86	21
83	8	5	7	57	73	48	46	45	17
67	32	78	87	51	26	52	45	1	82
46	28	63	38	65	50	17	73	35	60
56	27	15	1	33	73	60	62	17	47
70	63	61	57	71	80	77	72	59	86
58	55	10	82	22	9	83	27	69	33
82	25	40	12	41	89	59	79	10	62
45	84	77	35	59	10	74	9	37	66
74	58	26	17	43	11	30	73	14	78
64	73	70	37	32	11	85	18	36	82
45	18	39	1	61	33	13	12	20	24
35	29	62	66	55	28	12	89	8	3
17	53	71	19	4	85	8	47	46	6
32	43	14	81	27	44	24	66	22	1
14	52	28	56	4	84	30	58	86	39
35	49	90	65	44	52	63	11	40	20
40	82	73	34	44	33	51	49	89	20
2	69	84	71	13	31	66	70	78	22
24	65	79	49	11	71	51	74	68	53
16	29	87	77	67	42	60	55	17	23
29	64	38	36	56	18	46	68	48	5
30	50	44	46	47	28	10	24	23	3
20	87	25	26	76	50	46	70	68	42
41	69	51	67	71	49	82	81	18	48
4	41	42	50	12	3	76	86	39	57
27	86	80	84	30	61	77	64	37	36
6	32	33	16	36	80	84	63	19	34
72	65	78	31	7	4	64	13	69	12
72	86	25	70	42	63	11	46	20	81
75	49	33	38	37	11	80	84	45	47
44	59	8	36	37	78	6	19	68	9
71	11	81	31	23	58	34	53	75	52
55	46	77	32	51	42	44	53	24	18
51	41	4	86	11	30	34	28	56	55
34	70	62	18	72	7	44	12	27	73
3	33	45	1	62	49	21	65	47	40
84	38	74	72	12	73	17	30	62	50
25	51	66	53	37	81	33	45	11	86
54	8	66	62	82	25	46	15	65	81
80	33	10	47	76	5	83	54	51	61
72	36	8	37	77	44	34	69	19	74
83	16	79	12	48	14	54	35	57	87
19	79	58	82	42	10	52	67	23	12
26	43	17	48	33	73	70	34	60	35
5	48	12	73	31	37	13	66	67	18
9	89	3	28	64	15	53	52	62	35
80	27	87	76	54	90	61	88	66	13
16	34	61	53	9	15	33	68	71	13
59	76	68	63	46	13	50	4	33	23
81	61	2	47	66	13	86	74	31	22
68	36	32	63	74	79	75	64	35	9
49	60	28	31	45	78	69	15	84	53
86	65	73	37	54	6	8	69	30	11
22	57	36	61	8	65	79	74	45	38
48	10	36	24	6	49	73	52	71	50
90	72	19	38	40	70	14	41	45	23
78	88	58	89	10	32	83	33	8	49
27	14	55	78	12	21	72	65	71	35
37	72	18	69	15	51	25	55	80	17
85	76	5	29	23	83	44	24	31	41
19	41	10	1	3	27	32	75	34	16
48	54	52	63	89	26	22	39	24	53
67	45	41	71	57	17	78	8	90	27
83	29	43	23	30	52	81	17	59	27
20	11	59	54	79	86	15	81	28	39
58	59	26	34	64	23	10	73	68	6
50	33	70	58	68	54	42	77	16	57
88	26	63	41	75	83	9	76	74	32
49	20	78	85	63	25	62	73	86	5
16	21	76	52	69	11	33	7	9	56
87	7	15	16	73	47	77	51	4	53
68	17	89	40	65	19	27	28	62	22
69	39	31	47	79	67	4	36	59	18
73	50	37	84	13	16	14	21	28	3
50	7	29	6	45	41	56	38	17	8
31	13	50	88	6	1	67	10	4	52
83	15	66	27	58	69	75	68	79	16
26	28	61	46	24	38	6	9	14	13
71	28	32	8	89	25	72	13	86	10
40	20	2	45	37	3	82	25	39	27
14	4	2	82	74	45	41	58	34	54
72	63	71	58	47	18	26	75	40	23
8	87	76	83	5	17	22	84	43	45
42	66	75	19	31	27	78	59	69	49
75	57	90	29	55	56	35	51	60	45
2	35	24	87	85	76	84	47	71	57
50	55	69	1	12	5	59	27	73	77
69	38	77	36	8	28	20	62	75	71
81	76	84	7	3	13	36	52	82	19
61	43	44	90	14	47	87	83	64	37
25	8	65	82	90	37	52	75	31	83
9	22	7	11	25	68	10	8	60	58
14	35	65	57	49	20	8	13	79	67
35	81	57	30	45	59	76	14	64	67
9	22	1	33	23	13	25	54	4	24
77	8	56	66	29	35	65	10	42	17
73	75	12	23	53	61	72	29	28	63
62	51	29	35	22	40	84	42	66	72
56	85	78	49	88	59	42	33	50	12
17	57	40	62	32	53	65	29	52	81
20	1	84	80	29	39	60	52	68	86
47	27	33	69	83	60	28	88	8	58
62	4	3	64	17	68	14	72	10	37
87	76	60	20	28	22	44	78	88	24
83	9	44	87	55	14	4	86	38	54
27	14	68	61	2	75	17	70	74	16
62	87	89	76	60	56	2	35	12	74
88	73	10	62	39	1	6	36	90	25
83	69	64	78	30	1	84	44	24	70
55	12	27	5	11	40	54	86	31	6
43	49	33	54	67	69	72	44	7	58
49	34	55	23	80	68	66	24	4	26
66	71	84	27	76	4	86	87	36	28
17	68	36	23	87	88	74	5	83	4
43	11	34	29	74	55	78	87	89	23
45	9	84	5	14	57	86	73	81	2
75	88	61	43	9	56	5	24	52	49
83	14	68	24	3	30	48	18	45	5
57	30	47	4	70	87	21	7	54	51
49	63	48	11	37	34	39	86	22	50
15	8	35	9	21	43	44	31	10	16
38	21	15	40	8	69	18	55	77	27
29	48	52	77	67	3	78	57	1	60
32	58	76	77	37	11	74	27	81	62
17	29	54	3	65	79	68	44	71	73
90	58	55	46	54	85	75	23	17	43
42	8	40	89	7	70	45	25	41	90
84	53	1	38	82	86	43	72	76	79
2	46	66	83	80	78	42	5	70	50
88	26	46	20	39	57	72	81	73	13
62	87	49	45	68	55	75	77	65	73
30	10	74	87	28	9	76	12	53	57
62	11	72	76	84	74	51	37	17	31
73	75	64	79	25	29	55	37	70	50
14	63	74	41	58	5	24	56	52	70
21	87	86	75	78	31	59	89	10	90
70	63	43	28	39	77	2	52	69	66
72	39	1	63	64	77	35	28	69	14
63	42	89	44	66	50	2	25	55	17
59	75	17	89	40	54	34	13	72	39
60	65	12	86	56	22	66	57	28	73
65	64	35	2	15	56	32	20	80	73
77	90	18	34	87	13	20	65	44	28
2	22	36	66	57	26	4	46	44	72
69	29	37	45	71	49	14	84	6	72
37	15	50	76	52	11	32	25	5	89
64	69	47	26	38	59	63	80	57	32
13	25	10	89	30	80	75	90	15	59
80	54	15	87	24	26	60	19	17	32
3	53	36	63	70	73	18	81	58	60
16	73	28	19	61	85	46	83	53	23
17	43	33	67	73	49	40	4	55	70
37	85	45	16	69	32	8	20	74	1
49	42	14	58	47	79	72	32	74	38
88	13	84	41	9	6	83	39	89	27
32	18	24	36	87	48	16	6	56	71
10	90	73	50	39	7	49	28	84	1
36	43	69	14	15	45	23	90	35	65
86	47	80	33	84	78	89	48	74	76
12	68	14	16	26	64	73	15	31	90
13	3	36	79	9	52	61	74	11	12
64	89	32	33	51	11	86	87	49	54
59	6	15	68	46	37	16	70	55	83
63	86	76	35	11	34	32	47	70	7
41	72	35	3	14	18	33	50	32	76
13	56	70	47	83	39	28	57	61	18
37	84	77	40	32	5	58	69	68	15
12	44	76	66	78	32	49	29	58	22
67	1	3	87	10	16	29	46	62	71
27	58	79	15	74	24	85	56	60	69
65	10	82	54	5	48	12	39	4	7
77	65	9	4	51	6	14	64	17	52
57	53	11	84	83	10	15	88	1	9
80	49	23	16	78	61	25	84	13	39
27	84	47	23	61	49	89	45	21	30
36	86	67	22	15	17	12	62	11	40
4	78	57	75	83	35	71	33	26	44
13	76	22	79	50	60	87	66	68	43
48	62	50	31	32	4	70	35	64	87
52	44	31	16	84	2	10	75	22	56
67	1	36	38	64	50	51	47	17	26
37	47	20	9	22	60	64	40	48	36
68	76	73	2	51	72	43	12	24	54
87	77	66	21	7	30	83	18	50	54
20	74	47	51	4	54	68	1	84	16
89	16	67	51	83	38	14	48	76	42
69	81	43	36	71	46	27	72	25	44
32	86	30	54	4	85	36	26	9	55
79	58	26	11	12	31	57	9	44	51
25	83	18	81	54	10	56	1	28	75
80	25	81	72	20	7	29	49	53	15
64	90	8	83	77	74	24	50	34	55
83	80	64	82	66	68	69	75	62	50
86	61	13	47	74	76	23	46	21	59
34	65	75	29	79	88	5	7	86	27
23	63	17	47	1	34	21	44	31	24
47	81	10	34	15	85	29	84	82	50
35	74	29	69	59	73	41	79	20	12
31	84	41	49	70	66	59	56	37	17
21	50	80	44	3	2	45	51	37	73
6	58	19	67	35	55	51	62	33	23
34	17	7	48	59	76	90	79	72	80
74	75	83	20	41	55	73	17	56	32
7	29	47	34	64	55	42	3	67	19
55	80	40	28	51	15	73	24	17	3
48	61	22	20	74	39	78	87	42	76
28	62	16	69	56	32	74	4	34	52
19	24	47	40	23	72	57	56	83	70
27	60	63	16	1	15	20	39	48	37
23	89	8	48	4	54	47	88	73	53
88	77	63	35	18	15	84	24	25	26
13	9	73	39	83	90	8	69	65	51
75	36	4	74	89	6	58	38	77	87
10	67	21	43	37	25	82	49	58	54
84	36	38	23	13	70	65	21	1	41
10	29	31	73	6	69	62	89	58	63
21	24	23	79	12	52	16	18	19	11
6	4	58	70	43	36	61	25	12	52
35	62	71	15	43	36	72	34	87	84
61	40	45	87	46	72	39	14	89	30
41	1	16	86	30	31	85	14	81	18
19	48	75	79	42	49	12	60	76	16
54	59	3	21	40	87	60	72	66	52
38	28	19	45	26	50	81	17	65	16
44	12	66	13	29	56	81	34	49	64
80	42	71	16	22	77	32	76	35	1
19	53	74	25	5	72	38	31	75	57
81	4	30	3	17	49	20	27	9	44
35	31	51	4	27	48	68	86	53	33
38	59	64	81	28	86	18	20	13	69
63	70	40	57	76	17	45	61	52	3
5	82	78	10	38	347	55	31	4	28
58	41	6	24	52	89	54	29	33	77
64	69	55	3	27	52	81	67	47	53
68	5	44	16	61	8	86	43	41	58
7	35	90	54	51	47	42	9	79	30
30	1	39	50	28	25	83	63	58	67
89	68	6	9	42	75	16	77	55	74
31	9	73	45	29	22	63	8	30	17
35	55	15	27	34	59	51	24	81	29
87	15	69	42	49	83	12	67	80	45
18	64	27	80	90	5	10	88	34	85
72	33	25	85	66	45	8	60	50	23
21	46	62	70	56	17	30	36	60	78
51	46	4	39	66	23	76	36	44	87
30	13	17	78	68	69	34	33	35	80
72	45	36	23	11	66	70	9	82	84
44	64	40	67	68	65	21	89	29	12
53	79	33	38	41	69	9	86	68	44
27	46	49	50	54	17	8	72	15	4
24	34	70	73	8	49	63	86	22	79
55	24	18	61	40	67	19	85	50	65
42	19	78	9	54	29	17	39	6	30
90	65	49	2	54	83	74	68	20	48
18	20	60	82	66	80	64	15	29	78
17	40	79	32	38	35	36	85	42	4
66	55	29	88	54	20	19	47	27	26
2	31	33	21	60	71	8	72	67	35
30	28	57	85	67	43	34	15	7	52
31	33	54	75	20	19	53	36	26	11
80	9	90	48	41	44	42	59	2	3
1	28	38	67	2	65	63	51	44	41
89	31	90	61	29	4	88	84	34	14
43	20	67	45	15	44	86	23	87	61
78	68	71	6	5	28	29	24	34	35
87	32	72	47	37	38	6	71	13	14
85	10	5	73	59	69	23	76	3	22
54	81	56	80	35	60	23	45	87	22
31	27	64	59	32	87	48	19	42	30
24	48	4	86	22	28	79	69	44	49
53	86	57	37	79	16	20	71	74	73
76	68	90	51	70	16	2	87	78	35
64	39	55	24	6	3	2	44	25	43
45	6	30	57	90	50	2	48	10	80
88	7	38	69	59	36	65	15	30	11
62	75	66	30	80	4	14	83	57	63
72	19	63	74	67	43	5	24	18	7
85	75	13	15	23	58	54	40	41	32
42	63	47	22	38	53	59	80	86	76
19	47	28	81	15	48	62	33	67	82
90	57	1	48	41	51	13	26	85	5
37	87	89	73	58	35	46	25	16	13
30	19	20	80	68	39	9	38	8	47
63	28	59	57	31	84	42	64	37	72
3	11	4	70	12	16	63	73	67	54
68	77	33	38	82	47	43	15	10	74
6	57	32	54	84	38	33	52	83	65
46	4	30	82	14	5	9	13	35	44
50	29	18	88	45	25	26	69	39	43
8	55	54	4	80	9	14	75	90	45
83	80	13	27	85	26	21	75	35	40
44	31	17	6	85	30	20	26	87	37
41	19	12	78	50	7	72	24	69	85
53	72	25	42	6	8	89	78	58	40
38	14	71	61	67	15	56	74	11	69
6	20	31	23	85	79	33	45	17	58
80	61	3	23	72	35	65	1	78	54
41	87	74	30	80	25	75	49	47	61
18	83	48	69	64	28	88	74	21	20
89	64	34	38	32	75	24	88	27	28
35	65	60	80	67	87	22	28	18	76
2	24	55	50	34	41	84	1	51	69
26	37	33	84	77	52	39	47	66	58
88	10	67	3	33	50	71	52	17	79
36	7	71	85	23	88	20	21	74	43
61	17	22	38	55	70	14	43	19	89
79	45	34	49	33	68	62	25	16	38
52	54	39	9	20	26	25	29	40	68
50	38	39	63	44	10	57	78	79	18
41	35	21	86	82	51	76	23	65	83
86	9	2	51	3	38	74	14	8	72
83	34	6	4	32	15	5	31	41	11
57	34	8	43	84	15	45	65	6	41
34	68	37	39	61	63	24	74	84	53
29	63	56	74	85	54	14	62	27	7
79	71	20	57	62	50	31	89	54	6
8	68	19	41	81	80	84	34	49	32
73	34	27	13	51	39	84	8	23	10
82	66	30	71	69	59	90	27	13	64
28	68	17	3	60	85	53	88	62	69
67	71	76	15	27	86	57	24	13	90
23	37	31	41	38	50	78	80	79	89
12	79	64	83	44	4	31	7	58	57
58	31	47	26	40	24	72	67	16	86
68	77	80	34	42	55	10	73	43	24
20	3	18	39	42	43	31	12	81	82
54	78	34	47	89	72	36	77	5	53
12	47	81	11	74	86	37	83	3	52
8	2	50	55	59	12	84	36	75	67
33	82	53	85	20	11	25	30	10	39
84	18	10	16	50	83	23	78	38	24
63	37	3	20	31	15	59	2	74	8
52	14	79	57	6	50	48	27	80	89
42	86	32	21	70	37	73	78	31	39
61	39	42	88	49	38	30	58	41	41
42	67	2	78	85	28	82	22	27	23
89	15	67	90	16	27	37	23	32	54
18	50	22	7	49	69	4	24	55	32
38	37	83	69	70	51	36	53	58	55
13	32	14	9	76	48	19	69	88	22
27	81	9	17	88	32	54	82	68	44
23	79	31	81	22	57	52	5	78	7
22	46	88	23	79	65	49	55	71	68
29	19	12	79	50	47	5	87	77	59
64	31	43	9	85	75	56	53	59	86
86	60	47	37	11	29	54	33	73	82
67	88	4	25	10	90	78	84	20	14
11	26	7	88	47	42	4	34	27	89
11	43	79	18	65	37	77	21	42	87
30	14	13	12	38	32	42	39	72	26
62	19	35	21	11	2	84	37	74	14
75	86	18	10	15	77	57	76	83	2
23	54	83	24	31	22	79	62	71	48
73	70	54	82	25	4	76	48	72	44
27	22	29	37	4	2	67	39	16	57
4	90	49	15	81	77	67	31	27	14
80	68	30	46	47	84	31	42	57	40
39	6	7	73	43	27	21	66	24	23
77	82	66	76	86	4	59	81	58	84
15	32	5	51	9	33	44	54	89	63
56	28	29	14	51	16	88	49	80	67
64	27	75	77	78	9	82	41	61	12
63	21	4	24	51	75	56	17	37	35
82	69	32	67	62	5	33	73	56	61
52	41	3	51	68	57	46	2	81	58
48	15	5	35	83	22	32	47	2	8
44	69	75	88	84	12	78	62	50	76
26	6	54	17	3	57	18	50	61	46
52	84	68	42	17	56	1	72	16	59
6	63	77	47	5	37	44	57	28	25
26	19	28	53	77	6	25	10	75	36
7	50	18	16	90	60	48	9	53	76
43	65	57	50	37	20	5	55	35	64
44	7	14	79	43	57	8	45	37	41
48	33	82	60	9	22	59	20	73	23
17	38	49	51	12	11	54	45	15	82
15	57	19	10	14	5	74	52	73	16
2	60	84	73	85	17	33	54	66	63
32	22	30	6	34	80	66	42	21	52
18	71	77	68	1	35	2	6	15	58
47	59	79	61	23	86	16	64	44	18
53	65	60	25	72	4	51	55	78	21
6	2	78	13	68	45	85	49	36	22
51	45	40	28	58	67	73	44	8	52
1	27	62	89	22	39	50	15	71	12
41	76	53	78	82	74	17	44	72	64
18	72	84	63	34	14	7	37	22	20
46	63	5	47	28	33	66	23	78	70
41	24	8	18	43	38	66	16	32	48
51	27	33	28	22	59	49	24	68	31
12	43	40	33	52	14	26	16	18	29
22	13	42	34	72	26	15	18	27	17
79	3	10	48	20	45	6	64	72	12
27	42	43	17	50	88	22	66	75	23
58	13	63	33	29	41	84	52	75	57
71	67	76	90	46	80	61	72	9	45
1	22	29	63	76	88	84	47	60	7
52	17	13	73	49	47	26	50	82	19
65	5	58	82	74	33	81	8	75	35
63	61	6	9	81	72	89	34	2	48
9	68	14	6	47	43	7	11	18	28
72	34	78	8	88	60	28	16	15	30
71	56	52	43	8	87	19	44	76	86
68	43	81	74	5	53	23	84	88	72
20	49	72	19	40	32	73	69	89	71
4	88	5	90	49	35	2	77	64	27
73	27	6	56	60	42	58	23	43	71
56	70	49	90	81	86	37	36	16	53
28	36	41	62	2	88	21	8	24	31
39	18	10	45	79	78	3	41	89	24
23	60	43	89	24	40	58	37	9	41
29	55	57	42	24	69	39	1	34	70
65	71	16	63	1	20	21	36	13	29
4	44	34	89	88	53	42	77	80	65
58	77	85	84	64	53	63	24	46	82
25	13	83	53	58	90	82	18	47	74
85	43	24	21	73	6	2	51	27	68
6	45	44	34	51	33	20	85	56	53
80	72	39	13	31	12	10	84	30	90
7	9	90	15	75	2	13	46	53	89
36	80	34	85	24	11	78	63	27	2
87	47	24	43	23	41	39	42	70	33
21	20	83	39	77	43	6	57	29	30
46	45	72	6	9	78	29	35	84	34
87	41	90	1	79	15	11	37	6	71
76	25	7	58	59	75	19	86	69	77
52	86	28	67	8	79	16	17	43	77
72	60	51	23	75	1	56	41	79	71
58	49	67	31	39	76	84	21	61	48
42	4	2	43	15	55	58	33	12	47
59	71	11	58	19	86	72	48	87	56
50	55	3	22	57	58	67	35	27	36
2	32	55	30	70	38	89	69	13	39
88	28	13	64	56	51	84	89	9	44
90	41	28	72	63	54	51	84	55	33
81	15	58	78	65	87	19	86	20	29
53	45	32	35	48	21	51	2	57	13
32	55	80	13	2	43	82	83	18	40
5	3	77	17	56	32	19	83	18	81
37	35	52	12	78	30	31	49	53	40
89	35	6	5	27	84	40	41	39	90
56	63	16	17	49	44	22	6	64	18
79	18	20	87	53	51	7	66	28	2
14	44	42	34	69	56	3	22	39	13
58	59	14	83	1	55	18	64	60	67
9	34	35	72	48	6	56	13	27	67
13	68	71	30	31	8	54	70	7	17
70	71	66	78	64	9	74	87	26	37
62	16	6	83	54	49	35	77	56	44
41	39	20	4	84	32	78	62	69	64
27	58	39	46	74	56	36	29	3	51
13	65	25	38	11	88	89	40	4	59
70	9	28	31	3	49	19	11	41	64
34	86	3	67	85	51	74	62	68	60
71	27	12	63	74	46	18	17	57	70
77	54	8	9	10	3	84	69	68	14
63	31	2	32	28	52	13	68	69	46
3	14	30	68	89	19	8	72	75	4
84	49	40	37	46	24	15	20	60	59
52	44	25	65	46	18	75	9	51	55
13	79	53	73	28	8	35	55	64	61
16	41	53	51	61	17	21	13	22	35
68	75	29	16	85	15	56	77	5	76
21	7	45	10	79	84	55	47	6	51
45	42	54	8	87	37	10	60	31	52
3	46	62	90	7	33	57	61	37	50
78	44	89	55	14	22	59	56	1	42
83	51	6	27	15	45	52	88	72	20
43	68	82	2	86	7	18	53	81	14
40	29	41	64	35	86	2	85	42	10
14	43	63	54	87	75	59	29	35	68
49	22	77	48	72	50	66	83	23	17
15	31	86	60	39	7	43	50	74	72
5	32	61	36	3	41	80	78	26	21
6	70	80	24	54	66	44	7	57	40
31	45	36	39	81	61	88	1	40	42
59	27	43	33	36	25	80	2	15	42
65	82	69	74	48	34	50	79	26	73
49	40	50	55	26	20	51	18	5	38
30	29	8	71	78	68	28	22	53	83
61	87	62	37	4	82	34	15	20	47
49	90	85	70	66	23	18	26	42	40
62	77	46	42	56	89	68	32	40	28
67	49	65	80	55	68	52	15	13	66
83	87	85	81	43	45	54	58	44	22
58	49	39	28	51	50	63	73	82	2
42	67	65	83	47	78	31	64	72	68
57	82	2	76	74	27	81	47	8	67
52	14	10	13	78	11	18	90	76	30