43	47	5	66	19	12	52	55	56	34
50	20	66	47	21	7	81	80	28	59
19	32	26	14	87	28	78	53	17	71
62	39	47	72	1	64	29	13	16	46
32	85	34	37	18	28	19	89	66	43
40	45	74	77	54	14	28	67	90	84
84	14	34	89	6	31	29	32	17	47
62	64	38	19	27	48	80	42	86	40
5	83	46	37	60	13	31	65	34	14
40	33	23	16	72	88	85	46	78	30
49	57	15	65	26	71	77	38	58	3
5	38	2	39	76	86	31	22	45	90
38	5	64	19	75	33	39	6	31	84
6	63	23	34	2	55	5	85	1	62
17	60	57	82	52	78	21	64	58	31
11	31	65	72	13	19	83	76	62	57
50	2	58	36	60	3	9	8	38	10
64	88	17	53	69	84	63	36	83	9
29	71	75	62	86	37	57	46	47	1
62	73	39	88	60	56	70	69	36	48
72	29	85	54	19	79	18	8	24	69
48	44	71	49	18	3	4	87	29	56
27	22	50	19	5	37	43	2	6	11
66	85	56	80	19	72	4	33	75	45
12	58	81	46	18	48	40	67	59	78
65	5	77	3	16	26	22	29	23	50
45	47	75	18	88	85	26	33	72	29
67	74	63	14	39	60	45	51	31	22
11	88	41	4	17	38	51	43	29	19
25	70	31	53	57	41	66	28	23	67
80	84	46	38	5	54	75	57	8	26
90	54	38	31	67	82	78	58	21	52
74	76	20	84	43	54	52	66	79	12
14	51	55	18	57	69	16	56	40	30
70	80	34	36	56	8	18	32	79	72
6	89	84	64	67	4	76	86	47	78
24	86	41	75	20	43	27	33	51	72
22	82	71	32	53	85	26	31	46	73
11	7	72	28	77	67	19	32	83	24
54	10	81	56	82	11	85	48	52	22
76	18	33	22	36	72	50	38	31	16
22	33	68	40	82	51	19	88	10	60
12	90	38	77	43	24	89	34	71	25
65	22	33	73	14	7	57	85	17	47
55	27	87	90	42	29	39	37	50	12
32	6	69	19	29	15	67	16	55	79
63	77	13	81	30	31	7	78	40	16
32	71	37	14	12	27	52	3	30	29
2	16	33	28	31	36	42	50	8	77
32	37	43	1	66	30	2	41	69	29
23	46	2	87	36	50	26	53	3	37
20	64	62	7	17	22	4	25	26	69
46	87	28	32	1	33	57	78	19	56
59	61	84	23	38	18	29	17	77	72
47	67	68	55	71	39	77	6	44	31
36	78	41	77	63	61	59	62	75	20
24	1	52	18	25	80	75	90	29	71
83	10	74	70	40	42	21	62	33	32
88	80	33	83	11	36	35	25	19	73
28	27	5	39	49	65	76	24	77	29
86	69	80	20	24	85	87	78	59	40
27	63	62	54	72	28	52	39	2	70
67	87	62	17	34	15	9	76	69	11
21	5	39	88	14	79	70	73	82	68
33	84	80	47	79	78	38	87	11	2
56	45	25	19	62	36	28	59	67	1
12	58	14	35	1	25	54	7	65	40
1	67	59	41	3	79	47	33	74	48
81	37	74	52	26	45	79	30	51	8
65	32	17	49	66	20	62	57	4	59
20	49	1	7	5	4	11	28	44	62
11	1	83	89	26	78	54	57	34	8
37	39	24	58	60	49	54	90	40	64
32	77	27	86	71	84	50	58	34	70
76	38	64	85	20	66	16	37	27	4
26	51	33	24	89	75	14	30	61	42
86	11	73	90	2	68	26	13	23	45
88	29	10	81	71	75	72	55	44	21
55	79	72	66	19	67	38	81	32	22
66	31	58	4	27	33	53	84	40	29
65	8	72	17	58	50	40	64	7	44
48	3	37	4	45	73	29	40	57	55
60	11	65	43	6	7	70	59	3	57
76	32	26	46	29	51	84	64	42	59
69	1	79	80	7	76	64	51	52	50
33	32	78	50	64	35	62	57	82	14
70	84	30	4	20	15	33	2	8	29
30	89	84	29	34	56	1	51	31	57
58	50	32	65	17	33	12	51	41	14
75	9	61	32	54	51	33	45	10	62
83	68	11	25	36	60	33	69	8	30
86	66	76	11	81	77	32	73	29	28
5	83	46	54	45	9	11	79	64	67
47	34	27	88	5	16	65	86	45	15
31	34	33	53	36	6	48	40	51	23
18	17	43	45	38	73	58	42	33	63
14	60	23	42	31	57	43	8	6	70
76	53	73	15	28	49	89	80	56	84
73	76	75	86	30	28	77	34	2	21
18	46	71	8	75	16	87	74	29	6
20	15	41	5	82	79	89	50	81	28
35	65	30	81	32	3	73	74	82	77
9	89	18	71	38	23	16	25	33	39
35	14	22	51	41	54	17	56	38	75
68	1	9	87	37	8	65	5	33	23
72	86	61	51	33	18	16	26	35	1
54	70	88	63	53	30	38	81	24	28
88	46	78	19	80	57	60	62	56	14
57	46	49	3	55	84	89	16	17	88
41	90	88	66	44	25	78	9	61	17
14	85	38	9	64	16	43	77	39	33
60	61	15	46	32	57	35	42	65	82
1	59	85	24	23	65	69	81	4	28
43	4	9	67	59	86	11	68	8	87
34	5	60	9	40	51	76	10	14	22
58	21	5	83	36	60	11	52	48	44
35	73	79	62	21	77	23	76	28	27
67	47	46	12	64	14	6	51	68	48
67	47	19	38	34	15	57	3	35	62
90	63	8	73	38	13	69	50	25	31
72	21	11	46	52	74	63	14	30	20
14	33	59	30	7	72	51	66	19	52
73	39	59	48	21	35	90	15	31	41
37	30	48	35	63	74	61	40	39	89
73	53	67	16	88	66	47	69	59	72
89	68	25	82	88	83	34	20	26	43
50	10	22	15	27	44	87	33	63	45
27	19	22	33	73	32	10	42	14	9
9	82	72	42	22	79	61	69	74	88
77	66	2	5	49	16	33	19	31	71
2	67	12	35	55	77	54	87	48	61
67	48	75	63	85	45	53	16	64	56
24	20	68	86	14	37	17	27	52	23
76	2	14	52	7	61	77	26	74	67
35	2	82	70	11	72	14	54	81	23
77	42	45	46	51	85	88	9	83	90
79	10	84	19	39	3	81	89	67	31
58	28	36	70	54	80	5	32	1	90
21	65	82	73	24	78	76	38	51	86
83	40	22	87	53	73	74	50	54	51
52	61	60	59	32	7	72	85	81	65
84	87	4	55	82	78	75	33	66	53
25	24	90	65	86	83	20	29	8	61
62	90	50	55	72	32	1	70	10	15
30	23	6	53	38	4	69	70	79	33
56	51	72	71	5	8	48	74	63	83
32	60	8	21	57	34	55	44	89	86
25	44	5	43	14	83	9	48	51	8
41	86	15	5	54	3	52	47	73	34
89	13	44	34	87	11	33	9	18	56
24	6	27	29	69	41	12	2	20	36
55	61	54	89	39	74	48	5	72	30
2	6	67	83	80	9	22	33	18	69
43	49	78	10	81	84	1	53	47	5
33	73	77	69	67	40	9	81	63	52
10	19	3	11	76	30	45	89	51	35
83	53	44	37	73	48	65	3	34	19
21	63	73	32	30	75	34	4	76	74
14	89	83	44	45	54	85	23	25	62
29	30	87	37	39	51	69	46	85	49
87	30	85	38	89	88	42	21	86	50
35	84	16	55	3	79	41	56	51	31
19	86	78	64	15	25	18	82	20	89
55	43	58	56	1	82	18	51	79	47
80	71	7	81	58	69	21	38	4	27
70	81	27	32	62	24	35	5	6	76
77	81	58	51	42	18	36	6	38	87
25	23	10	12	86	56	45	70	51	59
10	67	56	62	37	57	26	90	9	14
24	10	62	87	66	48	18	38	30	52
12	1	55	24	34	35	14	11	50	65
18	48	29	59	24	78	73	56	57	38
12	56	81	27	75	88	78	87	43	21
44	58	86	39	26	61	14	28	22	42
28	62	36	29	16	78	31	2	55	50
54	23	39	40	44	61	19	32	10	1
45	2	9	68	44	54	30	8	28	88
84	1	51	83	7	48	59	12	64	66
59	44	68	80	28	25	53	50	89	39
25	81	65	36	44	52	3	41	38	33
10	24	63	75	86	9	27	71	1	59
79	21	22	85	33	42	90	51	4	62
12	45	24	64	48	46	73	17	10	6
41	83	63	21	85	3	30	87	47	29
34	84	27	51	29	32	74	85	54	15
82	56	63	36	14	5	67	75	22	85
62	78	57	41	12	83	3	79	31	18
78	31	16	12	17	82	51	54	9	74
78	42	9	54	46	90	5	8	48	79
43	52	82	12	55	33	14	57	77	86
7	29	31	16	55	45	32	10	4	68
40	64	60	3	70	29	34	50	82	48
29	37	7	46	13	31	45	66	8	19
1	86	50	34	8	24	65	5	56	33
54	47	63	14	17	43	32	82	38	3
50	12	58	23	16	88	75	13	56	22
22	11	55	73	57	63	8	44	70	72
28	78	46	53	70	34	38	8	24	14
46	35	67	18	25	48	2	4	63	28
35	30	23	53	7	65	15	56	45	79
62	16	21	11	35	48	77	51	65	19
11	87	72	48	85	28	67	24	16	38
44	63	81	2	5	68	83	70	69	48
6	53	79	61	81	27	45	33	51	21
62	69	76	74	50	14	18	83	61	43
13	39	48	30	18	62	57	38	1	85
1	30	59	20	4	58	27	76	54	79
48	68	47	16	71	89	49	52	35	84
37	83	12	84	16	43	29	69	38	21
7	72	17	64	35	69	33	12	38	40
76	31	53	10	54	32	23	15	33	38
62	43	29	63	13	58	68	6	8	12
24	57	78	80	56	2	3	8	4	35
46	42	49	39	75	37	20	47	83	68
52	59	69	62	1	48	77	44	90	35
27	71	76	21	63	6	58	79	80	28
17	41	52	65	87	85	45	3	64	83
48	16	46	56	60	18	65	75	36	1
6	66	57	27	70	62	43	28	41	26
88	44	32	35	63	85	11	51	27	26
55	68	44	34	17	40	61	83	29	79
85	76	44	71	2	51	27	83	15	88
2	89	45	75	58	22	35	87	79	90
61	82	39	56	43	89	59	58	25	40
67	43	20	48	80	57	86	19	28	52
32	24	90	54	23	40	33	83	79	60
16	88	76	56	72	24	26	18	11	19
66	22	21	68	10	40	45	78	2	83
32	59	9	84	46	1	38	33	69	58
40	54	89	59	58	16	77	14	47	74
62	71	23	57	44	90	67	65	18	28
54	11	89	43	20	45	32	27	28	64
4	74	26	83	2	17	43	63	80	84
90	12	45	52	13	56	57	89	20	83
64	77	15	9	61	58	18	86	60	71
60	59	20	50	29	40	7	66	77	63
16	44	2	49	59	55	38	73	32	45
81	65	13	37	44	71	72	9	15	40
19	6	35	83	53	14	52	15	40	4
54	50	72	29	5	77	3	37	69	90
10	34	53	36	67	19	33	23	71	89
50	45	83	28	73	69	34	16	49	48
18	20	90	84	67	69	13	50	22	53
58	47	65	56	48	18	88	31	4	79
76	85	24	43	12	41	32	52	73	53
38	24	18	69	49	47	6	36	43	84
62	40	48	14	83	59	39	67	51	69
13	44	10	78	26	12	32	39	18	87
67	66	37	59	17	10	79	55	27	25
52	62	68	79	22	80	74	86	30	9
4	40	87	47	57	8	55	7	90	30
55	11	72	41	29	79	2	24	35	3
68	49	14	50	22	42	70	10	89	66
74	37	50	49	51	53	79	81	25	3
28	15	22	72	80	46	62	55	58	57
75	2	52	83	6	9	38	70	87	69
7	71	51	26	62	3	24	84	64	90
33	13	3	27	20	10	43	53	63	70
37	59	11	81	54	31	63	88	50	8
61	21	63	64	81	52	70	29	27	66
49	59	24	26	44	57	19	14	79	6
84	82	70	83	81	67	32	24	38	57
81	13	68	22	18	50	9	73	7	10
46	69	13	77	28	33	9	26	43	89
33	1	19	40	42	70	15	36	78	38
18	53	74	11	78	33	26	14	61	31
58	69	87	7	16	71	32	76	21	6
78	44	68	9	52	16	61	8	87	19
57	66	38	9	41	24	74	3	82	14
28	41	81	29	40	80	7	75	50	67
15	52	27	3	73	26	47	56	32	16
76	8	66	48	27	55	78	19	52	47
73	79	65	12	15	52	36	56	80	27
61	14	21	72	81	9	41	46	42	69
40	30	72	48	55	58	85	53	82	37
68	46	10	55	36	62	31	80	28	65
4	49	14	17	67	74	75	51	8	10
81	30	11	54	70	27	18	62	66	43
48	38	2	41	76	20	78	14	6	75
25	40	42	30	2	6	52	62	66	9
25	10	64	58	38	44	12	73	29	76
87	62	25	11	80	89	13	17	64	3
29	17	32	73	33	8	86	82	42	74
56	27	62	63	61	78	17	26	86	73
41	19	20	32	33	73	9	80	50	36
70	33	11	69	44	26	42	20	89	2
15	57	71	67	27	33	60	25	30	79
49	20	25	36	5	40	86	73	2	26
75	38	87	34	3	1	51	54	25	57
78	72	70	4	8	74	77	73	84	37
52	59	60	62	55	48	6	8	88	63
24	85	23	86	70	83	64	4	16	25
80	87	7	78	34	10	69	17	60	61
61	52	72	10	36	74	67	8	49	50
80	11	89	65	77	84	27	42	74	4
56	68	61	87	5	7	55	89	54	88
82	86	5	6	8	77	69	40	19	29
68	31	72	51	20	54	5	73	48	16
42	48	2	8	73	17	85	28	50	1
76	19	47	69	78	89	32	34	10	73
87	42	13	29	38	23	10	61	57	2
15	47	16	1	38	14	51	85	10	42
55	42	79	26	27	87	72	20	47	11
57	67	77	74	87	39	4	9	27	63
45	74	50	13	67	77	88	38	20	30
26	36	57	45	63	11	62	50	85	47
22	18	57	70	26	10	9	36	17	21
68	60	48	83	33	69	5	16	79	32
11	47	63	16	70	20	24	72	27	21
85	40	18	63	55	71	84	74	26	77
54	29	81	68	44	5	52	66	23	14
4	1	10	7	36	62	74	32	77	14
3	78	42	53	89	74	69	72	9	38
87	19	13	7	24	82	80	61	8	66
3	64	41	86	49	33	19	66	65	43
19	44	61	7	67	73	90	16	4	32
42	56	36	82	33	66	29	30	16	3
40	82	88	46	52	3	85	69	11	2
42	37	77	14	58	73	30	10	80	1
60	23	56	70	74	7	78	53	64	82
18	81	66	5	41	26	56	69	54	9
34	84	40	66	53	89	37	16	15	85
85	1	12	29	55	59	25	68	6	47
23	38	4	76	90	41	59	85	7	74
16	37	60	57	51	1	34	2	50	67
25	22	75	14	33	61	40	48	60	83
58	69	3	89	17	18	31	62	9	2
68	34	42	58	86	63	30	60	47	82
51	12	34	37	1	24	66	14	30	4
6	30	72	50	11	14	49	82	4	69
57	61	56	82	45	48	66	36	49	20
7	42	60	86	34	71	67	3	87	81
41	56	15	57	48	89	21	2	87	17
41	14	44	18	53	8	45	40	64	83
65	14	57	44	33	79	9	24	45	82
12	59	74	52	82	50	66	65	46	70
6	28	4	63	80	49	59	37	51	11
38	32	33	67	65	78	60	57	39	13
83	53	73	71	16	35	89	45	46	41
35	57	53	86	66	26	74	75	63	2
72	53	21	15	10	80	75	9	7	55
40	49	22	79	38	66	10	37	26	52
27	21	56	45	78	16	32	37	6	38
66	2	80	90	73	69	75	54	10	72
61	85	36	33	34	30	60	18	5	62
35	11	40	18	82	81	89	36	76	55
23	62	19	57	9	24	29	65	85	56
3	6	27	13	10	28	76	86	57	62
84	14	22	42	54	1	70	64	80	65
37	76	18	27	34	4	21	28	1	79
22	34	48	6	84	80	40	37	55	78
69	25	84	61	44	72	43	86	28	85
75	24	47	71	46	66	73	9	55	65
84	47	63	90	44	45	30	31	88	17
17	65	63	9	60	27	87	49	70	42
13	7	45	87	12	33	5	34	85	82
42	40	66	17	61	56	12	29	50	39
66	56	34	33	26	39	54	88	85	75
30	8	81	13	70	18	10	48	59	90
56	77	83	64	57	23	32	44	53	43
29	7	17	73	86	44	5	13	16	6
38	80	12	19	13	68	10	23	26	25
17	74	30	1	87	40	5	67	4	10
30	80	47	6	48	19	69	14	15	8
72	15	26	50	19	5	46	32	85	71
73	88	78	90	29	66	76	71	75	54
7	89	59	16	29	90	9	46	34	72
22	54	76	41	36	65	31	53	66	39
1	52	71	13	12	69	59	48	15	18
16	52	8	79	9	11	34	69	13	89
19	42	40	49	69	16	10	20	26	77
62	45	90	32	35	33	11	59	75	79
11	76	1	81	35	22	54	79	74	73
20	33	79	87	89	12	15	39	31	80
72	46	50	44	34	17	78	9	48	10
76	15	47	65	87	34	80	69	58	74
72	26	41	71	47	74	73	44	37	81
54	32	56	40	90	34	22	50	37	17
1	69	66	76	57	67	40	16	17	13
48	80	2	10	12	21	81	45	20	32
69	45	17	5	61	80	75	50	6	59
15	5	25	72	14	78	26	76	21	68
46	15	80	34	35	30	84	67	57	63
69	68	77	84	66	46	32	22	65	39
76	36	90	88	35	77	60	3	56	30
87	37	19	8	3	31	9	11	47	49
52	80	54	74	73	24	2	40	37	76
66	65	90	16	80	18	1	19	74	10
10	81	50	66	78	49	31	20	70	53
23	85	38	34	55	87	12	67	32	19
41	82	11	14	58	69	85	67	34	86
39	18	37	7	30	42	71	63	78	65
90	34	61	8	36	33	16	64	52	38
13	51	81	79	55	72	7	16	46	49
21	86	41	22	17	16	50	29	37	32
70	6	38	80	25	57	58	29	18	21
2	63	67	51	46	15	21	33	70	35
31	3	88	21	42	79	6	44	59	61
55	87	32	70	84	20	61	79	22	30
33	14	89	10	27	2	54	69	46	86
79	56	11	15	82	72	55	4	26	39
32	17	16	14	67	18	23	45	26	48
38	57	17	10	9	89	61	43	1	8
18	12	72	39	7	2	69	58	15	34
29	47	46	63	7	73	27	28	51	54
75	58	14	1	48	4	8	39	71	32
29	21	20	4	15	49	35	19	67	1
60	89	22	5	49	43	7	48	45	71
33	29	10	31	25	32	15	87	21	71
19	69	21	81	18	83	64	37	76	43
72	12	35	3	60	24	21	19	39	62
65	88	90	32	62	10	45	36	25	17
62	52	76	60	80	81	13	12	40	44
46	82	26	73	24	44	39	29	5	20
56	34	9	71	57	76	84	23	88	33
81	5	10	49	12	90	45	88	74	7
44	33	8	18	4	81	13	48	5	14
53	8	87	15	11	70	21	32	1	9
87	57	16	24	34	19	77	32	13	67
62	54	71	53	30	12	82	70	88	67
10	53	18	44	16	42	30	76	15	4
18	8	35	6	10	57	26	77	59	32
65	87	24	11	83	42	80	79	29	72
35	62	6	46	51	26	87	75	25	22
48	49	23	71	85	46	15	35	13	70
80	52	60	28	36	75	66	34	5	59
18	81	71	66	59	40	50	6	53	64
83	14	23	54	57	61	25	59	48	67
72	43	40	35	17	86	68	28	80	8
69	3	13	37	6	15	86	50	68	45
64	61	57	84	38	89	86	76	12	37
36	50	85	23	48	13	49	89	39	10
88	75	20	28	12	6	50	68	10	42
57	11	80	60	9	75	89	69	28	8
40	13	45	84	54	33	44	55	62	3
33	34	13	51	54	42	28	30	39	89
48	57	54	37	35	11	39	45	3	19
40	33	90	89	42	13	76	24	9	44
35	6	26	34	46	55	14	1	28	15
90	78	87	82	76	23	58	38	35	48
55	7	8	12	77	35	48	60	56	70
11	51	2	32	47	18	10	53	60	6
72	65	77	86	90	15	85	59	74	34
56	29	87	84	88	14	37	46	79	31
77	17	19	37	52	43	4	85	71	55
55	82	31	53	75	38	30	9	36	33
64	87	9	40	37	71	4	83	12	3
62	1	56	39	82	8	6	78	64	31
30	46	17	21	2	29	47	3	54	65
44	58	65	67	6	71	24	25	3	88
41	64	35	33	77	18	20	3	25	38
84	35	11	33	62	79	44	78	42	26
13	38	41	29	12	3	89	66	48	27
27	72	36	59	18	9	85	6	31	44
19	32	18	76	43	47	12	24	72	35
1	22	25	53	81	50	37	58	3	36
19	46	63	26	44	43	25	11	86	36
23	16	30	38	54	20	89	85	66	48
6	70	11	7	1	36	21	31	85	71
9	88	15	73	29	18	32	76	54	72
29	7	52	48	12	26	64	20	15	74
45	85	43	8	20	83	57	55	7	9
38	70	71	30	44	78	51	53	52	37
63	80	26	3	35	14	84	10	46	34
69	77	9	52	59	13	68	76	21	79
72	70	2	52	39	30	49	81	61	47
32	36	79	89	80	41	24	56	45	62
57	13	17	18	21	38	7	56	75	40
2	35	79	40	5	73	80	4	19	7
85	11	81	30	55	59	42	33	10	90
21	62	20	63	86	61	38	88	19	67
56	50	33	89	46	72	16	51	14	70
38	5	86	30	47	23	87	32	44	7
68	54	75	58	85	72	89	22	4	1
90	70	33	35	63	75	23	64	48	24
39	61	26	17	59	71	67	73	80	8
81	42	49	1	9	88	52	82	27	89
66	20	30	16	17	45	69	68	4	18
3	13	72	73	89	38	53	21	60	47
73	39	33	77	89	85	81	1	42	14
34	61	41	9	18	3	54	7	87	88
58	46	27	40	47	41	72	56	81	66
90	32	1	80	10	29	11	27	41	22
66	2	70	17	69	61	71	34	63	65
90	49	41	62	51	14	77	10	71	74
65	82	89	21	54	32	6	34	18	68
67	32	87	18	8	72	31	62	76	90
47	65	54	74	23	4	72	66	2	31
18	53	59	39	15	1	72	50	63	48
2	43	34	35	88	9	80	33	67	48
74	29	10	61	1	68	18	27	41	42
80	24	31	36	29	26	51	33	32	23
26	78	33	50	2	1	61	30	76	57
42	85	11	69	70	43	54	53	10	19
3	56	29	6	83	32	12	65	1	4
84	2	62	66	29	82	72	78	60	27
75	60	3	42	80	67	53	69	27	87
36	68	88	24	72	39	14	41	18	17
87	3	60	70	74	41	12	62	6	11
66	81	11	38	64	70	29	48	44	54
34	50	84	21	23	10	7	5	67	37
76	18	41	25	44	72	43	28	16	70
62	42	18	78	39	70	54	11	64	52
40	73	33	30	22	71	44	3	64	57
82	4	80	25	30	60	79	42	16	73
31	32	77	65	79	35	55	61	71	63
64	33	14	61	52	39	47	70	19	58
21	10	23	57	48	36	79	49	35	85
50	42	33	79	25	58	73	28	77	89
60	57	44	32	80	59	75	63	3	73
13	20	21	15	80	47	64	77	59	76
52	62	31	58	61	19	7	22	70	59
61	15	2	88	17	67	36	40	56	24
53	10	79	1	7	33	31	2	18	9
62	78	79	20	52	24	54	3	33	58
82	50	65	88	44	5	24	80	25	23
29	90	64	27	42	54	4	38	71	6
76	25	68	13	5	62	48	71	2	87
8	56	45	33	36	68	90	13	17	7
11	74	68	86	46	71	35	58	79	65
37	29	40	26	66	60	4	42	52	6
32	50	81	46	3	49	47	26	71	74
26	79	46	14	30	64	25	81	73	27
21	8	46	66	17	58	28	63	49	3
7	11	41	24	12	36	6	9	2	86
6	32	17	57	64	56	42	69	18	78
28	49	59	45	57	29	85	9	19	1
23	3	48	71	53	39	27	20	15	89
72	19	45	59	6	24	31	16	38	30
87	14	27	28	67	42	8	73	46	86
65	25	16	18	86	81	17	70	31	77
65	43	28	33	36	46	12	51	82	90
76	71	77	21	24	82	22	50	73	62
42	37	18	75	29	36	57	68	84	16
71	90	50	81	63	66	3	74	77	82
88	75	73	44	58	52	16	60	70	53
27	88	54	5	2	31	81	33	56	86
1	50	21	53	84	73	66	63	33	51
85	56	38	60	8	54	52	26	43	20
63	18	48	69	13	34	44	83	20	27
76	56	36	84	66	72	61	42	33	11
37	68	90	40	4	31	56	55	86	47
1	29	30	41	87	65	46	19	11	34
26	3	62	38	17	4	8	64	52	9
13	11	49	72	1	89	67	6	86	2
23	58	27	61	52	79	28	8	12	22
7	29	78	17	26	40	66	81	27	16
85	24	6	80	82	64	21	42	88	27
48	17	72	35	46	82	27	47	52	75
86	66	26	33	83	77	32	15	52	68
81	72	63	13	39	68	57	54	64	86
77	86	2	62	52	46	49	14	15	47
29	32	30	55	79	59	88	46	51	34
19	57	80	74	22	4	44	78	17	89
20	40	54	43	9	5	42	30	67	28
66	68	5	23	12	24	4	51	27	61
51	71	70	48	15	27	79	54	72	13
56	44	17	85	14	43	60	57	55	90
43	76	46	42	39	62	29	6	57	26
68	63	2	14	66	48	53	58	82	85
20	28	89	16	37	3	39	22	84	82
3	31	49	37	13	14	63	90	50	39
56	10	40	68	15	51	59	64	43	34
2	81	77	74	70	37	88	22	90	80
44	57	54	41	36	73	48	62	10	72
8	46	67	87	62	74	66	57	26	38
52	70	49	3	19	33	68	80	66	15
81	33	19	62	1	56	3	59	32	14
66	68	69	50	27	52	45	14	48	65
26	22	3	33	60	4	88	72	79	11
12	81	28	46	63	55	74	41	84	10
89	53	5	57	34	86	15	79	50	36
16	37	46	85	25	8	62	78	65	74
84	22	61	57	14	34	10	49	8	39
58	2	7	82	11	86	38	16	45	10
81	39	35	25	64	40	53	61	80	38
58	12	54	90	82	41	7	74	15	87
34	78	63	44	77	30	51	90	57	26
11	64	41	12	80	25	16	86	68	54
51	17	24	3	10	71	6	78	9	68
84	53	22	89	83	33	31	19	64	55
39	28	48	10	16	18	1	56	78	83
78	68	34	39	64	85	33	71	59	19
26	6	12	36	25	75	33	29	67	43
63	41	52	3	88	62	24	79	75	25
18	79	33	62	51	30	5	85	57	61
20	10	56	50	38	63	48	27	49	59
31	16	68	17	46	19	42	10	86	11
72	44	48	45	4	68	78	40	81	62
13	76	52	49	4	43	33	25	50	32
84	45	2	28	30	44	48	3	17	1
60	6	54	87	76	51	20	27	39	3
71	3	37	42	2	85	14	1	66	34
18	39	79	66	72	19	2	41	82	69
17	10	9	8	69	52	25	60	59	89
39	21	49	66	67	27	84	6	82	78
21	73	78	44	70	65	52	29	69	84
2	11	57	7	47	23	17	65	84	88
16	77	89	19	65	67	6	36	76	59
67	55	33	13	5	2	37	21	24	43
54	69	57	67	36	58	27	74	88	11
47	11	23	16	5	57	69	34	27	33
6	82	70	84	60	39	71	31	35	43
88	10	29	8	42	89	62	5	48	56
68	16	63	15	5	1	62	47	83	90
61	22	74	44	21	69	81	36	56	5
44	62	42	88	50	33	13	80	84	43
69	84	48	35	73	68	33	13	36	26
34	82	74	51	57	81	63	46	24	32
41	88	37	35	43	52	65	14	30	32
73	69	63	38	74	13	23	12	65	40
5	11	81	76	60	75	64	33	57	87
42	48	29	43	87	25	26	30	86	24
88	75	59	15	73	78	22	54	3	35
25	71	81	66	44	61	70	53	11	47
75	67	63	35	34	4	11	60	25	18
23	14	39	34	89	50	32	35	45	42
16	8	71	33	75	49	86	32	45	48
38	53	48	16	65	71	23	5	62	37
87	36	57	2	64	26	30	8	23	73
11	58	49	36	52	17	27	37	73	74
79	71	86	20	22	74	58	82	52	31
29	5	68	27	56	69	89	32	42	65
23	64	46	36	44	43	33	8	85	65
58	48	46	20	34	71	30	82	85	29
85	63	76	79	32	43	50	13	42	57
42	88	65	28	24	78	71	8	72	39
85	4	89	38	9	16	83	33	90	74
41	55	31	68	4	39	75	42	3	76
53	74	58	3	36	48	87	2	20	10
46	75	8	40	76	62	87	65	16	68
45	63	6	71	10	29	3	12	65	8
63	21	36	14	12	88	30	47	85	87
12	81	68	88	26	20	62	33	71	87
66	88	78	84	45	67	55	64	10	73
7	22	80	77	63	65	88	10	35	84
72	53	42	1	16	33	41	52	67	22
39	73	78	57	60	59	62	2	4	55
37	12	39	49	30	80	74	9	19	57
11	86	22	51	87	32	5	76	7	89
76	44	59	38	2	67	15	28	31	18
7	74	38	82	14	62	35	57	85	18
86	5	22	80	51	8	11	76	9	23
11	43	20	79	90	69	44	70	14	16
68	58	88	32	28	39	63	50	82	31
38	62	7	21	58	68	41	51	88	74
51	58	75	79	78	28	48	3	7	61
79	55	32	39	21	28	34	9	48	89
17	42	88	19	69	53	62	11	37	10
39	27	52	62	81	45	60	41	32	29
20	4	8	61	15	46	12	56	11	65
55	75	20	60	28	49	68	58	46	73
60	81	29	84	1	65	66	15	88	42
48	34	21	8	6	63	36	62	2	57
90	51	86	36	19	87	49	56	27	63
76	64	48	36	90	13	6	67	52	24
49	89	80	61	26	14	51	19	79	23
59	82	20	23	48	28	26	39	74	55
78	29	63	37	45	39	38	71	36	89
56	69	5	77	3	87	13	2	32	67
70	1	7	47	20	68	27	32	52	37
13	14	60	12	61	48	20	25	72	80
49	88	14	55	7	86	79	60	46	87
82	15	56	1	11	53	46	8	60	52
42	10	5	28	60	65	56	72	82	68
50	6	46	19	16	56	8	86	36	73
54	20	52	60	47	70	13	42	78	22
6	68	34	71	20	74	21	60	2	62
68	51	44	25	21	70	83	30	78	85
4	11	83	41	39	14	5	17	32	26
43	3	25	65	50	76	1	10	29	39
77	40	61	34	67	23	64	48	3	18
7	21	26	48	44	31	25	79	68	90
64	57	90	26	7	19	66	54	8	86
36	44	62	35	11	71	69	10	3	21
89	39	62	71	87	4	48	9	38	8
20	9	63	12	84	24	40	31	68	56
53	26	38	74	63	89	10	6	48	12
3	26	51	21	70	52	11	55	30	64
61	28	81	49	14	59	3	53	51	67
20	10	38	41	5	72	13	82	46	30
15	39	34	31	57	62	11	5	45	35
23	62	90	59	64	69	49	19	88	17
8	4	10	60	61	46	45	16	41	2
10	49	59	57	3	56	86	41	76	75
15	52	25	23	48	22	45	28	63	46
84	52	39	60	25	90	62	4	43	30
3	11	38	45	87	58	26	25	32	83
23	29	76	49	78	15	89	9	8	44
41	42	83	77	25	69	90	60	66	21
61	60	83	37	11	10	44	77	20	66
88	53	4	30	3	50	54	25	56	55
34	38	24	6	57	13	28	62	88	51
71	46	57	54	73	56	70	55	81	75
86	2	38	74	12	41	35	65	29	13
57	48	33	30	32	4	19	46	89	25
82	57	27	43	29	59	87	78	25	9
12	24	85	66	42	34	62	8	48	44
81	10	37	77	46	65	75	90	12	56
43	40	76	27	18	3	89	77	81	90
83	55	5	15	89	18	1	54	63	74
33	34	63	64	45	53	39	69	72	87
59	41	86	6	2	67	45	43	42	79
31	53	8	57	27	18	88	37	43	50
54	71	28	79	8	44	38	9	3	1
57	28	75	81	18	4	21	47	44	79
16	68	19	18	10	43	5	54	12	73
9	1	72	7	4	22	35	58	57	50
64	13	34	76	43	32	39	72	18	25
90	36	71	43	44	1	80	79	65	19
48	61	22	70	18	33	69	23	52	12
7	54	81	47	11	10	57	62	6	19
42	61	84	52	67	79	49	59	34	81
78	11	77	73	90	19	51	48	70	4
26	36	3	55	70	39	57	58	1	11
29	45	52	89	37	25	10	84	81	20
59	83	3	32	33	38	12	51	13	27
72	23	77	52	12	48	40	29	44	15
35	71	44	15	50	82	53	68	73	88
24	84	77	4	32	73	2	86	64	61
17	28	52	83	1	70	26	73	11	89
70	50	33	3	26	30	89	76	79	9
21	22	65	48	68	74	33	17	82	35
88	18	64	62	48	55	85	74	16	2
35	51	21	5	66	73	64	69	26	22
14	86	41	49	34	9	42	60	47	20
27	8	72	38	81	63	36	86	42	83
57	37	59	52	71	50	1	54	78	74
74	57	66	85	77	70	13	2	31	67
11	27	53	78	9	82	75	12	28	22
17	11	42	3	40	83	72	69	80	71
38	49	42	88	8	40	77	63	65	72
78	42	7	40	49	19	8	51	18	10
71	79	60	69	5	12	75	62	3	30
62	12	51	80	76	48	74	79	67	6
58	12	16	23	9	79	7	62	60	68
90	55	41	17	36	30	79	54	82	56
48	17	56	46	72	44	33	77	78	39
33	9	37	77	60	50	53	80	72	31
55	2	85	75	68	27	49	6	5	45
64	66	53	50	42	24	47	81	21	56
68	57	78	42	38	64	82	12	17	41
8	72	60	9	7	83	59	57	33	77
56	32	83	38	33	89	9	19	14	90
82	39	65	86	78	51	30	29	24	83
80	55	86	67	49	9	56	79	53	62
68	26	17	23	72	27	6	44	61	80
25	38	4	21	85	36	45	77	53	63
14	58	10	59	17	77	22	1	29	26
6	23	14	20	49	31	25	55	26	73
76	7	63	68	57	21	33	79	6	75
79	6	29	68	70	89	21	41	1	88
66	90	42	78	67	28	84	69	38	70
79	50	46	41	44	23	5	71	55	42
14	60	63	88	7	18	12	75	72	50
64	6	65	69	22	68	18	35	1	2
34	40	55	62	20	75	10	39	30	1
2	32	37	53	12	86	45	10	72	90
39	87	59	89	35	4	71	34	47	2
56	12	26	42	52	87	32	89	81	10
17	66	88	13	85	70	22	3	80	25
44	25	14	52	28	82	11	40	30	2
27	3	22	86	41	76	63	24	70	83
52	53	23	13	68	2	30	16	50	89
42	90	54	37	12	14	6	82	81	52
78	46	70	33	67	76	41	58	52	50
77	31	19	8	46	65	14	44	64	32
76	50	41	43	89	59	51	37	23	79
72	89	41	75	20	33	7	51	45	46
80	81	48	77	74	21	58	9	72	49
67	37	47	27	69	62	23	24	87	20
57	60	81	36	76	40	89	2	54	31
8	14	34	45	63	30	57	83	41	55
80	62	50	1	59	86	17	23	2	24
6	43	52	42	24	89	45	3	51	9
88	21	10	36	4	72	20	84	73	57
37	53	16	8	9	1	66	90	40	4
82	5	87	38	71	68	56	18	77	61
25	40	13	78	82	58	19	47	49	8
20	75	48	46	35	54	57	10	85	89
9	42	83	28	15	62	87	44	68	18
47	18	34	39	66	25	80	83	41	87
26	75	13	63	68	47	52	42	89	62
33	57	60	85	9	44	7	75	26	77
85	35	28	13	43	10	7	30	79	27
25	56	54	34	88	14	10	59	67	61
52	23	33	43	67	16	87	3	53	13
21	63	9	74	31	78	53	69	55	49
84	46	62	65	75	33	82	53	7	13
5	43	22	74	54	15	32	30	87	39
10	71	85	75	33	5	13	3	72	32
78	89	83	41	34	88	26	87	37	24
37	84	51	50	49	25	38	29	26	44
59	8	3	76	26	52	10	6	89	50
16	28	31	66	36	4	29	22	64	1
68	57	84	54	6	87	25	70	74	26
32	76	89	57	73	24	44	65	2	69
22	30	54	41	63	3	74	55	21	43
82	59	15	18	33	69	40	74	86	21
69	24	29	50	4	39	41	32	57	63
76	22	65	63	50	29	5	16	21	84
74	45	48	67	15	54	69	24	84	66
28	47	6	57	10	46	17	31	22	81
82	65	74	67	48	32	21	31	16	34
26	80	68	22	14	6	36	67	52	4
9	66	35	43	72	59	84	24	54	81
1	79	22	44	81	50	41	72	29	58
43	53	35	52	48	55	63	78	9	24
18	65	77	44	34	84	68	32	22	43
9	48	62	12	61	27	87	2	89	46
13	74	33	56	34	57	5	3	18	87
39	16	13	86	6	38	18	53	10	58
11	47	69	65	55	61	76	17	46	14
60	87	40	51	69	72	31	1	55	90
62	15	11	89	32	45	49	23	76	80
58	13	35	18	72	26	1	55	6	9
13	57	21	24	31	14	12	2	9	69
45	77	25	37	33	14	21	41	73	66
56	55	81	19	36	68	89	30	28	57
51	43	8	40	5	38	59	62	47	15
79	63	60	16	87	35	17	78	31	32
46	38	76	64	82	22	62	16	50	53
67	73	6	59	87	37	46	21	16	90
57	42	86	19	43	28	23	60	80	55
84	43	4	71	62	58	31	1	6	55
49	73	71	62	37	52	59	38	12	61
43	63	73	55	40	87	2	81	35	11
7	60	74	76	79	40	55	86	78	11
45	87	76	28	38	82	81	29	41	50
72	88	83	70	34	46	40	80	89	71
8	62	69	49	48	31	71	89	5	59
5	4	22	75	78	68	77	84	32	6
54	84	49	56	42	28	86	27	33	21
28	89	48	62	5	86	56	80	77	22
31	45	49	65	1	46	89	38	54	50
63	62	73	16	20	2	84	29	67	41
18	28	35	45	68	21	42	9	88	8
10	77	45	42	18	88	75	82	86	59
55	33	44	52	5	65	20	74	15	39
24	44	64	19	49	2	55	34	13	9
44	31	4	85	89	40	58	67	1	65
39	31	28	84	17	86	33	8	35	38
50	60	15	58	41	45	88	35	44	67
40	60	41	20	80	15	27	6	57	36
30	64	62	80	63	73	20	28	66	44
66	30	75	41	21	7	24	47	71	23
19	64	3	46	44	30	37	49	18	11
26	90	3	72	60	54	86	53	27	39
4	24	67	25	43	85	82	87	38	5
37	10	79	43	34	32	30	73	74	76
13	64	85	66	49	77	45	57	79	65
61	73	81	8	15	35	45	3	4	25
84	6	22	26	52	3	46	89	82	74
78	60	6	7	12	35	75	76	58	18
42	45	28	77	6	57	67	63	15	24
24	54	61	87	88	43	27	38	76	81
51	13	26	20	80	47	88	89	82	81
31	41	14	18	11	73	85	75	56	84
78	66	63	16	19	52	6	56	3	27
71	15	63	87	7	9	76	83	69	17
90	46	47	24	78	54	17	41	81	58
40	81	77	73	23	10	84	75	24	11
15	21	37	34	13	5	44	76	77	50
53	54	55	70	79	16	60	90	41	69
52	6	43	53	89	22	33	39	69	1
6	8	75	66	18	5	43	57	83	60
25	62	63	44	72	77	7	16	32	52
44	45	42	56	81	83	69	18	41	5
62	48	25	70	4	60	76	34	53	61
76	24	73	43	70	28	75	42	64	7
88	17	63	28	30	37	12	10	8	40
24	25	4	64	62	26	55	51	78	54
18	63	52	13	50	66	38	29	3	30
15	59	62	27	64	87	1	58	49	80
82	61	89	28	86	22	62	29	30	23
64	13	15	22	41	19	62	86	72	70
74	16	1	20	37	24	48	14	28	85
61	20	89	55	85	25	26	90	59	14
58	63	55	65	18	78	61	81	41	90
90	55	22	71	21	29	89	53	25	31
86	88	9	46	71	3	66	27	24	37
42	21	63	79	3	44	41	52	84	86
1	50	7	9	75	67	14	85	12	86
63	81	25	78	54	16	74	5	23	62
87	20	73	68	76	31	37	14	52	89
43	77	17	80	65	44	2	89	45	78
15	72	26	25	38	33	79	55	32	65
41	58	39	63	68	16	86	83	71	40
47	14	6	48	88	50	33	58	38	35
20	1	68	7	46	5	50	72	87	61
76	75	37	4	15	87	13	70	40	12
87	52	62	49	48	88	22	6	8	74
8	1	86	76	49	37	34	20	75	58
5	82	43	3	85	50	44	71	58	17
67	34	8	18	75	47	10	71	29	74
36	4	77	9	2	76	19	50	31	29
69	23	3	5	53	71	61	36	83	8
9	22	20	30	17	52	15	46	50	25
88	52	30	6	78	9	87	43	58	14
87	36	35	74	29	8	33	60	73	57
79	81	26	20	60	41	44	6	45	82
50	84	55	26	28	36	44	60	49	77
75	12	25	34	57	45	44	35	84	76
15	76	27	34	72	68	90	9	11	67
83	87	6	82	21	68	34	72	30	77
2	75	74	63	72	31	9	62	17	71
53	27	17	40	37	15	68	45	90	72
71	13	73	6	17	27	5	1	30	58
64	66	6	68	45	58	49	51	30	35
38	45	46	14	18	39	17	33	50	69
76	62	8	57	46	81	59	33	13	32
87	84	57	65	10	79	66	88	20	75
63	45	22	80	78	61	13	38	47	89
88	3	52	74	65	81	12	58	7	49
73	1	40	10	84	67	50	77	86	30
81	3	35	63	75	83	79	31	56	66
69	18	51	66	10	74	61	1	63	30
27	8	51	63	29	22	69	45	38	47
81	20	42	66	8	21	60	52	24	22
20	67	49	40	83	22	14	78	7	9
12	27	49	77	47	85	79	61	72	29
20	56	54	62	74	46	60	84	67	65
8	71	20	61	31	35	7	43	68	66
79	34	42	26	20	11	16	27	23	50
5	49	62	64	71	86	81	7	63	34
48	84	57	31	10	45	54	69	7	50
19	52	38	29	45	2	11	25	85	32
29	67	13	57	81	39	12	77	44	15
51	6	10	64	19	4	70	85	90	71
48	9	60	4	44	29	58	49	39	74
78	24	8	5	56	14	46	23	53	51
65	41	81	24	51	66	71	86	84	85
36	43	12	57	13	37	5	50	75	32
10	66	22	60	38	34	16	85	50	59
50	37	84	4	9	16	47	49	44	90
88	6	28	52	81	44	71	50	46	64
55	68	82	30	74	44	79	46	88	72
7	20	74	24	60	78	69	73	15	90
40	85	52	83	3	70	77	42	63	16
64	11	30	63	79	83	3	50	5	55
80	66	82	59	12	28	89	88	14	68
56	30	72	26	25	59	60	34	77	74
46	21	60	61	44	86	22	50	2	54
67	13	38	56	57	54	86	34	30	85
1	13	15	24	70	57	8	14	71	40
12	47	56	45	78	15	89	54	50	70
84	80	13	46	44	29	20	7	87	23
3	90	86	26	36	35	7	85	47	22
58	76	43	36	75	49	86	85	89	46
67	64	86	61	1	68	27	42	56	36
36	83	49	28	68	60	64	70	19	33
47	35	87	82	27	51	11	42	15	5
67	33	40	87	78	47	36	8	65	2
56	46	32	85	66	28	41	69	59	47
4	37	42	90	56	66	2	14	24	53
84	56	70	41	76	37	82	28	6	68
10	16	28	54	14	63	64	39	43	18
81	35	12	85	69	57	78	14	31	32
90	76	16	18	64	71	23	63	33	6
26	23	62	37	51	7	21	60	28	10
69	61	71	32	4	9	79	20	28	44
7	5	21	53	54	51	19	25	45	60
57	49	75	63	37	22	41	58	36	18
6	19	13	50	70	48	35	56	54	49
29	66	35	41	5	61	36	65	64	60
28	1	33	44	81	58	40	42	59	49
62	35	58	16	26	37	20	45	82	46
27	35	36	69	85	80	32	45	56	52
23	83	13	15	11	77	29	61	39	4
66	40	54	90	5	77	52	1	64	33
7	18	83	69	15	3	41	63	67	9
80	87	69	10	4	85	83	19	55	15
29	5	77	82	40	84	2	35	61	37
5	90	55	16	58	85	61	54	36	62
75	2	19	74	82	28	42	25	58	11
12	65	46	68	55	28	24	19	31	1
3	58	25	69	86	36	17	41	39	62
48	80	7	75	21	19	28	64	44	16
21	22	70	11	40	56	20	13	81	31
85	27	48	22	31	23	65	37	54	78
11	41	7	17	81	83	85	1	76	86
58	29	25	76	44	50	39	8	80	46
33	18	56	40	9	6	27	4	31	61
61	87	49	21	37	72	17	79	35	1
42	52	31	71	49	3	37	59	81	53
65	78	79	54	11	35	61	17	47	14
49	38	52	8	2	87	56	73	21	12
40	56	41	38	59	44	64	45	20	26
61	72	41	52	16	70	60	81	62	71
43	12	74	7	44	80	54	46	58	49
43	23	56	26	57	45	89	51	7	24
60	67	80	49	43	40	33	72	55	11
65	23	9	12	47	48	50	6	72	82
41	55	1	85	49	8	14	54	82	47
27	17	70	65	33	78	83	82	85	87
65	43	37	84	13	52	74	5	10	67
14	2	80	46	10	66	68	76	25	13
28	42	68	54	89	78	1	75	83	82
4	76	69	5	6	61	24	11	1	33
31	74	73	90	34	13	15	54	40	61
78	81	72	54	12	80	38	42	57	1
56	63	23	1	32	25	2	11	68	49
78	79	72	19	2	65	60	24	36	47
62	16	29	6	89	42	35	82	34	12
21	50	35	68	3	81	19	51	67	49
74	32	47	85	14	72	51	82	16	73
87	73	28	5	32	68	29	53	30	38
83	72	89	73	65	23	39	53	11	45
80	52	62	61	2	71	83	18	10	3
24	4	59	33	79	13	20	73	18	23
10	44	42	75	6	61	38	48	4	80
23	68	48	81	90	3	21	42	39	12
48	62	78	4	57	39	45	8	51	66
1	38	36	18	34	28	71	49	29	25
40	19	18	73	15	71	27	61	84	52
11	20	7	46	67	3	69	61	50	25
73	20	59	86	11	40	50	3	5	53
24	9	29	30	17	82	54	49	88	21
27	59	4	18	75	20	16	13	50	2
68	26	36	42	40	77	56	83	69	35
69	1	48	56	89	20	38	19	73	64
37	53	50	52	31	79	70	26	48	18
22	20	86	28	17	69	85	33	70	2
34	12	69	79	68	28	29	53	78	81
84	37	34	55	69	49	38	68	73	27
16	83	44	35	58	54	33	18	61	57
45	64	53	1	58	10	77	72	66	56
45	17	14	82	63	53	57	25	24	29
50	17	65	88	86	72	24	3	62	30
9	25	39	45	10	3	11	67	18	49
43	10	47	82	13	83	18	53	80	8
4	23	52	57	79	47	10	6	32	87
41	54	36	71	40	45	11	16	5	62
57	27	59	41	65	11	34	72	23	37
25	44	31	65	29	11	79	62	14	21
45	48	58	56	26	42	52	6	86	70
6	80	22	51	82	39	18	36	71	21
79	78	25	69	15	9	54	23	18	21
68	19	31	36	41	28	77	85	10	1
16	28	62	61	78	5	11	77	63	54
9	46	70	82	5	78	17	65	80	35
62	74	13	14	29	66	2	18	41	30
71	58	81	66	70	5	89	68	77	8
8	40	76	89	77	50	47	79	12	3
54	49	89	84	34	75	40	27	29	48
78	14	50	11	46	12	6	51	23	2
39	23	2	58	49	47	37	65	18	14
12	47	35	61	18	81	71	23	30	19
22	17	24	46	90	23	31	89	72	67
79	20	2	18	7	89	45	75	50	61
42	75	12	5	44	90	70	1	61	84
19	72	66	5	54	73	55	43	64	61
3	7	68	54	59	84	88	25	75	43
5	86	27	11	59	74	49	32	65	38
42	26	85	60	89	8	46	35	23	32
84	67	39	45	46	72	61	42	34	35
64	18	67	58	66	70	78	62	26	36
49	87	72	1	52	62	88	80	65	9
64	35	72	14	63	43	25	4	10	59
34	75	81	23	6	8	71	67	83	52
48	58	57	74	30	19	10	16	67	68
37	46	83	8	13	23	64	17	24	85
71	43	1	19	65	80	9	77	27	66
84	39	44	21	36	82	34	88	72	50
12	58	53	61	74	37	24	84	5	7
20	15	81	62	14	87	3	28	13	54
3	34	75	27	17	81	16	69	58	84
90	86	41	28	8	22	60	18	23	19
60	14	69	12	74	37	79	90	41	57
29	78	45	64	41	2	83	74	14	18
42	44	34	27	14	74	46	79	66	32
78	2	70	67	31	34	50	47	62	75
61	9	2	58	11	20	60	79	54	84
25	17	76	40	45	65	24	2	69	23
80	26	69	71	2	78	81	11	53	60
73	46	60	79	25	54	26	33	86	3
71	24	46	45	86	61	44	28	21	7
4	45	15	18	41	1	76	49	14	88
64	68	40	81	62	66	13	49	77	90
24	14	69	4	63	27	51	62	90	75
9	71	20	7	29	90	41	68	57	65
61	33	56	72	80	39	43	69	41	55
58	21	75	15	5	10	13	79	1	36
58	85	36	40	56	32	11	1	18	59
88	48	12	34	55	38	52	49	43	80
46	65	78	47	54	88	76	81	51	9
12	61	50	89	48	30	60	13	68	32
23	78	79	35	36	29	67	11	90	31
48	39	25	54	45	43	35	15	22	18
1	65	40	60	55	62	45	34	66	84
44	79	73	83	46	84	57	58	67	43
64	9	87	66	26	22	52	5	81	70
7	3	72	44	77	30	34	52	79	86
77	65	68	47	52	85	9	36	66	72
9	12	47	69	51	41	53	2	17	90
63	22	24	43	73	85	13	37	54	41
22	11	21	60	67	56	45	66	62	77
80	60	11	22	29	48	17	58	49	24
14	36	83	87	55	46	7	81	84	28
35	32	41	61	20	62	76	6	15	68
70	73	89	7	44	0	0	0	0	0
4	85	45	73	9	8	32	1	53	78
58	68	47	33	39	51	70	77	63	28
12	15	23	18	47	66	26	54	32	28
88	27	7	59	53	34	11	28	23	52
61	69	15	82	11	23	21	24	50	14
81	56	39	27	69	12	29	30	11	83
75	33	45	1	12	68	70	18	23	31
21	22	40	23	90	38	13	55	51	28
5	77	22	13	4	10	90	76	65	54
76	41	29	30	89	61	73	84	21	3
28	9	42	1	41	67	2	16	7	22
78	74	43	17	87	7	15	83	71	72
56	27	57	21	24	60	10	54	59	4
41	15	35	36	10	77	75	32	69	70
75	7	4	44	77	30	67	29	68	35
66	29	34	7	62	88	16	84	45	44
3	88	36	45	47	55	26	38	56	53
24	86	27	14	70	74	71	8	64	85
31	34	27	17	13	38	6	73	83	23
9	5	79	41	49	35	45	19	21	87
14	31	17	13	55	34	7	27	24	88
56	23	67	43	11	29	86	84	21	35
17	65	84	90	32	55	21	57	67	28
15	41	89	26	14	25	40	63	77	78
14	55	23	80	22	42	37	21	51	40
62	0	74	59	51	86	56	90	43	67
58	65	54	50	37	21	86	80	14	20
25	71	7	10	75	83	72	76	82	84
70	39	24	59	12	29	58	47	38	55
57	87	18	35	44	65	55	69	47	17
43	52	60	55	37	69	39	28	32	30
51	44	15	9	78	20	12	89	2	1
3	82	83	80	52	35	60	34	77	14
75	70	52	35	59	47	84	29	49	16
81	12	16	34	22	11	84	89	33	79
10	47	78	45	11	38	54	19	24	23
66	34	3	47	7	67	39	54	82	57
33	64	19	26	52	10	87	59	17	43
68	22	71	36	74	54	10	17	23	86
90	59	18	23	51	54	73	1	72	32
15	81	59	7	10	57	29	72	56	68
18	69	51	45	37	80	59	79	10	4
84	53	79	57	13	61	43	70	81	3
78	2	56	40	21	80	24	15	52	13
41	22	4	14	20	21	23	90	66	82
33	55	64	6	86	67	54	50	23	49
86	1	6	80	46	62	28	66	47	50
68	25	5	58	11	24	87	73	4	9
78	15	29	73	57	21	37	85	72	9
59	28	6	25	71	50	72	13	84	19
41	68	57	31	59	78	66	61	69	87
46	76	56	6	17	89	87	60	58	15
22	5	90	78	74	3	76	20	85	35
59	82	1	76	45	42	18	24	27	47
35	5	58	44	42	56	27	9	71	75
17	47	27	14	38	77	30	89	29	44
78	55	35	60	34	46	88	76	30	21
89	27	36	28	38	2	60	23	8	3
68	30	25	17	42	49	57	63	37	65
53	35	79	88	31	67	38	45	24	23
43	56	89	7	14	83	69	84	2	24
53	35	79	88	31	67	38	45	24	23
43	56	89	7	14	83	69	84	2	24
9	88	78	64	47	20	76	68	27	23
8	28	88	69	87	27	73	18	30	32
18	86	62	38	79	85	11	31	15	54
47	79	65	53	61	25	23	43	77	78
49	69	72	51	73	89	50	48	24	83
52	16	19	47	89	69	50	41	90	65
4	49	48	24	31	25	21	30	86	34
36	43	3	31	12	15	42	90	73	14
49	56	83	5	51	46	60	23	90	31
86	60	68	83	63	24	85	14	31	76
73	78	83	74	90	68	5	36	89	4
58	38	34	65	35	18	75	76	33	48
84	66	27	16	9	80	58	1	39	85
57	89	17	56	78	28	66	15	88	52
15	12	86	68	88	9	49	52	46	43
25	23	52	74	47	42	15	26	81	65
51	67	17	61	43	75	53	16	82	5
12	67	60	34	14	45	26	29	18	16
32	89	47	42	67	17	80	52	65	44
13	68	84	72	12	69	44	57	51	82
38	62	61	83	49	35	25	73	47	34
60	6	82	21	1	13	89	16	57	70
61	9	86	45	63	19	64	82	26	15
37	27	36	7	56	85	21	13	51	26
11	37	33	27	42	57	7	17	41	74
11	57	56	86	65	9	28	17	78	60
88	15	78	80	56	29	70	36	31	9
83	24	75	88	29	70	31	67	15	55
29	14	59	89	62	67	85	71	87	58
32	2	85	6	74	34	52	78	66	88
61	44	3	24	26	22	45	1	64	8
8	75	87	77	38	90	74	23	14	40
10	11	82	39	32	52	46	19	26	51
18	85	26	7	49	68	86	45	25	43
4	48	76	43	13	72	21	78	8	3
14	28	67	48	70	54	16	66	65	36
63	72	87	32	38	51	70	16	33	82
30	75	20	84	5	7	73	51	15	48
82	85	18	33	50	73	15	59	41	19
14	23	41	36	31	80	82	50	55	44
85	62	59	47	64	12	3	17	11	38
44	70	67	17	41	80	30	61	5	1
87	36	47	43	4	57	74	76	18	28
70	7	63	10	35	76	61	88	79	18
46	10	20	42	7	14	61	80	77	5
5	63	19	38	31	3	20	73	33	85
53	71	64	14	80	88	72	22	45	49
18	53	17	12	10	28	82	42	70	41
85	73	63	9	26	14	43	65	54	64
44	19	59	35	38	54	22	78	29	66
66	30	65	5	35	11	29	1	10	17
82	73	70	22	56	46	90	3	24	6
86	58	38	28	8	57	19	63	67	52
36	16	39	40	47	44	51	69	84	78
88	37	21	23	72	14	33	87	66	74
36	51	54	27	74	59	32	46	85	82
53	39	30	75	16	54	88	50	11	38
49	4	28	53	78	10	39	5	15	50
13	23	65	35	51	88	72	58	86	60
67	56	34	84	13	5	78	82	18	26
43	31	37	87	65	72	39	17	41	44
13	70	56	34	61	75	77	60	22	5
29	31	84	57	56	1	11	23	83	30
26	21	51	38	7	57	87	44	90	45
29	70	75	24	38	33	36	27	6	11
6	23	21	84	18	9	15	37	86	25
71	64	2	24	53	28	56	66	67	38
42	74	39	61	34	85	20	2	29	15
76	88	7	49	13	38	52	39	20	47
31	26	63	74	22	28	90	75	1	4
17	53	51	39	3	4	74	35	31	25
58	82	21	73	64	59	89	37	12	68
61	84	66	56	52	57	74	62	32	12
67	70	8	79	63	17	73	6	20	7
37	28	4	78	61	74	76	47	2	73
31	56	47	43	14	85	28	84	5	10
8	58	80	29	13	15	73	62	76	18
33	73	18	14	34	51	39	64	28	17
78	66	8	43	35	7	33	34	82	28
31	30	29	23	85	18	89	39	60	55
51	18	22	47	64	79	32	75	52	8
28	74	46	27	25	69	58	68	44	33
21	30	79	43	22	19	17	73	8	36
62	27	52	74	78	2	11	68	50	30
84	9	67	32	68	28	11	62	21	75
29	13	22	25	63	44	78	80	66	23
21	85	56	45	30	19	66	31	44	71
4	17	87	73	46	34	37	22	34	70
29	54	84	65	73	19	69	64	76	83
87	78	4	62	80	50	42	65	11	72
16	34	14	73	80	32	54	90	79	43
39	4	43	75	56	1	32	34	65	15
72	52	67	39	64	34	7	62	8	2
31	62	27	59	30	66	50	76	81	25
33	79	87	81	12	30	48	53	89	45
18	75	83	51	22	57	19	46	61	5
88	35	61	67	15	3	84	53	66	25
88	7	42	74	41	19	12	78	18	77
27	30	46	49	21	54	43	5	71	73
21	55	52	18	73	29	51	20	16	31
75	33	82	29	41	15	2	52	8	49
4	35	18	79	36	2	72	70	47	53
71	86	47	37	84	11	5	70	61	72
32	86	60	66	56	82	5	72	69	12
74	72	41	80	59	29	82	8	31	51
30	63	34	56	73	60	46	57	37	55
37	62	31	48	63	51	29	52	40	1
17	8	26	16	27	56	72	54	36	24
82	56	14	9	30	2	32	68	60	81
86	34	76	36	51	49	6	60	54	63
21	69	25	84	53	79	48	83	31	59
18	26	4	83	45	59	30	15	63	19
53	60	14	27	45	55	50	77	4	9
13	88	71	52	6	26	57	39	77	74
67	7	55	81	72	64	76	47	77	44
76	24	35	27	83	1	56	44	40	59
38	79	42	32	17	19	77	59	2	68
4	51	65	24	47	83	10	44	86	72
64	75	35	31	7	90	25	52	80	66
29	36	78	85	15	44	30	59	33	87
3	61	73	24	65	89	5	11	47	4
82	72	84	29	21	86	4	78	15	46
89	35	73	38	76	1	10	59	28	74
63	85	81	29	62	66	60	17	10	50
72	60	35	76	58	26	32	17	6	52
78	36	17	70	59	37	26	46	30	27
79	85	7	12	82	90	9	16	30	55
26	88	37	81	75	1	3	4	82	74
8	64	22	71	69	12	86	55	27	80
49	47	18	44	42	62	4	20	26	1
27	51	22	8	87	66	44	59	50	43
6	42	59	64	11	39	74	81	70	23
79	21	70	32	8	2	13	39	89	62
36	24	57	65	88	50	35	15	34	67
59	11	28	24	47	86	29	49	30	42
69	35	21	87	67	84	65	70	20	90
45	61	26	23	80	65	5	39	71	89
27	78	46	44	8	90	7	88	67	57
23	57	46	61	22	67	80	17	35	74
11	24	89	12	42	27	22	36	66	43
81	8	12	63	50	89	80	54	29	14
36	82	84	55	26	15	10	50	5	78
88	67	28	24	85	50	79	55	89	16
12	70	27	53	73	21	42	5	38	55
77	29	28	27	33	19	16	75	4	86
73	47	32	68	39	42	50	30	27	26
63	30	6	14	61	48	86	18	66	53
56	87	13	12	89	83	2	75	34	28
24	77	46	80	54	30	60	64	88	70
57	81	88	17	26	60	28	32	10	44
84	60	88	11	25	48	64	63	67	28
86	28	61	68	51	14	63	25	45	15
78	52	31	65	70	82	47	33	75	77
71	28	16	24	4	75	79	83	50	84
83	47	64	79	65	90	50	42	53	29
39	69	40	46	41	36	79	47	75	67
75	90	32	48	66	78	76	44	42	23
76	3	22	4	77	59	31	79	28	2
23	58	48	34	82	2	36	46	49	22
47	26	82	46	1	65	31	86	84	54
39	31	3	56	81	75	73	82	34	89
56	18	10	8	84	34	47	3	32	82
12	53	60	71	42	43	79	90	64	80
39	80	6	37	45	85	44	60	19	33
49	28	43	48	54	4	83	35	5	21
21	75	86	1	80	84	32	85	46	36
84	25	62	9	56	64	49	51	40	13
70	62	85	64	31	2	37	74	56	25
17	40	25	6	29	15	57	5	54	44
78	66	21	54	49	22	89	41	17	5
3	39	13	72	56	83	28	41	26	16
31	15	71	32	45	39	46	79	61	1
41	63	1	79	12	51	87	74	11	65
75	31	25	71	27	13	44	34	40	77
6	34	56	37	88	68	70	16	74	76
38	64	33	29	6	22	59	53	44	1
52	83	18	17	43	3	78	31	36	7
2	53	69	23	18	80	5	43	12	50
77	23	35	45	67	25	51	38	62	1
42	73	80	14	51	49	90	28	70	62
70	53	27	17	82	5	67	19	6	15
87	72	7	64	36	62	2	26	40	10
54	52	14	73	86	59	8	66	67	70
43	2	86	49	85	1	76	84	48	82
4	36	64	26	59	49	33	78	38	18
45	17	42	61	26	10	62	7	25	76
41	79	7	82	73	56	13	44	47	3
28	16	67	29	23	7	4	2	86	6
43	36	71	45	39	42	34	27	82	72
4	46	68	12	59	63	60	15	44	28
21	23	55	58	26	90	79	67	40	31
12	85	54	51	13	47	90	40	57	15
53	88	36	47	25	29	89	40	62	45
25	86	13	40	59	22	80	43	60	41
15	39	75	89	86	25	85	82	70	3
43	86	49	82	38	34	60	84	67	40
70	77	12	52	47	72	2	40	41	85
79	83	15	33	16	46	65	14	10	40
21	28	37	13	69	66	60	22	40	76
38	2	76	86	18	13	21	43	46	70
33	70	34	64	25	30	41	12	72	54
58	76	7	78	72	39	29	30	55	37
58	82	38	39	3	72	6	71	32	78
87	49	7	44	32	10	78	38	63	70
13	40	47	59	11	77	35	76	64	44
85	7	62	58	24	55	50	90	49	2
55	4	11	56	47	85	3	10	75	87
86	62	79	37	59	51	2	28	38	77
83	25	7	22	41	53	78	17	75	5
73	78	85	66	56	61	72	58	44	81
59	28	3	24	34	32	45	19	71	17
70	42	27	79	53	22	1	31	47	45
54	74	80	62	49	45	38	7	65	39
26	7	45	13	68	70	89	10	23	71
51	79	36	83	29	27	64	87	76	38
64	6	37	59	29	28	46	26	38	73
68	6	83	33	21	59	54	73	24	38
4	89	52	84	7	87	33	83	37	13
27	51	25	19	66	71	15	55	22	88
71	29	22	48	70	35	90	57	30	63
41	55	56	18	73	21	43	83	22	76
37	13	77	16	38	54	79	18	27	90
13	60	68	57	53	18	83	63	24	79
47	35	27	56	71	6	46	48	58	76
84	89	23	54	3	47	83	8	53	25
2	77	35	15	57	48	89	41	5	75
18	88	3	12	86	87	30	10	80	49
25	62	40	73	71	55	59	47	56	16
86	42	22	49	23	90	1	10	82	88
34	86	67	58	1	4	74	70	82	36
42	39	53	51	56	57	66	8	17	43
67	74	89	85	23	5	71	41	33	27
58	17	51	27	23	90	65	81	5	88
61	85	42	9	89	10	60	13	43	71
52	46	41	2	61	43	1	11	18	24
40	8	27	76	63	55	7	35	59	68
39	26	30	27	68	1	4	24	52	33
43	40	31	62	53	4	10	44	25	47
61	14	74	37	21	67	87	26	85	48
22	63	12	42	83	79	16	57	43	84
81	52	71	45	3	10	73	11	66	51
34	53	85	62	3	32	5	82	21	89
33	59	82	88	74	37	40	29	47	58
76	25	53	13	3	6	45	46	75	12
65	13	62	27	51	3	5	49	89	10
57	11	74	8	22	1	78	12	25	44
39	75	77	8	62	65	19	49	83	29
30	56	67	38	28	77	75	74	57	13
17	40	77	11	8	57	62	1	26	48
36	52	45	3	56	53	21	83	14	17
7	86	18	52	35	16	11	54	27	38
24	72	4	22	86	42	36	58	59	62
63	88	47	78	60	50	5	42	14	27
74	4	43	51	77	76	84	36	73	89
85	36	26	4	27	9	25	88	74	63
82	85	7	12	41	36	54	17	89	76
19	45	79	47	38	55	49	40	7	4
69	36	6	18	2	1	25	45	32	64
23	3	64	22	21	49	29	44	38	81
43	86	7	65	48	19	31	79	26	37
30	11	72	56	80	68	34	50	22	70
84	21	71	75	37	34	30	50	90	31
65	22	57	80	63	78	72	59	34	89
37	62	61	81	53	36	25	68	15	80
47	38	29	68	21	19	60	50	39	87
12	83	86	29	71	79	63	62	68	47
84	78	26	89	49	3	28	85	21	52
28	36	72	84	45	37	56	22	27	40
57	81	79	2	13	40	34	89	10	65
60	18	72	41	17	10	24	35	88	22
6	34	47	37	85	28	67	66	48	76
25	89	74	11	23	77	22	51	4	40
53	6	34	32	24	37	56	1	13	43
52	77	38	18	34	30	40	88	49	41
64	61	43	41	58	51	50	42	52	65
21	42	27	88	45	43	39	79	72	40
16	67	31	71	3	65	50	47	2	62
34	74	54	8	15	80	65	10	18	36
42	31	4	58	8	85	83	17	34	56
82	6	51	47	13	68	16	87	71	63
29	41	45	62	67	66	46	18	54	35
33	57	24	63	86	47	74	58	46	89
53	19	34	17	38	90	48	86	18	58
28	27	2	73	21	82	63	13	81	61
4	83	84	56	68	10	18	47	57	26
45	17	2	28	78	48	84	21	5	57
58	77	21	16	89	50	72	63	29	35
17	47	11	29	53	60	30	76	34	32
28	3	29	61	60	90	73	57	53	42
28	31	52	63	32	5	80	7	20	88
6	69	31	49	20	63	81	59	19	9
69	36	52	74	73	43	64	76	25	29
46	72	31	84	73	44	62	8	6	53
12	69	27	6	71	10	5	50	66	28
62	86	12	37	15	90	9	30	5	33
52	60	33	68	32	50	90	40	74	24
21	27	59	4	53	45	19	90	61	60
8	54	76	69	56	55	84	44	86	17
9	44	56	17	63	25	3	89	87	60
35	9	77	42	68	71	86	81	18	65
24	72	69	32	75	4	74	64	44	7
35	73	42	36	8	22	33	13	16	59
75	46	6	40	89	26	64	77	76	42
62	54	87	57	72	78	56	73	5	50
69	52	13	26	41	40	44	27	17	3
22	82	53	45	79	73	19	3	33	1
65	57	14	73	46	10	68	21	54	69
53	56	79	54	9	24	90	42	8	64
32	73	43	60	85	50	44	76	9	90
72	69	38	62	87	66	31	52	29	21
45	2	48	6	35	21	12	87	79	77
58	27	6	79	18	3	83	40	65	29
74	66	54	75	43	28	41	77	10	30
86	54	6	52	15	87	78	9	90	74
61	15	39	41	6	75	9	11	40	59
65	85	70	82	38	47	50	20	35	55
89	13	24	64	74	38	69	12	5	33
66	2	73	22	80	83	35	55	90	25
62	64	56	53	59	69	20	51	13	65
39	63	26	68	51	71	50	29	17	66
56	81	3	82	25	18	58	47	85	9
41	88	56	81	26	1	6	2	65	44
74	65	57	77	43	75	3	18	64	52
74	71	82	1	51	28	87	50	11	13
53	74	4	16	66	5	28	32	48	27
59	27	26	83	78	33	41	74	20	39
74	80	79	21	46	19	2	73	60	23
65	24	14	48	17	87	4	56	75	79
31	37	53	16	32	58	9	19	59	48
23	77	52	78	57	55	41	82	67	63
42	81	67	20	9	51	16	75	21	88
58	34	39	21	6	40	2	90	73	80
70	29	24	78	54	88	77	31	53	86
71	20	8	48	18	57	90	34	84	44
27	74	51	67	49	88	28	84	85	71
67	35	82	85	21	84	43	61	88	45
25	68	72	45	30	50	27	18	79	47
33	15	48	37	21	5	54	9	83	47
39	4	28	64	34	66	58	60	68	17
25	26	33	75	77	60	5	52	76	57
33	49	80	9	84	19	10	20	22	56
17	35	85	63	14	39	8	82	15	7
3	38	72	46	59	55	43	50	23	17
37	76	26	24	41	11	49	72	79	65
83	88	63	77	29	90	42	78	65	22
29	54	32	84	52	15	89	44	62	7
39	42	67	70	13	50	56	2	10	8
38	77	61	8	54	67	20	89	84	24
66	8	81	75	4	58	53	87	12	49
52	36	6	89	35	29	88	51	32	25
45	23	59	16	41	13	9	72	12	10
39	85	65	68	53	82	23	13	78	76
37	81	26	8	54	30	15	80	48	84
34	7	28	33	70	44	59	88	58	8
62	61	33	18	41	8	86	76	13	30
8	17	52	31	74	59	87	57	83	6
47	65	71	33	25	10	17	77	30	39
22	71	57	85	27	19	8	38	47	30
47	48	53	4	76	6	45	87	11	34
79	27	18	26	16	73	17	31	9	85
36	23	44	7	75	10	33	49	88	42
54	59	17	60	82	56	37	49	9	67
51	32	65	63	26	81	48	11	3	36
21	88	42	57	69	36	64	26	12	79
27	33	6	31	29	1	68	57	26	40
17	88	34	82	54	56	81	36	45	75
41	56	64	48	2	80	77	6	26	46
51	42	49	65	35	45	66	12	23	6
23	16	21	63	89	60	12	6	36	2
33	37	32	66	69	70	55	19	56	43
74	40	3	38	32	25	48	6	26	76
63	40	75	12	31	6	86	41	51	85
30	26	82	31	51	47	17	81	58	42
48	35	13	45	70	14	36	42	1	15
28	70	6	23	77	49	11	48	25	41
12	61	22	17	57	53	25	88	31	6
43	37	35	59	21	16	44	66	45	40
17	48	59	46	7	24	26	9	89	8
79	31	4	84	35	89	80	8	26	72
82	27	7	30	77	32	33	83	21	43
79	73	71	88	27	40	64	69	24	70
41	87	64	67	83	3	24	6	43	52
9	76	26	29	48	10	16	43	71	7
34	58	83	57	12	84	1	39	14	65
37	42	35	52	78	85	15	56	32	61
57	8	81	54	73	55	42	26	53	77
18	31	23	16	62	30	77	44	89	73
65	59	25	49	83	60	80	51	12	62
66	85	49	26	53	67	73	30	18	86
89	21	72	69	6	15	57	68	54	19
47	4	87	38	59	74	18	48	25	67
66	30	39	9	68	10	18	65	35	89
49	6	16	27	41	22	35	77	21	48
31	24	23	39	38	59	16	62	11	79
9	56	47	31	25	79	3	24	39	25
23	36	25	71	35	84	73	15	45	24
62	76	70	29	33	66	39	75	24	38
89	6	82	8	46	76	12	11	20	28
43	30	87	45	49	64	68	29	56	42
75	27	76	4	63	26	14	7	11	45
22	68	25	73	63	89	69	41	21	20
72	37	33	18	82	74	51	54	85	61
48	63	49	72	16	14	12	65	4	77
2	62	41	67	82	70	32	29	63	54
54	75	35	86	39	77	27	69	21	49
74	59	28	56	24	21	15	67	62	7
36	72	87	34	75	62	16	11	79	56
85	74	33	45	70	29	39	8	31	20
39	42	56	40	59	62	43	83	13	49
23	75	51	52	73	29	24	87	68	66
14	71	56	22	52	49	26	65	6	11
49	87	7	75	81	6	69	13	30	37
87	52	8	35	74	61	40	88	45	63
27	75	23	51	8	42	54	24	44	32
35	6	62	78	23	20	15	65	38	46
83	84	52	24	8	1	54	29	66	53
8	70	58	51	81	20	77	85	35	33
51	25	73	82	78	36	57	16	41	46
24	70	27	64	51	76	81	58	29	26
65	87	30	31	23	77	29	54	47	35
47	28	60	32	34	36	86	8	85	74
29	37	87	41	53	74	10	4	46	49
14	39	23	81	33	20	68	89	65	27
40	27	39	2	35	17	36	53	21	87
65	53	67	73	4	77	87	28	15	81
40	58	53	9	84	47	18	59	63	48
3	56	71	67	62	80	84	35	7	26
75	14	83	67	49	35	68	48	33	62
51	3	24	36	39	18	8	56	26	25
21	6	76	47	72	27	16	51	63	9
22	61	4	23	82	56	64	67	12	30
66	53	34	62	41	18	17	75	39	73
9	68	41	82	76	89	63	21	34	73
51	70	9	45	32	67	40	21	37	23
73	15	62	7	30	88	45	77	11	86
2	59	30	51	76	53	17	68	29	38
47	62	72	41	12	76	16	21	2	73
43	39	6	61	18	25	38	87	21	54
84	73	34	4	77	12	72	25	65	49
71	68	55	46	3	87	29	28	74	33
71	52	60	47	24	38	70	51	35	43
86	61	55	54	37	41	32	84	62	72
33	41	32	63	9	59	38	24	6	49
59	66	78	15	80	9	75	52	65	48
55	17	83	31	3	26	1	30	63	33
77	4	30	69	45	54	79	29	70	57
4	72	54	23	88	20	55	75	48	43
77	23	46	5	71	88	43	40	42	27
1	47	59	52	85	73	45	83	65	77
9	44	62	34	50	32	57	46	74	3
24	61	54	71	68	23	75	82	35	37
77	25	35	2	72	82	65	62	14	81
64	42	39	9	79	14	23	16	59	65
84	43	4	53	69	27	49	20	41	66
60	76	5	74	52	36	61	6	29	22
34	60	28	16	59	79	52	66	31	73
61	5	48	45	72	70	54	12	38	22
79	51	7	62	76	75	30	8	49	54
31	39	51	77	26	28	74	48	66	56
27	57	33	36	45	88	32	52	3	28
31	6	64	44	73	9	59	72	87	29
16	65	7	63	67	89	45	48	87	9
64	7	52	39	20	1	67	26	47	65
15	35	12	66	31	34	45	62	9	70
51	76	30	33	7	55	46	26	61	37
61	79	53	66	7	77	62	67	40	12
28	75	36	81	33	89	6	14	29	64
62	27	31	45	78	30	52	76	74	43
74	66	14	85	59	17	24	3	41	26
38	1	69	36	31	29	67	73	14	6
69	66	47	73	32	65	87	31	76	15
34	32	61	2	74	54	66	47	16	82
60	69	54	78	81	35	25	12	79	68
12	72	81	49	62	85	45	56	2	37
68	47	8	44	61	58	35	25	23	56
15	33	49	7	88	68	28	66	67	40
76	1	38	62	78	56	23	16	58	66
80	52	39	42	78	71	85	13	21	27
75	81	51	4	24	69	8	54	70	37
80	72	7	41	68	22	52	23	6	12
52	28	41	45	66	75	6	69	89	38
5	73	35	49	57	89	15	3	26	64
79	35	37	57	81	53	18	78	66	39
2	49	17	70	73	53	81	72	67	15
4	42	83	13	65	78	89	37	56	15
76	82	83	75	62	13	25	61	39	88
43	4	58	63	72	14	62	38	71	84
6	27	76	33	43	66	14	39	29	85
33	62	46	81	73	74	71	4	35	88
17	38	72	53	2	74	62	63	1	57
85	32	59	7	84	30	56	75	16	23
24	75	37	67	86	78	59	71	25	47
65	13	81	51	44	26	73	3	46	87
81	46	53	12	32	27	40	79	31	54
23	44	31	73	43	61	29	70	15	85
63	9	57	34	38	14	61	73	88	52
53	52	41	45	8	17	31	69	73	34
59	2	64	89	40	23	65	5	33	21
14	1	81	62	75	27	84	39	6	17
86	18	11	38	27	53	14	60	51	79
62	59	82	67	65	40	83	39	27	75
74	68	41	34	45	58	86	23	16	39
42	8	28	22	63	78	52	57	84	1
85	47	67	8	34	26	30	89	66	49
42	25	36	57	7	69	81	84	31	76
31	17	82	8	74	88	56	41	69	54
12	6	79	32	25	42	35	15	67	56
68	11	70	61	2	29	89	12	53	62
46	27	66	52	78	2	56	35	59	67
85	31	82	38	6	89	23	43	69	44
13	64	62	4	28	18	9	23	54	67
81	8	85	23	69	89	2	63	54	74
3	59	75	41	43	84	63	69	15	52
56	64	23	77	5	68	42	50	25	82
83	43	1	40	75	74	13	54	45	22
4	84	15	76	26	13	57	28	90	62
61	3	68	89	72	81	83	59	78	25
72	26	36	82	31	49	68	29	47	22
35	85	86	14	32	74	41	20	52	45
34	67	78	81	25	37	70	49	39	52
3	68	69	85	89	73	16	12	25	4
8	42	75	39	66	15	74	41	59	32
48	8	43	52	69	87	17	13	62	29
5	41	39	68	17	26	83	86	45	57
73	62	47	2	27	25	33	7	14	89
44	53	61	84	5	75	26	34	12	41
2	76	77	68	58	40	28	38	79	25
59	43	72	86	1	87	27	13	25	48
38	66	2	9	51	18	27	49	56	80
1	13	88	72	36	38	45	76	62	24
76	7	30	81	38	5	44	60	26	83
3	15	85	78	35	14	61	89	54	73
65	64	14	28	12	46	5	39	53	42
82	76	29	8	68	47	21	36	85	3
75	70	44	15	64	27	49	3	67	54
31	68	11	36	27	47	16	79	9	45
49	60	76	7	32	71	69	25	38	57
41	56	64	57	83	68	81	3	28	78
74	63	6	34	35	22	81	61	45	13
52	64	32	6	36	38	70	56	13	79
15	58	80	86	71	27	56	7	64	18
79	43	84	61	1	27	14	75	17	62
80	34	9	61	4	59	53	29	17	60
73	68	62	42	70	47	12	87	39	54
71	12	7	83	82	54	43	16	89	35
81	42	76	30	32	68	15	27	44	39
85	37	7	82	66	27	52	16	75	80
71	59	86	88	8	37	61	53	60	12
31	28	86	60	62	49	65	24	12	79
70	28	33	43	2	38	59	42	66	57
42	27	53	74	76	15	82	25	54	32
21	4	31	51	85	54	26	12	57	43
84	73	15	52	42	14	63	3	88	23
85	22	53	49	71	36	12	44	68	57
7	68	74	25	67	26	87	52	65	70
78	4	57	15	68	25	64	21	35	18
76	74	21	56	80	57	82	37	47	36
41	28	51	86	68	62	11	49	78	58
56	23	58	35	87	3	54	30	29	41
57	64	24	41	45	26	75	48	22	36
45	85	81	12	44	11	35	70	9	24
39	47	48	31	64	20	6	88	89	54
59	5	48	88	39	30	6	65	17	73
72	87	64	85	15	24	37	65	38	46
22	70	85	3	13	29	60	11	61	88
89	31	82	73	83	90	28	50	58	10
12	40	6	36	42	69	72	52	47	88
61	77	86	22	70	81	39	3	53	60
78	17	44	86	5	42	30	32	45	15
8	63	71	84	88	17	83	6	69	76
25	19	90	80	57	60	77	33	85	53
69	85	57	6	71	49	52	59	78	26
10	38	90	76	79	86	11	50	15	18
28	73	8	10	21	84	12	11	1	57
89	48	4	9	25	24	80	10	61	36
22	36	80	82	85	44	27	33	75	53
51	89	68	62	16	48	85	52	55	67
88	36	75	12	68	50	3	54	84	17
60	77	78	2	11	43	5	37	52	4
63	42	17	65	26	9	12	84	35	89
48	46	41	22	38	54	49	67	62	34
23	14	50	22	69	90	66	8	56	29
63	13	15	2	28	11	88	5	33	46
55	58	42	78	25	38	49	71	86	23
82	12	78	48	72	37	65	34	24	41
57	55	58	85	48	83	54	47	70	56
27	60	28	85	67	42	1	50	46	61
83	3	90	46	43	58	32	57	47	30
75	44	2	45	16	32	17	4	73	40
87	69	85	23	3	88	21	1	59	12
73	74	22	66	50	68	37	23	20	70
36	84	38	51	24	80	78	73	90	87
56	73	37	60	22	20	34	45	24	59
77	56	58	28	9	66	46	14	24	43
85	64	17	30	66	31	32	63	9	18
5	32	81	37	15	20	80	19	79	55
73	52	17	78	48	69	36	89	76	29
59	64	55	15	79	8	61	25	23	85
65	43	52	57	8	53	68	27	60	72
9	36	22	38	62	3	41	26	64	21
52	63	83	69	80	24	79	67	48	33
16	56	4	21	60	26	66	18	86	39
30	18	22	56	24	67	6	45	80	66
27	60	70	35	68	73	11	85	59	64
88	14	56	41	57	36	80	8	2	32