48	82	85	63	45	66	44	36	5	55
39	60	35	33	61	72	65	56	11	38
70	14	40	82	35	75	58	38	73	19
84	8	52	36	53	62	26	54	49	14
7	14	60	1	87	13	16	3	76	28
33	49	60	69	4	81	43	61	21	84
80	48	29	11	78	8	75	17	20	10
16	56	1	12	42	3	86	78	5	63
15	37	78	58	80	72	90	41	56	29
39	5	7	89	71	6	20	64	62	46
6	28	42	26	9	11	5	62	13	15
62	21	34	46	9	78	54	44	31	61
4	87	13	8	22	17	70	15	49	23
23	4	43	38	49	55	46	17	76	73
80	39	52	42	30	12	11	34	2	17
58	18	45	87	42	8	25	39	65	63
30	68	32	14	84	59	44	74	22	33
79	52	75	56	58	37	11	14	32	57
37	15	14	44	47	64	8	74	70	55
18	26	73	80	40	10	22	38	31	6
41	63	17	9	50	48	73	11	25	4
67	48	32	54	84	72	89	31	2	57
55	75	65	14	82	80	83	77	79	9
4	71	74	24	3	65	62	29	8	9
10	84	16	15	89	74	52	17	72	32
85	64	55	77	71	8	68	19	81	51
21	2	33	76	3	84	15	80	56	88
23	17	64	69	20	39	24	33	55	5
74	1	89	2	40	18	41	15	8	72
13	84	90	35	36	14	15	64	88	11
64	51	1	82	26	34	29	55	54	48
75	34	44	85	41	21	17	61	86	24
69	15	84	46	86	24	31	56	89	79
59	53	7	71	50	70	75	63	22	57
28	87	21	1	37	32	33	49	22	19
47	52	7	10	12	49	87	86	26	50
76	36	39	1	59	14	69	62	63	48
78	56	42	38	89	51	21	14	11	2
1	24	6	11	59	8	12	57	56	26
11	77	4	56	72	20	46	43	1	10
56	80	79	41	29	20	55	28	34	78
3	75	8	47	48	50	2	31	61	41
81	44	87	72	30	22	20	89	27	23
66	20	36	31	3	41	82	26	40	53
1	15	11	19	83	90	30	75	38	85
19	84	28	59	88	83	62	31	1	29
78	35	90	76	26	15	41	51	28	22
45	47	4	51	66	72	77	79	82	14
63	7	60	76	80	52	39	22	64	46
89	13	37	41	15	16	9	54	48	82
67	78	28	7	24	77	34	44	33	82
18	48	36	63	11	59	53	71	9	49
42	10	28	68	63	18	57	78	44	59
36	38	88	30	52	51	62	86	2	50
19	48	66	51	46	57	86	80	34	7
21	23	88	58	24	50	6	5	45	44
60	6	30	69	2	5	37	67	83	32
78	31	46	77	1	80	63	62	22	82
55	16	88	80	56	83	63	28	51	64
71	76	27	75	26	57	61	79	30	64
73	35	3	90	63	70	42	45	83	43
62	8	85	67	55	3	49	20	79	78
45	14	67	4	27	36	50	57	7	77
58	50	76	5	25	57	90	80	27	34
30	43	85	47	3	78	45	51	4	18
70	25	60	47	44	64	58	22	77	65
4	55	5	13	87	48	21	10	6	68
11	71	42	37	57	15	47	20	4	41
79	4	25	26	27	24	23	45	66	58
76	6	52	10	67	15	50	83	30	45
40	54	68	30	13	21	23	34	46	73
13	90	31	34	36	63	9	88	18	33
87	86	20	89	22	17	15	72	16	75
79	27	18	21	58	40	45	3	1	33
79	83	27	75	36	69	61	87	1	23
48	12	89	54	73	14	4	40	53	67
16	18	86	90	87	17	68	88	8	21
74	6	23	70	34	57	27	45	21	13
29	48	63	18	25	37	34	13	1	36
75	21	30	66	6	54	36	52	51	59
85	12	65	26	2	5	15	1	63	88
5	36	41	69	83	18	81	89	1	38
55	49	7	66	5	72	42	14	43	38
47	12	18	26	3	54	74	33	42	57
53	60	2	17	36	52	6	89	80	28
66	46	56	37	86	14	33	45	28	9
27	9	18	40	57	5	8	15	7	71
50	6	48	9	11	89	1	19	65	15
21	20	46	53	1	83	17	16	7	36
6	36	15	16	82	57	69	39	46	1
2	60	67	56	49	66	83	43	88	72
66	18	16	75	22	10	46	1	35	26
73	75	23	81	34	60	1	35	69	44
3	60	54	1	59	87	25	47	73	19
87	39	73	8	10	13	68	6	7	19
26	27	30	8	57	50	2	3	25	90
79	86	5	44	8	38	45	50	16	19
34	41	52	86	18	79	15	2	81	68
40	3	63	14	41	65	55	42	27	45
83	78	74	56	20	48	21	33	64	3
70	36	83	47	51	16	2	3	24	55
36	54	47	20	59	17	84	11	87	25
15	10	74	38	65	54	33	6	64	32
15	74	6	11	25	44	19	43	60	18
60	5	57	74	79	38	31	65	75	63
59	15	57	80	84	12	50	11	31	67
34	36	24	15	87	60	46	7	41	2
62	24	37	69	48	78	66	33	47	73
20	45	81	24	48	50	53	62	25	72
2	52	56	42	62	3	13	10	47	12
85	62	41	15	77	63	26	6	11	81
47	37	48	89	18	84	79	38	1	27
4	33	78	71	58	72	63	37	21	42
69	47	32	41	49	38	54	50	7	21
42	52	33	40	81	79	29	90	43	23
40	88	9	58	5	29	71	4	75	65
26	1	50	15	61	6	59	28	45	38
19	11	49	21	56	24	3	85	44	51
58	18	80	29	90	25	57	60	23	52
6	74	39	7	82	52	48	1	81	45
43	52	27	77	45	18	38	31	39	17
66	83	31	1	88	63	43	72	80	4
78	2	55	76	74	23	42	52	31	90
11	76	84	78	45	23	18	75	49	47
10	76	12	80	69	9	13	63	39	28
6	52	84	53	13	43	88	26	72	23
45	85	34	10	1	11	79	37	32	53
34	62	6	74	44	73	59	37	7	35
41	81	6	69	76	36	58	5	20	53
64	56	41	85	24	7	80	42	35	22
82	8	29	67	40	70	75	44	35	14
64	82	1	84	86	39	41	57	49	62
57	60	4	85	66	45	35	53	75	76
7	67	60	36	10	13	56	33	44	23
63	51	37	84	32	28	88	68	35	9
24	88	49	45	21	8	42	46	6	61
89	69	63	23	10	26	20	85	35	66
24	45	4	72	82	53	32	75	21	18
24	46	58	40	72	27	8	30	54	50
56	44	76	5	32	53	38	62	81	36
9	64	60	31	11	56	26	3	88	44
64	45	46	69	57	11	83	9	75	19
84	16	56	13	26	21	59	10	72	98
43	62	59	28	3	65	66	29	16	13
73	11	39	50	80	51	63	60	9	41
55	87	54	79	74	15	33	14	77	7
42	82	66	35	51	31	53	38	79	56
4	38	77	11	17	28	21	67	53	89
84	76	88	10	81	12	45	72	56	42
48	11	8	79	78	51	24	52	49	74
14	9	75	19	46	66	73	21	55	79
35	64	9	30	1	73	21	10	5	15
13	45	48	12	56	43	42	11	76	38
81	50	49	31	72	57	22	55	44	29
42	74	60	53	8	57	38	43	23	82
88	64	33	24	87	71	8	49	14	2
31	13	35	4	16	41	83	18	62	72
70	87	84	7	36	6	60	81	29	53
85	26	35	23	76	55	50	13	51	83
4	73	83	49	60	81	68	9	5	26
31	28	59	34	51	50	86	49	37	62
44	24	63	32	16	11	64	73	40	33
73	38	18	65	30	88	85	5	20	63
37	54	14	65	56	3	32	22	58	33
69	89	77	38	88	79	71	82	54	73
56	59	19	37	17	34	86	42	88	3
83	4	13	11	52	82	75	46	31	28
57	15	31	53	80	27	1	83	51	75
66	72	45	48	11	69	77	4	3	9
50	81	58	85	59	90	46	64	39	26
18	46	20	52	73	38	8	86	2	76
35	16	83	47	2	50	22	40	4	19
1	33	9	37	23	61	44	48	28	30
38	82	63	59	65	70	40	85	11	53
53	83	74	88	46	36	6	49	35	1
37	48	60	28	26	59	19	43	64	66
68	64	85	86	77	16	17	38	57	29
69	85	1	26	56	88	50	72	33	11
59	63	69	54	38	7	28	78	61	2
30	87	45	53	90	43	15	19	40	65
80	50	21	35	89	32	57	33	55	86
39	68	38	11	90	31	30	45	19	12
45	21	31	6	35	22	25	48	87	33
77	73	37	43	61	1	78	34	35	21
42	35	89	84	62	40	13	14	16	76
36	45	26	43	3	53	63	79	66	30
29	89	61	77	55	69	40	28	76	9
53	68	56	16	47	25	21	57	13	48
87	57	73	88	4	15	39	38	74	25
39	45	61	46	63	35	24	54	64	50
2	3	75	56	35	85	14	74	68	79
80	19	36	44	71	25	33	69	8	78
83	74	73	25	44	76	62	67	49	13
12	54	52	72	41	7	87	35	46	69
52	9	80	43	15	1	3	8	21	88
2	49	27	45	26	63	39	38	56	7
37	23	54	14	48	8	79	9	60	40
80	18	79	85	50	64	33	21	40	15
70	19	15	74	46	25	85	35	87	18
32	85	61	42	41	90	45	10	31	66
85	57	83	46	9	44	63	39	73	28
87	3	83	47	77	6	26	22	8	45
38	1	43	27	42	37	70	8	68	25
8	41	52	16	79	35	48	90	76	50
69	46	90	58	47	51	2	76	10	38
86	6	57	4	15	87	4	79	2	16
81	62	46	71	35	54	1	29	72	5
32	23	83	69	68	10	79	59	21	29
36	38	4	33	18	34	7	87	8	28
79	9	19	37	34	74	84	55	65	71
63	32	40	85	67	69	78	73	29	84
8	15	22	59	80	35	76	56	65	40
76	43	64	79	54	34	39	63	5	33
24	66	9	22	21	75	64	35	5	28
49	71	70	58	36	21	26	27	66	83
6	76	20	2	39	32	81	45	50	31
69	2	49	40	19	20	62	82	50	30
18	82	32	15	43	53	22	29	14	4
76	50	48	42	73	29	39	33	54	43
34	2	48	57	56	63	36	37	33	18
59	67	33	18	57	32	8	61	38	73
64	24	4	80	81	16	65	58	70	76
73	27	40	19	2	42	8	4	86	41
1	31	72	18	40	32	81	27	35	80
34	30	50	80	60	26	1	13	63	46
44	9	74	35	75	12	25	88	16	33
41	46	33	73	89	5	15	82	84	90
20	84	36	3	56	5	8	42	31	11
26	71	90	85	54	72	9	88	46	32
3	16	44	37	69	1	88	74	90	61
36	53	19	35	37	33	54	73	61	45
30	2	40	86	82	77	32	74	28	23
40	49	57	51	30	69	66	46	79	21
10	23	16	29	15	65	3	59	73	38
27	41	23	89	13	45	35	76	36	5
72	3	52	41	1	44	2	37	78	61
35	64	71	76	65	47	61	29	2	37
57	13	88	22	28	15	3	75	8	34
36	59	34	56	4	49	41	81	15	58
70	5	83	36	59	56	76	15	32	1
51	54	77	25	18	78	45	61	63	38
65	6	39	31	84	23	9	14	45	81
55	81	10	17	4	88	1	82	59	74
74	84	72	78	30	15	50	3	76	61
30	15	42	28	73	38	86	23	50	40
30	44	29	89	46	66	86	6	69	40
38	19	24	1	59	22	48	64	7	12
55	79	54	68	8	87	59	45	5	51
17	78	47	40	30	55	27	86	3	21
69	20	28	89	46	60	7	78	38	85
65	17	38	75	48	37	62	21	1	86
73	76	10	58	5	33	43	57	49	23
12	6	19	38	55	5	66	50	75	21
35	88	53	47	65	14	79	66	54	45
74	23	54	37	45	13	25	46	27	3
8	27	64	24	49	39	73	42	45	11
56	80	36	39	22	27	14	1	55	77
40	19	61	65	26	50	54	33	45	7
73	35	56	86	83	62	4	87	25	78
6	30	73	4	58	43	34	72	77	23
10	15	78	56	46	11	38	57	30	21
20	6	17	53	56	89	72	10	60	45
86	24	10	21	49	57	51	72	27	1
68	52	10	39	76	15	27	29	42	86
58	83	70	21	72	50	88	55	36	7
67	31	73	41	37	24	61	56	7	69
75	48	67	56	80	11	88	27	43	31
42	77	61	58	65	10	4	35	59	11
78	14	4	90	11	37	12	59	66	13
41	75	12	17	1	60	79	82	85	74
82	15	87	72	73	61	39	17	1	64
78	83	9	30	13	32	86	56	84	31
16	57	49	12	19	65	61	78	76	7
37	42	25	58	57	38	13	76	64	1
34	40	25	22	12	75	53	29	17	51
27	56	73	87	79	38	21	6	1	63
42	17	35	20	62	38	61	11	23	53
88	35	32	39	85	16	2	63	57	44
53	18	88	70	6	9	44	54	65	83
38	88	71	60	31	22	4	75	50	11
28	63	10	54	35	82	29	61	89	1
2	86	18	16	89	14	73	3	80	92
75	58	19	54	22	78	28	40	6	56
11	72	10	24	34	89	49	9	61	35
78	52	72	11	67	22	40	69	30	86
67	59	47	9	20	49	21	77	90	23
44	84	75	61	67	46	77	90	45	29
73	81	74	69	86	33	82	62	28	78
89	48	65	23	37	15	61	78	84	39
18	50	6	27	64	13	32	11	34	40
13	51	87	35	2	21	50	14	33	60
80	14	47	5	87	18	8	9	85	46
12	37	16	18	67	1	21	11	57	50
56	4	57	64	76	70	5	51	73	21
85	10	35	63	25	58	69	4	61	16
76	43	71	53	30	19	1	5	62	49
47	73	86	18	19	61	82	10	25	11
20	5	60	68	22	35	70	76	33	84
61	86	85	53	26	28	14	10	80	70
83	90	66	68	28	45	25	4	77	15
88	12	24	89	83	11	16	40	7	51
1	77	61	89	39	11	52	72	19	6
78	14	8	11	82	10	86	28	76	24
43	9	47	29	71	66	73	10	11	21
34	9	10	15	53	51	6	63	25	68
64	19	9	58	68	55	29	33	30	50
18	15	25	31	42	27	55	83	77	70
26	89	88	46	81	42	22	1	75	70
54	3	89	78	63	46	2	40	34	49
48	64	77	14	11	12	49	66	41	85
31	74	82	21	8	15	83	6	4	73
34	6	16	64	69	53	21	3	33	14
85	47	87	31	2	83	32	88	82	14
2	18	56	82	67	44	69	21	32	83
38	4	82	79	45	50	89	90	11	33
79	62	74	7	12	48	83	36	45	34
25	13	32	31	64	9	11	47	84	43
85	13	19	37	7	51	31	65	47	15
72	3	58	36	74	26	2	70	34	39
57	71	46	52	39	48	58	73	1	85
44	54	65	56	22	5	61	53	1	66
29	82	81	12	4	51	60	25	28	49
90	42	16	29	37	27	9	33	3	56
61	81	58	84	17	72	5	38	64	31
57	13	56	59	31	44	61	66	51	38
9	84	76	49	32	14	88	28	17	74
10	35	4	57	60	31	72	26	40	19
52	36	61	87	6	47	8	42	63	38
23	69	14	84	36	60	33	63	19	48
77	86	76	4	12	33	22	2	25	45
55	45	64	19	42	67	81	38	59	15
1	37	49	85	41	14	63	87	74	38
76	60	14	39	22	65	31	80	51	72
42	54	89	38	28	39	78	69	40	33
3	28	75	70	37	27	76	10	53	62
27	53	56	68	10	86	58	21	85	15
63	35	6	41	71	44	54	72	2	17
70	85	59	9	88	43	39	51	46	4
59	15	4	88	60	64	39	21	48	26
88	19	64	14	7	44	79	72	15	90
40	1	68	14	81	19	79	37	21	87
66	77	12	37	86	47	50	3	74	79
64	40	54	77	16	90	12	80	35	1
1	86	42	37	62	50	69	85	65	53
88	74	20	73	41	31	11	90	37	69
38	31	86	18	72	71	33	63	39	25
85	54	50	35	10	76	72	75	60	80
84	34	33	60	58	40	46	16	53	27
84	11	31	79	63	39	5	17	61	43
13	73	89	32	28	4	59	33	11	21
21	3	34	28	85	81	15	69	26	80
19	18	65	89	14	29	49	46	28	39
40	24	50	68	66	26	28	14	83	33
51	32	25	47	79	1	61	6	11	49
39	79	51	23	5	7	13	54	90	18
37	86	52	71	77	35	29	49	13	61
36	89	64	81	63	55	1	39	13	72
41	15	40	38	89	86	70	4	5	21
34	47	27	71	59	79	1	57	19	45
55	11	74	50	67	53	90	35	27	15
33	82	24	80	13	7	3	69	50	72
38	19	2	9	83	46	53	18	56	90
66	31	38	34	72	10	42	43	28	30
26	2	37	5	46	20	79	60	13	24
12	48	80	34	57	67	74	64	50	82
29	15	64	53	86	49	3	62	54	35
33	73	58	14	89	74	26	49	80	78
51	41	37	20	9	42	18	48	2	28
32	80	5	65	56	1	67	30	18	41
38	22	87	41	31	66	67	65	82	9
39	7	3	80	24	29	25	9	30	6
15	70	54	59	47	8	35	74	45	71
39	89	61	56	22	88	9	76	84	53
20	43	57	12	11	36	10	13	29	9
32	34	1	5	19	22	88	11	75	3
15	66	47	4	3	54	58	9	11	23
53	64	87	30	22	24	61	77	11	42
66	8	35	70	57	64	23	84	1	65
37	14	2	70	68	8	16	62	83	82
64	65	50	7	76	2	51	38	68	60
19	52	58	89	90	16	13	51	72	10
65	13	52	32	46	85	16	30	36	25
6	44	11	49	81	29	67	13	36	53
4	53	10	5	39	54	56	43	42	9
47	84	61	9	81	82	32	56	1	27
23	33	28	2	70	37	71	43	11	86
33	73	19	50	49	58	44	47	72	1
56	42	19	31	38	68	70	14	59	10
8	50	64	19	16	82	57	2	77	61
21	89	56	42	49	1	28	25	67	47
41	51	68	80	14	39	6	1	53	3
8	23	54	22	49	36	66	72	2	77
20	19	56	24	80	45	85	48	72	78
49	4	70	55	77	84	34	76	17	6
21	65	84	90	28	30	25	34	27	6
20	40	34	37	67	49	57	61	13	26
58	57	30	61	24	27	83	41	56	31
41	59	18	38	8	26	14	89	80	1
40	65	45	11	38	1	10	7	17	50
22	41	14	21	10	90	7	20	37	74
41	61	16	29	52	36	58	44	14	22
42	44	64	69	75	29	35	6	59	62
33	29	72	52	8	76	47	45	30	25
29	68	72	17	87	66	15	27	14	7
34	35	58	33	38	49	52	88	28	87
19	15	38	10	85	78	87	77	62	22
12	34	86	77	14	21	20	64	49	4
31	83	64	4	65	73	23	90	15	89
29	68	72	18	30	42	19	61	77	33
9	45	73	90	18	20	29	81	74	2
25	14	74	56	2	83	33	89	67	28
36	68	69	71	58	43	57	27	25	67
41	49	72	56	10	78	28	36	66	37
1	57	33	41	7	90	87	32	53	20
35	10	1	76	49	44	63	5	18	36
16	47	87	4	2	42	26	21	55	6
20	53	6	15	56	19	11	76	39	41
6	81	80	87	35	76	90	33	17	13
5	19	51	11	32	71	15	27	1	28
59	38	64	35	48	40	60	20	13	17
34	5	76	79	29	88	74	7	71	3
7	48	68	15	90	19	35	54	87	53
59	51	83	67	72	28	43	45	57	46
21	88	55	64	58	69	10	60	45	42
31	49	23	83	55	38	54	71	11	77
81	12	78	67	35	61	74	50	32	46
21	66	60	55	25	89	5	32	3	28
21	80	87	25	53	61	60	85	41	53
42	70	5	60	31	1	49	21	17	74
16	17	24	27	79	86	21	75	67	72
38	11	70	30	58	63	40	21	19	25
1	33	20	6	81	67	47	72	8	19
37	85	4	31	36	13	44	32	74	65
44	84	74	41	63	72	27	57	88	61
51	20	35	86	26	83	87	2	4	82
35	48	10	16	75	26	4	65	22	37
4	36	24	83	5	6	77	37	86	49
51	59	13	77	36	72	33	81	62	47
50	80	64	54	74	46	1	61	5	55
28	6	20	48	50	56	85	24	77	23
83	85	59	65	50	51	41	17	77	25
23	58	32	28	42	30	63	20	10	90
52	67	36	71	59	86	22	4	58	48
20	71	42	33	36	5	22	57	19	52
37	68	9	87	75	22	41	11	23	50
55	24	12	39	49	46	72	29	78	32
57	50	33	44	71	65	55	63	35	41
35	85	25	30	76	61	20	44	48	83
10	37	40	71	57	58	62	64	61	72
34	62	86	32	35	19	78	11	55	75
24	3	30	53	69	61	45	19	23	62
13	38	35	11	90	15	7	80	41	19
35	5	86	2	12	47	40	90	7	61
34	14	83	82	2	77	75	85	84	78
23	56	40	75	24	42	50	61	48	45
81	58	21	35	24	22	72	39	45	48
7	57	19	85	76	3	13	48	36	4
69	21	74	50	3	80	19	75	34	4
57	47	51	9	22	90	43	34	48	73
34	41	68	66	13	16	28	63	83	71
68	61	4	71	67	64	28	14	10	50
22	28	49	55	60	29	87	12	72	78
17	90	87	84	39	4	64	28	25	45
34	67	25	54	73	6	2	86	41	45
10	83	24	6	50	78	67	89	37	73
5	71	14	31	87	28	12	51	84	48
21	53	47	62	19	39	1	89	13	88
23	58	30	60	64	47	56	14	41	53
45	83	72	64	80	54	55	68	77	14
39	49	20	6	84	59	44	24	82	62
2	54	69	1	29	3	49	43	56	27
54	60	53	81	38	42	3	89	40	10
1	24	79	55	51	13	4	90	11	25
27	21	33	30	5	8	89	29	14	40
33	74	69	48	21	59	78	66	73	11
9	10	81	51	3	66	42	5	41	16
7	85	89	82	73	86	47	40	23	49
31	84	63	59	20	30	16	7	19	18
45	29	42	85	6	75	65	37	33	47
86	36	65	30	41	67	4	87	18	76
86	30	87	13	79	83	70	27	55	77
86	27	48	78	85	46	76	70	55	37
55	28	69	5	74	36	68	83	46	12
84	49	55	51	18	45	80	17	47	75
49	71	29	36	86	33	47	2	31	48
6	27	72	88	41	8	18	19	46	5
12	56	71	3	11	14	26	18	37	58
24	34	44	13	88	6	76	66	40	67
56	27	1	81	9	70	13	65	37	50
73	25	44	80	38	31	64	57	29	27
52	7	38	45	49	84	10	62	67	81
8	51	40	82	22	58	13	55	36	15
73	38	39	82	61	88	1	69	4	32
80	17	37	87	78	48	77	30	65	66
4	52	46	76	58	27	42	44	17	56
34	10	39	42	2	12	13	67	11	29
20	24	73	85	82	3	48	37	57	28
8	55	51	21	70	61	7	85	15	45
11	38	9	16	74	87	13	6	8	45
10	22	23	43	87	16	17	3	42	48
4	82	2	28	26	7	32	39	77	63
59	65	83	66	86	29	19	6	53	25
21	45	38	72	47	6	13	3	43	18
48	46	88	33	79	40	24	63	53	42
74	19	64	24	48	31	57	13	54	75
21	45	26	2	49	83	37	33	85	5
50	18	32	82	33	12	34	51	77	38
88	67	19	59	51	89	58	12	73	9
13	21	22	61	39	73	30	65	23	5
15	31	77	6	73	46	67	11	33	24
89	56	19	81	7	32	84	59	21	61
56	68	36	71	58	90	62	76	35	41
33	6	18	90	62	16	76	58	50	48
15	89	67	59	35	77	90	26	76	17
75	61	8	53	65	32	39	22	43	7
25	6	68	44	53	46	87	29	14	47
15	22	38	85	44	30	31	67	58	47
71	77	27	46	5	54	67	36	76	1
7	87	32	20	90	84	55	65	74	10
20	71	86	42	23	53	41	43	5	82
78	12	53	50	70	58	19	23	76	86
26	7	15	50	79	31	44	21	82	37
42	53	38	44	32	78	47	74	13	51
42	51	49	85	28	63	67	41	66	25
82	17	10	79	63	41	75	15	26	14
6	22	53	48	51	73	72	12	66	46
90	17	77	2	10	65	74	12	75	4
21	38	71	78	85	45	54	18	25	32
19	72	70	46	52	21	37	77	14	8
76	33	5	3	53	15	64	63	7	29
42	64	29	74	62	18	8	77	69	45
14	68	65	74	10	46	67	21	18	79
45	52	54	63	60	79	76	26	73	66
30	68	82	72	10	88	26	8	78	15
31	12	22	49	27	57	30	25	17	72
65	33	76	31	79	70	68	63	80	12
1	90	80	58	10	22	17	3	67	25
43	62	83	90	58	80	52	13	73	75
28	78	39	76	5	21	16	61	36	69
90	21	57	41	82	2	61	7	20	85
71	31	6	74	80	42	30	55	18	41
38	20	33	10	32	45	64	61	42	14
31	14	16	70	58	35	75	74	26	85
33	65	17	66	76	84	19	1	29	64
16	75	86	58	52	66	87	12	21	72
66	35	38	37	26	59	24	43	4	13
31	87	51	66	62	90	76	12	59	32
9	26	62	74	13	24	66	41	88	86
64	14	68	32	59	37	40	50	22	28
24	73	74	75	69	6	51	11	42	12
25	73	52	9	16	36	82	63	21	32
65	42	27	77	39	63	72	54	53	41
62	57	75	4	11	82	9	25	72	17
38	75	29	83	58	82	74	63	35	42
41	26	43	87	1	68	34	30	53	66
20	12	75	26	74	65	68	48	7	1
77	47	46	38	43	30	49	62	73	45
28	37	20	5	71	44	81	77	46	69
23	22	66	27	28	55	25	77	61	15
55	69	79	7	29	70	5	27	47	52
74	27	79	13	61	57	70	71	7	42
11	69	34	15	17	89	40	72	90	61
13	47	86	12	50	8	57	66	10	28
50	2	53	51	34	40	66	29	89	35
65	68	71	45	48	54	15	72	56	7
68	90	20	24	8	78	28	19	25	30
19	37	83	40	44	54	86	84	72	32
38	35	47	87	28	70	18	23	74	46
89	57	55	12	79	11	62	28	72	33
69	86	75	10	57	12	30	7	55	79
62	30	55	43	50	48	45	65	82	78
81	67	87	14	12	83	42	85	23	20
24	90	44	86	50	10	4	43	17	1
70	51	5	85	42	39	61	28	46	8
29	3	79	16	42	71	61	28	49	60
43	22	68	79	37	77	1	44	24	13
37	59	81	80	66	25	15	29	24	73
8	10	27	25	89	53	56	86	3	13
73	6	72	57	23	14	48	4	20	18
6	68	29	46	37	7	12	66	3	4
64	1	42	60	69	7	46	26	56	57
19	67	23	78	57	46	56	83	88	58
68	46	8	47	38	30	82	52	74	77
64	17	24	34	65	30	81	51	19	52
80	70	72	88	67	44	66	13	68	26
39	76	24	37	26	21	8	42	35	2
83	7	55	5	16	65	6	30	76	57
26	60	41	8	38	17	47	86	63	66
38	21	52	20	33	40	49	55	63	3
14	75	61	18	67	1	13	7	78	76
78	29	83	70	79	63	15	90	13	84
13	65	69	53	19	48	36	84	38	49
19	81	13	45	52	71	69	79	89	62
5	58	10	27	77	18	21	3	45	11
7	76	62	51	20	8	78	10	81	70
34	41	11	23	24	72	18	35	30	14
9	80	75	23	69	59	21	18	48	88
22	81	19	9	6	77	62	10	18	69
12	75	81	68	20	82	58	84	28	37
9	75	35	8	23	58	55	83	66	86
12	71	20	36	29	46	1	43	68	63
5	78	87	64	62	76	40	13	19	31
24	85	9	34	60	86	66	41	33	72
27	73	59	13	70	38	29	68	23	88
10	59	34	3	65	52	20	41	61	29
5	6	78	38	47	1	12	80	52	16
20	70	58	65	59	54	15	29	52	43
5	31	47	86	57	66	30	13	6	49
4	24	35	12	54	19	47	17	45	49
3	42	61	5	73	11	48	66	14	54
56	21	13	45	49	27	46	74	29	12
45	16	89	66	32	35	63	69	3	82
17	30	89	74	84	83	62	7	25	40
9	8	49	90	80	48	63	28	7	58
21	32	39	1	52	16	2	13	55	31
21	18	41	26	19	1	46	57	45	16
38	65	48	87	16	54	57	79	56	18
19	34	14	39	12	68	63	26	48	36
32	76	33	70	31	16	13	9	7	43
3	38	22	42	59	37	48	26	13	32
66	83	27	59	15	42	76	6	58	40
7	21	16	30	67	50	57	80	45	3
12	82	22	85	64	35	80	90	72	89
13	35	26	33	38	21	57	16	78	64
9	48	72	66	23	11	76	4	10	13
87	11	37	45	56	28	66	53	71	13
68	6	87	22	73	34	37	89	28	69
3	19	70	52	39	15	50	66	16	58
19	81	40	10	8	22	63	38	72	51
33	31	64	38	79	74	12	34	30	88
83	52	19	68	3	11	10	38	40	24
46	59	14	58	86	62	27	13	19	64
87	16	58	4	69	41	22	75	79	1
87	64	60	39	38	89	45	53	36	26
39	24	71	50	72	47	74	17	43	55
87	71	68	70	84	8	61	24	41	77
21	10	34	84	45	63	66	38	13	35
86	80	56	89	51	75	3	16	66	52
1	2	34	7	6	17	85	60	4	77
34	30	21	22	78	47	50	80	66	17
62	38	6	40	53	8	29	36	7	79
53	24	89	57	19	86	22	85	74	44
34	11	32	13	43	88	64	27	65	42
36	57	67	1	76	74	12	17	81	7
44	87	45	20	33	29	1	83	10	68
36	80	24	73	86	19	77	48	10	14
35	64	26	1	36	79	78	71	6	5
16	88	24	8	37	53	17	81	61	78
19	87	37	43	34	13	1	84	61	73
37	20	65	25	36	29	41	6	10	42
84	72	67	17	80	23	2	66	63	77
86	59	73	18	47	28	53	85	42	62
85	37	60	86	31	12	87	1	43	25
86	4	9	13	19	14	17	67	24	2
64	6	83	8	43	68	76	82	69	16
17	1	64	37	31	72	78	46	45	11
5	69	55	24	2	37	15	61	19	46
18	22	65	70	6	40	27	11	68	8
35	42	75	2	66	64	39	10	84	26
2	45	39	76	77	38	42	71	70	10
56	17	6	85	81	33	4	90	64	89
53	74	52	37	3	34	73	15	80	64
31	76	39	55	40	13	6	34	30	67
12	22	14	11	23	34	9	67	53	83
31	15	79	5	44	84	62	48	59	39
51	81	77	39	88	31	1	61	49	74
33	38	58	24	55	79	16	13	66	12
55	50	77	8	59	1	60	35	41	13
31	80	35	33	11	74	73	46	2	17
19	46	57	60	9	75	24	72	4	26
78	51	62	69	9	34	76	59	87	27
50	85	79	8	81	68	9	53	16	83
30	51	36	14	38	40	21	85	29	46
16	24	58	13	31	8	82	22	62	25
37	86	58	57	11	48	26	87	17	67
58	71	89	80	51	76	49	28	57	7
71	54	44	13	12	65	63	89	15	20
67	47	59	38	8	19	54	33	13	4
71	3	81	23	77	2	79	65	11	56
71	49	85	67	8	41	89	4	47	25
49	45	86	17	80	1	15	51	76	54
38	52	70	3	51	54	34	30	61	40
38	48	45	43	18	57	77	10	85	1
9	16	57	31	24	41	72	54	8	30
77	73	38	39	3	19	16	24	26	82
35	54	16	88	4	81	42	32	24	34
9	38	2	4	67	19	34	54	48	66
2	21	32	77	89	84	30	70	57	31
2	5	33	57	11	83	76	16	32	15
5	68	31	28	53	77	84	79	22	2
20	5	80	25	89	76	22	39	70	59
20	22	80	3	58	82	25	7	60	11
32	40	41	5	83	79	89	18	74	77
51	1	50	82	84	71	54	32	11	64
50	29	78	87	43	8	89	48	73	42
77	11	49	12	24	14	42	32	48	13
24	28	55	77	40	22	45	59	7	29
59	69	33	62	31	48	84	54	71	16
58	26	69	59	82	38	24	1	11	4
85	79	18	10	39	15	65	4	16	84
18	39	83	71	36	34	29	84	8	25
9	58	62	5	28	83	35	72	32	70
52	61	60	32	62	30	90	83	37	89
81	60	3	14	21	31	17	87	23	73
4	84	7	39	86	34	90	53	68	30
7	81	56	89	1	64	38	3	16	41
9	18	78	79	51	90	55	25	11	52
50	74	34	56	61	66	14	4	78	30
6	56	73	47	81	42	40	26	35	72
59	3	37	41	7	35	72	26	29	74
1	36	40	20	30	33	47	78	16	15
64	22	50	2	26	81	70	44	72	4
50	46	55	33	54	19	64	10	23	72
81	46	85	15	19	42	57	78	6	61
22	30	83	49	66	77	90	82	6	64
64	47	46	11	82	14	40	77	24	26
81	75	66	6	45	78	77	24	14	61
82	48	5	75	72	90	89	19	10	25
41	57	63	24	86	74	79	89	6	35
22	38	86	51	56	26	15	62	74	10
50	33	19	49	41	43	85	48	77	8
33	73	47	74	2	18	31	86	6	61
32	11	87	39	48	56	6	76	77	14
5	37	34	45	57	78	89	19	35	32
6	54	17	50	74	87	5	11	16	40
85	61	69	78	17	76	71	40	31	53
35	57	24	73	53	61	64	18	25	19
34	32	20	11	54	27	1	10	64	74
20	5	53	6	58	35	48	29	10	38
58	38	2	76	89	82	74	68	28	54
60	51	42	40	66	82	90	14	63	78
58	16	86	44	62	33	77	6	55	8
10	56	38	40	83	51	24	18	7	64
70	81	86	4	74	46	6	66	80	40
17	39	75	60	76	22	49	62	50	40
35	52	36	33	69	26	78	66	37	76
67	79	24	12	33	32	4	20	58	14
67	41	64	30	2	75	73	82	34	89
67	33	6	86	73	69	57	25	1	24
37	51	59	26	31	24	65	18	64	42
69	37	13	38	49	53	88	76	63	26
86	18	60	19	16	49	17	66	79	29
69	53	61	81	36	17	38	80	45	25
79	76	75	15	36	72	53	17	4	6
81	86	11	42	87	51	19	14	66	36
81	84	3	34	16	4	82	23	75	69
34	38	57	86	32	23	16	61	53	10
38	12	5	61	88	78	62	75	13	53
49	22	2	55	88	13	74	47	35	62
49	19	66	16	77	48	12	2	61	85
19	35	90	36	9	42	79	26	15	12
19	79	15	17	2	46	77	52	28	18
2	70	17	21	69	50	71	25	4	23
70	1	23	3	50	57	69	15	58	2
70	72	26	64	68	3	60	11	16	28
70	31	17	25	29	39	30	79	61	5
25	63	89	57	23	5	77	14	18	50
8	64	3	32	70	86	15	27	22	4
63	55	90	1	34	17	7	3	15	85
1	44	72	71	88	66	42	52	6	17
44	61	82	26	16	6	19	36	77	18
82	55	74	46	57	32	87	30	75	60
1	13	43	5	23	34	37	11	29	19
5	86	56	2	49	41	50	57	52	67
36	39	58	64	16	87	44	60	48	24
36	24	65	4	27	53	8	79	18	85
36	64	54	51	67	88	50	90	27	82
54	9	14	36	20	61	77	78	25	34
9	33	11	82	44	70	86	81	30	48
37	76	43	75	42	4	23	59	83	41
75	23	71	32	51	16	54	27	50	17
75	64	30	74	51	14	67	55	70	66
34	59	13	21	15	38	19	55	74	9
59	82	35	36	66	61	44	22	39	27
59	8	71	10	42	1	62	78	67	75
75	62	55	82	30	63	89	7	48	86
30	53	36	50	10	9	72	67	89	29
83	81	22	82	70	63	42	16	48	12
75	50	28	69	30	26	38	88	73	7
28	6	3	30	72	44	5	71	49	20
24	55	17	21	33	32	83	80	45	25
83	29	74	63	89	20	84	67	46	52
29	41	81	85	68	45	43	3	82	69
85	7	9	49	65	42	18	14	88	50
6	88	86	51	54	11	80	42	17	66
11	46	61	67	10	29	75	7	27	23
33	53	46	23	64	63	72	10	13	12
44	22	38	31	51	9	2	61	52	13
37	35	79	81	23	12	43	48	39	63
44	77	27	85	59	88	29	73	87	2
17	52	26	23	69	81	46	47	70	89
3	83	16	55	24	28	42	27	45	54
69	76	88	72	11	73	4	9	55	56
13	7	90	2	66	29	9	57	46	25
71	37	40	11	16	13	34	76	8	20
1	43	67	86	62	59	17	70	40	52
1	20	47	37	78	82	21	10	62	12
31	69	45	23	13	28	17	43	14	15
39	81	86	25	13	89	46	31	18	78
39	83	72	48	4	7	20	57	62	30
66	45	43	22	62	73	39	77	42	37
66	74	58	41	27	89	85	61	16	64
27	89	21	54	17	6	26	78	88	33
1	64	41	67	89	38	22	58	30	8
7	24	90	74	42	68	78	81	50	37
24	13	47	59	31	88	61	65	5	89
79	31	4	87	37	54	72	88	35	22
32	38	41	75	34	60	84	76	30	24
28	85	39	50	23	48	53	79	37	33
7	84	1	74	57	45	53	29	82	78
83	22	39	79	52	3	27	76	59	4
23	49	66	22	81	37	78	36	76	63
74	25	7	6	47	16	51	75	89	22
7	47	59	43	6	38	84	12	45	32
23	48	67	40	17	87	86	3	54	29
48	74	55	26	31	57	58	5	61	11
78	57	40	34	38	12	4	77	49	10
78	72	71	50	54	76	83	23	62	70
70	67	2	61	87	13	78	25	19	33
61	70	76	15	12	79	75	25	57	81
84	89	53	38	36	90	18	47	17	25
36	52	83	70	41	29	9	4	25	33
25	5	84	42	53	65	28	24	63	75
60	70	86	79	33	64	28	55	69	5
70	15	36	50	82	27	16	67	46	49
49	71	79	33	48	90	89	67	16	44
63	32	24	76	5	75	70	55	62	67
23	50	24	20	44	60	41	45	88	52
49	83	50	84	9	35	44	26	28	10
19	89	56	18	11	72	17	61	29	46
63	81	58	67	33	32	70	48	35	29
70	2	29	26	43	87	14	75	19	78
79	50	56	45	51	49	59	40	29	35
79	51	19	56	59	5	66	25	32	62
2	65	86	35	1	27	54	22	70	20
29	90	32	78	28	26	15	77	16	53
33	43	28	82	83	76	32	64	18	74
43	33	68	30	58	45	20	65	59	47
25	46	78	85	4	87	6	10	44	61
67	35	2	45	27	73	42	56	18	41
60	71	59	21	85	8	12	3	14	11
44	32	21	72	82	87	55	37	40	11
35	74	86	83	22	63	8	54	26	84
45	85	31	2	16	73	14	22	26	52
39	21	48	36	11	63	32	72	5	8
48	68	29	2	85	88	21	56	14	16
31	54	30	46	57	33	29	35	32	36
25	56	4	46	86	17	16	80	53	49
57	12	32	62	58	6	4	66	77	30
37	79	85	49	32	63	16	81	57	14
28	3	8	32	35	24	22	51	60	30
28	75	13	56	23	30	44	66	4	20
80	62	57	21	17	66	45	40	10	58
38	72	47	53	35	48	78	49	33	30
48	41	11	34	36	28	70	20	67	53
28	9	62	7	44	2	15	46	29	31
29	32	26	7	82	86	23	47	13	2
55	25	27	6	15	74	58	22	60	41
55	10	90	31	4	13	83	66	85	25
88	36	16	89	30	44	38	83	26	4
47	48	87	19	84	12	58	57	74	79
60	26	11	69	57	53	1	89	45	12
84	13	3	15	21	46	11	81	67	61
58	81	43	68	62	66	15	46	85	72
81	70	47	44	5	21	76	66	17	12
47	46	90	58	45	74	13	56	4	29
39	90	70	50	42	11	84	15	51	10
78	85	23	21	28	6	76	58	27	39
28	62	32	4	9	35	52	49	20	59
59	75	14	68	10	16	78	27	90	84
82	10	25	85	71	12	36	78	17	32
32	10	57	20	64	45	71	42	11	89
59	37	76	58	6	8	72	19	82	77
77	89	71	8	78	6	85	26	49	42
79	31	2	74	54	18	63	73	83	78
54	88	10	30	22	9	83	82	52	43
14	30	55	71	22	48	64	15	27	6
15	24	70	80	72	66	62	75	53	27
62	32	70	17	83	6	25	28	29	45
29	40	63	68	72	57	46	70	31	23
70	32	14	40	46	75	1	25	43	35
15	83	88	58	1	48	59	47	6	37
15	13	53	49	43	62	59	1	45	23
23	74	21	82	18	29	30	45	53	66
18	89	84	16	69	32	59	55	67	23
32	73	43	60	85	50	44	76	9	90
76	40	20	31	65	12	26	24	64	2
2	6	84	29	71	67	60	35	22	70
42	50	88	57	62	41	61	72	17	24
58	68	23	82	45	62	41	33	76	13
47	87	35	69	19	60	41	50	89	11
30	24	62	68	13	81	74	88	17	86
24	44	65	83	90	11	5	3	78	72
65	81	5	21	11	31	24	46	89	85
65	39	90	33	34	35	42	68	20	22
60	33	64	70	27	35	3	15	2	25
33	19	43	46	50	41	48	17	42	77
14	7	62	80	67	87	34	12	83	54
53	2	4	84	90	29	23	61	51	77
39	37	72	84	52	3	11	18	30	45
1	32	65	78	62	5	2	87	28	61
83	31	67	25	54	62	49	88	45	85
45	83	73	61	82	12	84	67	25	47
32	61	83	5	25	2	8	59	58	49
25	8	40	70	11	44	22	39	31	42
3	26	6	38	56	35	2	82	28	9
1	52	88	22	80	14	48	58	55	6
3	28	81	56	1	41	30	19	22	63
30	12	23	78	71	79	22	65	60	11
79	5	51	61	15	85	71	72	6	10
2	30	60	73	79	24	70	82	40	53
4	23	64	63	89	30	62	66	27	72
1	42	86	59	83	18	10	21	73	32
2	76	38	58	75	44	28	74	18	79
2	30	65	79	8	82	18	15	6	39
5	81	37	54	13	69	44	32	6	63
2	72	37	47	32	42	1	59	10	62
28	26	1	22	62	63	15	80	82	67
69	42	24	81	59	28	80	48	55	12
55	79	25	35	62	44	28	53	49	56
1	51	76	54	37	17	31	53	62	33
6	88	9	23	90	86	60	46	40	69
3	67	56	72	43	77	17	63	89	42
3	6	85	67	82	59	43	89	70	23
2	1	68	17	42	14	41	74	80	47
50	82	7	79	89	27	43	72	10	18
5	70	76	68	49	72	39	65	32	79
1	13	57	58	75	60	6	63	74	49
71	56	36	46	13	64	24	90	44	4
27	74	33	78	25	30	69	70	42	15
67	4	41	21	23	78	68	73	71	42
7	68	14	23	79	4	16	6	85	13
38	83	8	70	59	67	27	23	85	5
38	51	81	19	1	83	78	48	77	10
1	35	13	37	44	66	2	88	4	18
66	61	72	15	41	77	4	83	26	30
61	65	84	38	35	5	73	60	15	89
2	62	54	77	13	74	5	88	63	67
1	51	38	50	41	78	20	11	81	10
21	86	84	38	33	32	63	51	2	90
11	23	18	46	29	25	37	64	16	77
65	67	32	29	57	64	20	68	73	13
81	24	52	33	32	78	76	72	27	1
48	47	77	85	82	46	22	72	62	44
13	64	79	80	26	49	34	67	58	85
48	87	41	80	74	86	1	2	43	32
47	1	70	73	68	22	27	55	76	28
2	63	10	11	74	31	88	30	48	87
47	15	38	36	80	3	2	42	77	84
63	20	78	86	76	74	62	77	49	59
28	36	89	10	21	20	71	62	55	77
8	81	62	65	60	78	15	29	4	87
79	62	63	31	52	25	12	71	80	61
20	85	59	82	69	46	14	6	33	23
5	77	14	19	43	45	29	66	63	23
10	8	39	48	90	31	25	76	38	42
23	21	24	61	39	71	8	80	32	66
47	58	6	86	3	15	9	36	89	7
29	32	72	62	41	51	43	76	66	3
50	29	64	62	13	86	48	75	58	89
58	25	7	19	74	24	52	36	5	38
24	65	20	44	62	13	2	3	87	4
66	11	31	47	76	32	72	53	75	38
47	28	16	87	82	17	55	41	30	85
85	82	42	8	14	86	61	25	5	52
52	37	45	34	51	30	77	44	89	73
79	21	80	70	67	1	2	76	32	58
48	4	11	38	12	82	90	33	26	18
67	7	35	70	34	44	17	78	46	12
81	54	60	20	86	79	80	7	13	37
24	28	62	74	79	59	12	72	27	60
27	90	7	85	54	70	50	28	71	16
34	46	44	67	20	12	81	80	30	35
75	16	66	29	23	29	64	36	26	65
35	57	86	9	13	75	78	28	1	17
6	60	55	87	65	46	10	43	63	27
14	45	48	1	6	81	31	59	13	70
23	22	14	2	5	40	73	68	13	51
9	16	86	15	63	68	77	65	18	59
14	53	65	54	47	11	52	13	12	20
52	67	79	26	64	48	28	1	31	45
4	24	6	42	14	52	43	70	77	3
83	34	78	68	80	46	87	48	33	1
25	71	75	65	64	19	20	16	35	21
13	36	65	18	77	27	31	3	80	45
15	50	36	29	64	26	85	44	63	5
39	69	10	26	85	65	30	44	14	34
39	45	36	90	70	50	56	26	83	54
57	79	15	22	37	58	82	60	64	40
81	30	28	52	68	4	70	75	44	46
27	71	19	3	24	73	82	60	48	66
71	48	49	77	47	74	73	89	63	29
2	79	46	28	22	49	41	44	17	52
84	7	47	46	13	32	10	70	3	28
77	83	80	53	40	14	25	67	44	35
44	67	24	58	64	48	17	33	88	69
70	71	40	47	33	42	3	79	57	5
84	31	16	1	85	2	18	19	45	50
23	29	11	45	21	28	63	38	61	4
63	7	39	26	62	42	47	25	17	54
39	59	69	64	54	82	68	61	46	20
79	33	9	70	69	12	67	16	1	18
6	75	69	36	41	31	40	32	21	86
32	27	64	86	67	8	45	16	1	47
49	38	48	51	88	86	30	6	40	72
66	54	86	55	46	37	39	29	20	5
11	71	8	6	84	26	27	9	86	16
54	35	25	28	13	11	82	29	83	3
8	52	41	74	88	5	77	79	64	7
64	43	72	65	59	58	12	18	61	66
71	60	85	6	75	29	13	56	28	55
14	31	6	38	8	60	37	66	5	12
66	2	45	29	12	35	25	3	18	68
49	29	51	11	82	26	60	15	48	13
17	62	43	19	80	21	29	40	90	46
78	75	89	43	71	76	77	39	6	15
49	70	67	6	71	29	12	1	26	85
11	2	88	18	64	62	6	80	33	4
49	35	18	88	13	66	41	50	87	4
78	3	63	6	90	84	72	7	73	56
71	2	28	83	19	12	18	73	69	25
59	24	80	37	57	74	39	35	47	32
11	24	81	65	67	15	53	54	4	17
45	11	24	17	37	61	62	75	69	13
27	14	40	31	49	28	21	33	89	61
33	1	81	49	3	12	37	77	8	9
7	69	64	81	71	41	25	36	39	15
13	23	80	40	32	71	19	44	29	46
46	30	88	61	14	59	72	11	24	16
13	23	80	40	32	71	19	44	29	46
57	60	5	85	7	36	53	61	44	87
3	30	81	59	25	51	31	4	44	84
69	14	90	87	17	48	45	82	2	60
67	24	8	56	13	80	10	55	11	2
15	7	39	4	77	49	60	21	78	16
83	36	80	48	42	38	11	28	68	12
73	28	84	16	49	86	75	71	25	74
12	36	80	18	4	78	22	11	75	71
27	15	77	4	83	68	89	46	70	41
23	11	52	78	1	66	87	5	47	42
48	16	69	33	68	84	35	19	6	4
51	66	54	70	23	34	57	75	52	67
31	78	8	1	87	85	83	32	58	61
37	38	89	14	34	85	18	63	29	30
29	42	54	51	49	3	2	36	76	30
2	45	1	70	43	17	33	13	28	53
28	57	34	80	64	68	10	90	30	48
49	56	39	57	69	77	85	71	36	83
31	77	20	47	55	81	73	84	35	38
79	47	14	37	67	80	72	73	24	23
46	69	57	12	84	17	51	28	25	88
3	38	53	29	66	30	45	44	22	58
11	52	32	78	12	23	17	42	82	54
39	76	17	62	7	82	67	30	73	77
52	16	49	27	17	26	41	44	63	8
65	18	24	34	25	68	77	49	15	33
15	36	19	28	78	43	59	7	41	60
79	7	4	28	55	2	5	9	12	33
56	62	68	83	17	77	30	6	47	46
25	43	48	6	67	8	32	1	71	78
23	5	86	15	19	17	26	75	78	12
11	7	46	33	37	21	59	43	74	26
7	23	89	28	29	54	36	19	37	4
36	59	47	54	37	68	32	26	24	35
15	68	56	18	46	39	36	47	85	14
52	79	51	76	5	28	62	13	7	39
4	52	54	24	88	49	78	71	86	16
71	9	88	61	42	16	52	58	22	17
42	48	76	43	89	30	5	22	70	34
42	10	30	72	38	75	77	45	62	40
62	40	2	61	7	76	28	31	36	53
31	73	24	75	63	33	82	42	4	44
81	31	76	47	77	28	19	4	1	18
37	1	52	75	85	31	77	10	50	36
69	80	64	67	73	66	7	14	48	84
70	43	2	57	52	29	55	24	13	73
76	17	30	79	40	3	85	49	48	16
23	9	67	90	54	12	51	45	73	87
33	63	38	77	76	17	59	29	14	51
84	20	30	69	54	39	67	59	51	49
25	12	61	30	42	14	87	9	39	66
8	84	38	14	10	87	67	11	48	43
37	45	38	12	10	24	78	67	72	23
67	19	56	42	45	7	2	17	83	53
42	10	6	3	84	79	48	20	33	7
71	5	59	28	77	85	15	43	62	10
30	44	66	77	36	88	69	42	71	51
65	30	84	50	31	18	51	61	72	75
42	47	77	53	67	32	84	89	34	61
52	37	83	21	69	82	24	58	4	22
71	18	33	86	47	51	45	76	10	78
25	27	43	74	77	67	26	55	87	4
67	27	43	26	46	78	18	25	44	73
64	8	35	54	41	36	23	63	38	90
3	36	34	9	58	73	59	43	64	4
56	71	24	60	37	25	15	6	28	42
42	79	65	28	22	37	70	11	45	74
34	4	83	19	8	37	49	48	58	68
68	51	58	80	65	44	3	85	73	5
86	38	60	66	63	17	11	51	41	90
17	84	26	32	74	65	36	43	28	34
56	73	85	83	1	58	2	66	90	45
66	76	42	12	8	77	83	10	60	40
73	71	85	66	72	78	80	8	63	21
59	64	55	80	10	21	25	27	35	1
10	84	16	52	66	83	72	3	36	59
66	12	10	45	65	69	68	19	70	7
63	61	4	50	69	22	7	1	46	86
50	56	17	71	69	37	28	10	24	45
24	59	73	65	61	18	2	89	1	83
61	5	36	82	54	16	85	3	10	45
16	19	86	53	71	35	62	56	52	41
62	40	60	33	46	29	54	16	13	18
64	88	5	81	25	4	89	3	22	33
35	88	89	5	49	53	13	73	46	78
49	77	10	62	6	5	3	31	34	44
62	30	35	47	9	48	79	84	42	65
30	31	2	78	38	7	27	55	85	72
74	36	70	88	76	31	34	49	16	12
40	43	44	7	86	65	8	26	72	1
74	57	83	9	46	60	56	3	55	24
26	44	5	65	6	36	17	71	13	47
75	12	49	33	66	40	24	51	89	29
11	1	30	80	88	7	31	38	68	86
37	15	19	48	71	26	6	44	72	8
61	70	23	10	87	38	89	32	1	3
78	64	33	86	35	12	49	48	22	8
31	86	90	28	84	4	35	77	16	61
17	19	76	82	51	20	89	1	73	57
73	19	77	82	29	59	44	42	67	33
48	35	76	69	39	19	7	1	33	73
56	29	13	87	45	21	34	55	69	11
77	5	78	45	73	42	87	72	7	28
46	2	29	23	36	72	66	15	51	70
66	10	74	59	77	42	24	63	8	61
41	59	54	74	13	81	70	12	15	72
36	3	72	70	68	10	13	42	55	45
24	79	85	2	38	21	4	78	39	11
71	42	60	6	80	30	68	78	23	27
26	80	29	57	78	4	16	84	32	67
27	54	67	39	25	28	36	4	17	64
25	76	66	32	70	38	28	71	17	7