1	1	1	1	1	1	1	1	1	1
61	29	36	82	77	5	84	49	46	7
6	88	11	9	68	63	28	7	17	75
12	23	55	50	1	45	21	66	75	80
26	50	22	57	13	43	23	39	3	30
20	72	57	55	77	65	83	9	70	63
83	74	47	20	82	85	56	8	70	2
78	28	42	68	49	27	71	14	44	65
30	75	76	47	40	51	48	16	23	69
46	15	74	9	12	34	30	87	86	89
76	13	44	1	83	11	56	61	31	82
9	7	6	90	32	29	46	1	45	28
27	44	24	79	29	23	68	16	71	33
60	87	14	29	57	19	62	67	65	86
33	17	15	75	80	50	54	31	53	62
22	52	5	79	87	55	15	6	12	66
56	21	79	35	6	81	62	12	7	57
55	7	38	64	48	5	42	45	81	29
75	20	90	51	30	16	13	10	89	56
64	23	81	73	6	10	90	26	4	33
87	46	59	47	41	45	49	67	68	88
86	53	75	35	63	73	33	46	51	38
6	3	88	16	13	75	85	56	89	82
67	59	63	18	66	28	38	74	86	78
7	77	1	13	51	47	28	43	21	26
71	30	26	27	35	75	67	23	82	52
73	55	51	21	80	27	77	46	36	3
3	89	46	8	61	35	27	6	81	31
62	44	71	37	80	67	33	36	10	50
50	19	40	21	43	26	75	22	47	6
49	66	8	21	55	79	18	60	19	16
56	27	16	85	35	00	00	00	00	00
57	58	73	41	52	34	47	67	37	83
88	77	4	56	87	32	41	65	24	49
75	74	54	21	6	73	40	63	30	58
54	76	10	30	23	29	15	26	40	71
35	20	26	24	7	23	44	36	67	19
60	14	48	7	11	41	59	50	76	61
73	13	29	78	87	37	45	39	79	68
86	27	87	46	9	11	24	3	85	83
13	49	87	73	72	54	16	76	57	15
65	85	31	50	62	83	42	73	13	84
27	64	31	23	78	86	7	85	54	52
8	17	90	9	78	46	13	84	1	87
5	15	42	23	29	77	50	14	30	2
60	11	33	24	4	50	28	19	32	61
20	60	83	74	13	35	44	79	4	8
47	27	36	53	81	64	65	54	86	70
30	45	53	33	51	77	4	20	1	46
39	51	82	6	10	29	81	35	46	37
1	61	11	27	71	15	13	26	60	7
52	35	53	7	90	33	59	41	4	74
51	88	5	39	36	7	69	3	55	65
9	60	43	58	47	89	68	29	10	44
48	90	20	25	75	47	62	37	76	16
8	18	22	6	75	80	19	27	35	73
50	15	7	33	16	67	43	84	49	78
42	14	18	27	43	69	24	64	36	76
33	65	29	31	34	53	82	63	88	41
14	18	23	2	56	73	4	67	55	8
62	13	7	11	68	26	59	60	9	80
46	75	37	87	13	59	36	44	33	3
1	14	71	41	84	63	20	77	36	6
66	6	72	44	34	89	36	11	57	56
13	81	75	32	40	30	4	63	71	85
25	4	37	5	39	46	15	90	7	58
55	3	85	61	20	79	84	22	69	54
81	70	61	56	29	30	66	75	4	72
81	21	49	84	23	51	29	56	48	42
33	79	75	58	62	50	46	35	7	13
23	67	64	49	44	28	10	59	18	29
42	24	29	10	64	78	20	22	62	85
22	33	54	60	36	75	45	65	53	7
90	70	63	77	37	55	40	23	82	31
26	31	14	38	79	68	36	78	13	67
36	46	88	20	47	8	66	6	70	81
35	49	8	53	33	14	7	40	25	41
21	20	38	74	10	61	28	51	17	87
48	29	20	65	4	40	80	7	67	47
1	54	75	29	77	89	11	26	70	9
86	90	72	18	2	45	87	7	48	8
18	53	31	83	78	27	73	16	88	61
55	45	28	58	63	16	34	77	76	83
11	80	15	14	59	69	71	26	53	66
33	71	73	76	82	38	57	22	43	5
27	34	73	42	20	7	66	52	32	24
1	55	69	15	25	38	68	58	30	60
51	58	76	82	10	37	70	90	77	73
50	3	77	13	6	40	82	68	80	58
81	36	68	60	85	45	43	28	57	15
5	75	1	44	63	21	58	67	6	8
16	81	24	85	9	10	67	72	38	66
47	4	26	82	54	23	50	81	61	67
34	84	66	68	73	48	7	25	50	14
33	63	49	54	3	65	81	13	20	79
2	87	40	36	65	8	31	80	63	71
59	68	70	42	39	62	11	3	87	32
37	67	75	52	20	48	39	15	4	78
73	26	86	27	69	77	59	31	65	72
45	77	7	59	60	12	78	16	55	18
26	31	69	81	38	42	48	88	30	17
68	54	53	3	78	28	40	9	8	74
82	56	77	57	88	13	52	14	80	68
55	6	2	85	24	30	66	76	56	88
55	90	64	67	82	7	50	60	45	29
11	86	90	50	57	22	36	82	66	27
31	48	89	21	88	16	8	25	87	47
60	3	45	21	2	59	48	58	6	5
72	37	75	68	74	36	47	61	78	40
20	12	72	5	73	27	90	61	71	75
66	69	85	34	53	25	81	8	64	12
16	33	72	11	35	75	8	13	80	3
67	25	46	63	90	12	69	3	44	48
80	64	54	39	28	84	48	18	49	4
74	50	21	54	5	9	69	41	88	79
31	6	86	68	77	3	42	23	52	87
57	22	7	31	16	70	14	47	32	90
55	36	48	61	71	83	67	65	63	88
20	55	56	77	81	6	64	61	52	57
20	85	26	32	58	89	23	17	15	67
88	42	63	72	90	78	5	54	61	46
81	68	73	38	31	80	42	19	63	15
23	69	73	53	6	36	70	41	43	79
47	68	5	35	89	77	61	60	26	54
27	79	63	5	39	28	31	12	46	84
50	74	54	18	9	33	21	53	43	10
49	68	59	56	16	51	90	7	71	42
74	70	36	19	38	7	8	57	39	15
78	65	51	77	9	1	23	58	87	63
70	22	33	69	51	20	29	18	87	76
13	41	6	63	61	83	35	69	65	22
20	4	76	18	52	8	41	26	90	63
29	73	51	9	44	75	83	15	34	64
44	28	29	9	61	39	78	7	30	27
59	49	83	90	35	10	72	82	63	68
29	22	62	25	30	53	51	78	8	36
59	74	24	1	36	61	38	37	5	34
28	50	32	33	10	62	58	64	75	85
61	60	54	7	52	63	44	40	37	71
34	11	29	21	12	73	8	49	85	72
76	52	63	90	46	43	9	23	36	18
23	71	64	76	45	78	63	43	53	25
88	19	83	85	3	75	79	20	2	36
55	18	3	80	56	45	40	78	72	28
69	34	3	70	42	20	6	29	60	28
16	23	89	30	43	9	45	26	54	1
85	43	35	22	42	45	74	55	41	63
2	77	81	9	32	7	37	65	51	55
20	88	27	1	62	87	16	25	3	70
53	65	28	6	63	75	86	82	16	71
19	85	40	7	8	48	34	68	67	74
56	22	15	50	46	40	63	73	44	20
24	43	76	61	17	29	69	81	4	50
13	80	83	15	2	29	86	77	59	11
19	6	80	78	48	15	10	89	45	52
13	36	46	43	25	21	29	73	4	55
55	54	90	78	84	56	83	23	15	71
29	62	36	5	90	47	66	50	53	15
70	54	68	41	43	62	75	85	29	55
74	17	25	50	55	52	1	36	87	45
50	73	85	66	15	81	76	43	35	87
23	45	17	64	90	71	26	56	82	53
10	63	87	35	55	75	86	14	79	72
66	68	64	86	6	72	27	52	82	63
45	22	23	71	47	83	11	89	88	62
62	30	34	55	50	19	35	49	29	31
40	61	8	24	85	21	82	15	34	43
81	60	57	79	82	72	63	22	31	56
60	57	80	74	88	18	43	61	48	71
86	3	27	89	16	76	17	22	82	44
4	65	82	64	80	18	17	72	48	23
38	22	29	34	10	61	82	1	59	8
32	62	18	41	1	83	47	52	89	72
80	24	30	5	77	27	34	51	55	56
30	61	83	74	81	3	87	8	7	77
57	65	1	6	90	13	67	56	79	46
1	21	2	71	34	3	63	78	60	37
68	54	59	46	45	49	25	69	88	72
73	69	62	51	82	33	24	76	59	32
54	32	26	10	67	24	74	33	73	60
88	48	89	32	42	1	3	45	12	78
4	5	10	11	42	88	80	72	64	32
51	83	19	73	42	90	47	12	14	55
11	45	42	47	58	13	43	64	61	46
55	72	62	14	66	8	78	74	56	34
59	26	54	62	78	51	47	29	22	35
84	17	28	9	13	33	86	16	20	72
16	45	55	8	51	89	14	43	73	37
39	86	30	84	52	32	73	36	43	65
45	78	33	30	43	8	67	56	22	38
67	89	83	84	51	8	16	68	85	1
49	13	7	2	36	31	15	52	23	58
20	21	43	27	8	5	77	48	6	75
46	6	5	47	76	54	69	78	21	75
45	1	72	42	43	27	37	66	30	14
43	83	2	39	27	70	66	90	52	45
8	13	6	42	4	35	15	51	36	29
71	66	36	63	76	88	87	69	55	48
87	89	57	53	17	90	46	42	28	76
44	10	48	18	66	87	28	52	2	65
69	82	44	74	17	20	3	64	28	22
90	33	77	73	37	86	16	29	51	47
81	33	61	66	65	17	56	47	67	38
61	29	45	87	80	22	65	74	27	63
26	31	74	47	83	17	11	61	78	76
15	13	21	7	48	73	80	77	83	81
13	14	49	47	87	15	46	26	36	61
59	34	52	51	86	85	53	26	72	77
90	72	29	60	33	71	5	55	28	83
26	10	73	62	5	19	61	78	4	24
79	30	84	57	87	46	68	9	88	8
64	76	1	2	57	81	25	61	15	21
43	78	23	62	20	81	68	19	80	79
7	34	18	75	25	50	80	4	84	78
77	14	2	80	69	49	11	39	3	4
75	38	63	1	36	72	73	4	53	8
41	64	5	66	20	14	63	21	58	80
60	69	41	70	88	18	34	73	21	2
25	30	90	87	5	76	43	44	77	49
17	30	55	68	53	70	86	46	50	43
28	15	49	65	5	35	72	62	1	88
36	39	61	1	75	40	70	34	19	21
39	26	65	82	77	90	41	53	48	81
85	1	38	59	77	23	34	73	66	3
56	16	46	38	73	77	27	33	37	10
54	38	7	43	24	85	76	84	70	15
87	47	6	43	75	1	83	25	9	69
75	27	52	67	34	1	20	71	74	11
74	13	15	18	90	65	19	68	39	56
21	30	66	16	1	56	2	52	85	67
1	35	62	20	87	70	66	44	43	8
39	60	55	12	38	88	49	51	25	32
56	15	39	19	84	55	89	65	72	38
25	13	3	39	51	66	32	26	16	61
3	58	25	40	20	31	39	7	4	42
15	70	77	12	8	48	52	62	72	78
47	86	70	84	48	68	85	17	51	7
87	22	62	1	29	50	82	39	84	73
36	29	48	43	38	14	82	45	28	67
1	61	62	12	60	80	9	22	34	90
74	40	62	15	87	60	82	4	19	78
56	16	25	4	9	35	79	20	70	84
11	59	83	22	84	35	81	24	55	65
88	16	57	20	41	70	12	33	87	3
16	76	11	20	18	17	62	46	84	78
72	17	74	89	51	14	73	21	31	52
56	76	25	53	86	78	9	6	75	12
75	80	12	10	17	25	81	59	6	67
71	39	30	16	51	10	5	17	83	85
26	18	6	38	51	60	52	29	61	70
49	34	21	22	26	90	19	67	3	79
40	57	80	58	71	48	8	20	41	79
27	6	38	41	33	34	20	87	70	66
2	41	61	46	57	54	79	40	8	80
66	86	45	26	1	42	20	25	83	81
44	13	9	82	32	85	28	39	42	57
70	19	16	78	12	45	14	32	62	42
42	17	67	34	28	15	83	70	68	54
17	29	1	56	7	77	65	32	47	41
81	22	16	62	32	27	85	61	41	28
23	85	12	59	54	64	52	45	70	68
83	23	31	46	39	12	47	35	16	9
55	36	39	89	64	2	57	90	59	78
53	64	57	65	81	31	70	9	21	35
72	21	13	6	31	80	23	39	78	14
24	35	26	57	21	60	59	54	84	9
30	44	32	39	65	70	10	81	45	59
9	31	45	36	67	58	90	16	74	49
30	53	47	23	49	1	57	13	26	38
40	38	64	71	49	51	60	32	5	61
50	12	64	9	53	16	79	37	52	56
56	65	52	31	76	66	29	38	6	8
52	2	27	42	43	6	47	20	39	31
47	80	85	46	4	53	78	10	63	66
14	68	73	75	47	37	85	20	66	35
56	12	44	25	24	11	23	30	27	89
47	21	43	41	90	20	66	32	49	4
57	2	65	49	62	34	38	39	60	61
67	47	85	90	68	34	15	22	86	30
11	6	80	73	35	52	44	51	31	68
64	24	38	51	23	26	31	2	57	62
53	80	33	59	14	24	49	27	4	3
86	78	15	59	42	44	53	84	67	8
23	90	89	54	88	14	42	17	59	76
59	42	57	5	90	27	56	47	72	38
30	20	32	63	65	2	42	73	66	62
12	19	47	41	58	38	60	1	90	79
60	56	80	17	12	43	72	36	42	24
2	87	53	18	73	79	67	46	55	89
57	32	71	68	48	51	27	5	76	41
26	75	63	87	71	18	11	69	25	41
64	68	30	3	63	76	86	85	27	9
61	38	62	28	60	59	58	12	1	40
57	29	76	22	18	38	48	70	33	11
74	60	55	85	21	49	47	82	81	62
21	64	8	85	54	81	27	10	19	66
80	63	79	88	70	55	90	31	29	27
51	33	31	35	84	32	25	59	12	58
25	53	20	65	67	41	26	40	52	87
54	73	6	71	59	11	7	23	9	45
29	39	28	20	51	84	90	2	55	50
50	81	9	86	38	18	69	48	89	60
33	25	16	8	71	73	6	32	27	30
46	54	31	82	15	90	65	56	50	55
66	89	61	26	17	35	47	11	24	60
66	89	27	54	14	75	37	72	62	65
57	64	12	14	53	39	37	81	4	18
79	75	28	60	24	4	47	82	10	68
33	49	27	11	50	34	67	20	2	56
86	15	23	80	65	34	82	76	33	22
52	51	85	16	67	87	22	17	15	41
17	79	25	86	33	27	20	76	55	5
57	11	2	32	64	45	70	54	85	82
42	49	84	73	71	9	10	30	65	27
31	43	77	28	57	21	82	34	59	9
60	32	17	68	26	81	11	67	82	4
29	23	48	28	61	81	20	39	10	72
56	79	34	5	26	49	74	61	64	68
68	28	72	23	62	20	8	71	19	22
83	70	37	6	44	30	4	67	47	29
6	32	19	35	85	9	4	12	30	25
85	62	26	48	1	40	61	67	69	70
45	58	25	81	76	87	44	10	22	70
19	59	89	34	5	49	16	36	81	20
78	13	79	83	39	59	29	14	76	9
85	47	84	32	13	73	25	57	82	77
56	32	12	83	89	5	47	78	64	31
53	9	34	62	29	19	52	2	49	77
36	70	58	40	53	35	28	90	43	23
58	68	25	69	88	3	9	41	31	53
37	87	53	1	29	83	15	13	78	85
89	26	37	13	57	11	14	82	65	35
48	87	46	34	85	33	70	52	57	81
52	66	10	76	62	89	32	59	14	22
34	69	61	46	72	88	55	83	37	19
81	89	7	3	87	84	20	5	80	4
85	79	26	22	73	6	23	86	64	49
11	79	31	64	62	2	81	67	21	10
40	42	76	35	81	22	83	9	13	10
43	75	80	37	77	33	49	7	76	41
81	24	78	11	79	12	83	9	64	14
76	38	81	37	18	36	17	20	70	69
46	52	48	56	73	90	4	72	31	17
58	60	11	46	69	61	59	26	50	25
64	51	29	2	24	33	80	55	6	81
58	24	3	59	88	5	11	55	45	36
61	89	31	29	4	46	26	80	16	42
35	50	45	82	21	67	47	85	62	12
70	59	68	39	5	30	7	82	74	28
40	6	56	73	24	49	57	68	48	65
2	43	36	73	26	13	9	32	90	49
61	14	83	52	18	21	10	31	54	38
54	87	50	62	23	88	61	38	72	18
17	65	54	24	41	82	10	4	2	30
66	81	62	28	8	32	23	80	59	15
58	42	6	52	74	29	38	85	69	26
50	57	84	66	18	9	72	43	39	12
17	50	74	14	84	57	34	20	72	71
58	12	30	84	6	53	52	15	45	20
4	65	52	21	19	23	80	53	31	55
15	3	60	66	44	16	80	65	74	78
64	76	1	4	45	28	79	12	3	55
76	6	45	24	14	53	63	28	74	10
72	80	1	25	77	60	76	44	54	70
29	82	54	33	2	60	8	65	20	51
57	58	41	71	90	10	29	17	11	18
40	54	88	13	1	63	82	76	27	65
41	79	70	6	84	46	52	80	42	87
15	37	69	30	4	52	80	70	25	18
22	62	58	48	75	50	51	27	37	20
67	54	59	70	49	58	13	80	44	83
60	24	73	35	5	1	25	19	45	71
82	68	36	77	18	47	9	45	21	1
18	82	32	43	62	65	60	73	44	20
23	53	66	11	76	48	58	51	57	34
5	33	59	87	57	50	14	79	36	71
64	33	74	15	55	17	11	60	48	10
84	57	13	70	37	25	45	64	34	38
84	46	73	5	33	27	77	89	47	90
3	38	15	68	82	46	37	73	16	21
17	42	72	81	24	71	49	33	74	85
78	41	54	90	5	9	20	25	37	60
23	63	8	76	72	24	62	83	32	22
18	62	79	84	71	31	51	2	39	61
59	73	12	52	47	77	30	85	38	62
85	7	79	51	53	55	30	89	78	72
88	81	7	15	31	26	28	66	22	33
72	64	5	15	82	26	21	4	38	25
8	76	3	25	81	61	6	14	80	65
46	66	22	43	84	59	32	23	27	50
75	45	77	61	4	65	60	26	20	17
63	71	15	38	56	3	2	53	42	58
15	53	4	46	39	12	35	9	8	40
11	75	51	27	88	43	25	35	87	21
56	32	7	48	13	1	77	36	2	39
81	6	73	31	17	82	60	49	67	16
25	12	83	52	69	50	79	71	60	63
54	82	61	26	76	27	66	14	8	60
69	74	18	80	6	42	39	82	37	76
7	83	53	61	79	90	9	30	60	80
72	83	34	11	45	8	25	12	54	33
22	5	31	74	64	53	78	42	49	65
40	51	24	17	62	84	57	44	22	81
40	34	78	72	57	8	48	6	45	13
23	77	24	89	55	61	16	7	86	69
48	87	81	72	13	5	42	24	78	65
11	46	15	4	63	83	81	16	23	90
54	20	17	83	39	43	57	47	60	67
63	89	13	3	81	27	41	12	11	25
72	34	30	45	82	15	88	26	63	73
89	82	51	32	85	33	3	80	50	70
65	87	51	62	31	1	9	39	72	19
73	90	16	83	33	47	82	50	48	71
45	56	76	24	35	75	30	58	54	80
84	70	61	43	11	16	86	63	51	85
81	83	76	85	90	69	64	10	60	36
49	33	86	85	5	78	26	48	1	54
70	65	13	14	23	10	56	32	22	72
49	64	10	13	52	60	48	75	19	50
72	85	13	40	36	19	27	28	54	7
44	10	53	86	76	85	18	65	30	34
54	28	23	36	70	24	90	69	14	20
5	89	7	75	40	32	35	85	28	25
21	37	30	7	42	3	15	49	52	39
42	67	1	18	6	48	10	36	11	41
57	51	13	65	85	72	49	61	17	9
44	72	38	47	3	7	43	32	71	81
84	70	45	1	57	82	56	43	21	8
75	46	79	90	65	27	68	1	48	5
88	4	49	32	69	84	90	13	3	41
43	88	45	11	67	54	28	55	71	73
38	6	72	50	24	55	26	44	42	54
56	46	14	9	28	73	54	39	6	67
17	8	77	42	25	59	86	58	88	50
9	1	78	87	54	81	50	12	82	52
73	47	7	29	6	36	68	38	27	13
7	87	30	62	50	19	38	23	36	59
88	44	13	65	37	31	89	5	24	25
39	12	81	60	20	65	44	43	24	73
15	18	3	40	42	21	6	45	83	67
56	36	78	87	67	22	53	57	21	46
23	14	89	65	26	41	40	4	35	11
67	68	20	6	35	46	7	53	63	76
84	41	42	4	87	17	64	50	83	73
38	4	33	79	24	77	58	9	50	11
32	14	66	64	28	34	24	7	18	52
89	51	71	63	86	83	44	32	47	59
68	10	65	76	30	64	67	74	19	9
37	88	23	54	35	46	65	17	44	8
40	59	7	69	80	85	20	29	34	43
15	87	32	8	86	25	11	51	74	64
89	88	15	77	29	26	50	8	46	61
33	50	69	7	47	18	13	8	14	34
50	53	47	77	78	52	2	25	9	43
3	29	41	22	14	63	40	20	68	58
4	20	80	85	75	47	53	25	16	78
16	81	13	83	67	48	76	56	21	32
14	56	57	6	39	34	67	43	45	85
80	57	7	53	62	45	16	68	60	47
73	53	18	85	72	28	40	90	84	67
34	68	38	70	79	7	64	18	65	74
19	59	80	2	47	6	51	87	75	60
78	46	13	85	40	21	89	50	88	39
67	86	58	25	68	38	56	11	75	33
28	68	70	74	73	82	8	21	32	59
4	39	53	1	33	15	81	19	11	46
59	29	78	43	69	52	83	20	71	61
11	39	9	67	13	76	18	72	14	43
27	2	74	56	14	19	90	16	31	59
47	19	14	30	39	56	38	27	33	61
65	2	72	38	9	10	79	48	77	60
33	3	49	75	34	71	5	72	83	65
62	27	36	72	81	16	40	1	71	43
82	90	64	27	23	15	44	78	10	87
34	76	46	65	59	86	18	73	77	6
59	32	21	79	16	57	63	1	85	74
3	36	68	73	54	71	50	20	76	90
64	49	22	45	30	47	5	17	88	44
37	79	3	62	54	60	50	22	13	16
83	27	42	74	18	9	30	73	32	49
40	72	43	79	10	53	57	29	1	89
6	36	55	42	86	72	3	61	78	54
47	32	20	61	89	29	86	77	82	14
83	28	53	32	69	73	26	24	33	3
13	2	65	68	42	17	9	86	5	16
58	45	18	35	80	33	50	28	40	59
9	85	26	13	15	69	82	17	89	74
41	31	90	49	71	76	28	14	20	9
39	29	32	84	71	59	62	37	74	49
8	61	51	27	88	83	80	54	49	28
74	89	24	44	69	17	32	82	26	25
82	23	8	46	70	72	11	21	51	1
72	34	89	44	57	9	19	43	32	62
90	34	73	76	22	24	70	14	17	13
12	1	47	82	45	15	56	80	13	72
40	7	84	58	44	4	46	52	26	43
63	26	17	35	67	51	78	88	22	49
42	37	48	76	85	45	46	28	50	30
23	68	70	6	15	59	40	72	58	69
28	80	38	61	16	64	14	35	36	71
61	73	32	3	31	51	87	46	37	45
33	53	9	70	88	40	20	72	83	46
38	48	34	41	76	72	30	55	6	73
89	68	41	70	34	88	42	51	2	84
15	19	31	60	69	81	29	53	80	84
53	36	73	68	9	89	64	54	86	8
27	42	52	31	71	39	1	50	64	73
6	23	65	24	58	18	82	63	51	12
85	62	46	6	55	38	86	87	14	34
83	66	18	31	34	77	1	36	48	78
7	65	12	47	59	40	16	22	44	88
68	27	17	46	59	82	83	29	75	30
82	43	8	57	41	70	7	86	65	37
84	60	82	51	23	24	29	19	6	18
3	45	38	53	71	2	65	28	62	13
31	58	43	70	24	30	29	79	45	80
31	81	74	44	67	49	36	16	53	60
21	62	43	77	33	64	80	36	3	1
12	4	71	35	14	50	55	47	38	32
52	16	87	83	50	8	39	86	11	57
15	40	14	73	9	57	89	63	46	74
47	59	24	27	89	16	72	55	2	21
26	84	55	51	22	30	68	78	64	74
76	4	30	59	35	61	77	7	39	20
35	24	41	74	70	75	60	68	61	48
48	63	52	17	9	18	47	6	7	37
24	9	41	72	3	12	88	30	32	62
73	41	79	26	64	56	85	29	4	78
23	34	52	69	2	11	1	75	51	86
17	12	78	28	13	64	40	2	31	61
68	24	71	41	3	54	76	77	53	42
49	37	84	47	52	53	65	30	32	68
28	15	29	63	47	4	14	66	18	48
62	81	58	77	14	69	76	5	49	85
42	64	21	85	52	32	74	33	47	34
67	27	8	84	78	20	76	82	29	47
34	44	38	62	45	17	79	29	86	18
84	21	73	81	49	46	11	64	57	68
78	35	71	38	63	32	13	50	33	60
74	58	71	60	69	67	3	17	83	13
62	23	72	35	7	37	20	13	51	75
65	73	15	61	76	17	40	13	4	89
85	32	17	42	3	12	52	70	19	58
80	16	29	66	82	45	8	11	70	62
37	12	27	4	24	42	72	40	29	51
82	48	7	10	86	32	16	69	51	33
37	12	49	35	46	9	83	84	57	16
61	12	66	28	69	37	33	63	84	86
80	27	64	88	65	16	43	19	31	9
5	83	12	87	32	36	70	14	86	75
59	63	72	60	74	14	4	36	66	37
14	24	30	52	31	85	57	16	80	86
23	50	76	83	48	78	21	27	1	58
35	40	37	61	75	7	32	3	55	30
23	67	26	33	68	83	88	52	8	45
30	16	22	46	25	37	39	15	90	19
81	42	9	47	26	63	84	71	14	88
24	62	59	73	66	70	85	25	14	58
41	73	64	83	13	86	49	21	45	27
25	79	62	77	85	73	49	70	14	12
3	43	28	67	72	60	41	7	88	59
52	28	74	17	81	64	31	18	47	90
78	81	35	65	6	25	38	46	61	51
18	28	76	85	69	32	90	52	71	33
90	42	86	44	21	62	76	38	45	29
71	27	63	10	48	79	53	20	66	89
4	74	36	59	67	51	76	54	9	75
67	4	47	25	39	63	40	28	18	64
23	65	37	46	72	55	35	13	22	64
88	23	3	38	41	40	29	7	74	33
82	8	63	12	24	58	83	68	37	31
66	90	78	43	18	53	13	52	48	74
75	25	62	82	4	64	58	37	74	57
15	87	35	44	66	12	79	19	3	43
72	34	55	26	42	51	35	14	64	88
67	26	34	18	15	47	2	78	54	49
38	25	62	88	74	53	82	60	1	67
27	39	78	85	42	7	67	72	32	24
6	83	78	46	14	52	77	34	29	41
3	22	61	71	88	46	60	53	16	30
71	83	64	16	52	9	12	27	32	78
68	72	46	58	37	52	76	4	20	13
8	49	27	34	54	79	63	47	38	50
2	13	21	46	35	62	48	74	11	41
24	47	32	63	89	43	57	17	51	80
26	4	37	75	58	78	13	63	39	10
83	62	41	56	2	36	89	21	75	66
81	55	64	28	39	42	56	59	13	33
37	46	74	24	61	48	73	6	41	9
23	71	35	55	47	33	6	34	81	17
71	82	7	65	39	43	55	11	70	57
36	71	85	8	53	62	14	67	54	20
73	13	38	69	56	35	78	28	10	77
54	69	42	3	29	64	81	4	14	57
85	7	36	53	10	4	33	42	38	57
70	13	35	24	56	64	47	82	65	3
27	36	45	83	14	9	75	23	55	78
8	29	73	36	52	67	9	44	83	11
6	70	17	87	23	28	60	44	2	89
73	84	9	35	66	62	22	51	23	67
32	79	65	29	58	82	19	35	48	69
3	31	44	76	52	27	38	80	47	16
1	14	31	47	79	85	2	17	88	72
9	49	85	57	37	36	24	78	63	48
53	46	69	7	28	85	22	54	21	71
73	28	31	9	47	71	13	2	87	25
80	76	24	15	4	79	45	63	43	53
16	45	24	52	87	6	66	18	33	82
43	32	16	74	25	69	89	44	39	35
83	67	74	24	15	68	35	65	50	46
67	43	59	85	38	77	90	24	15	28
52	75	8	82	48	29	15	38	70	62
85	4	56	39	74	61	19	25	46	28
74	28	57	48	3	78	35	42	25	53
3	54	26	38	12	71	85	48	30	62
59	8	36	45	29	85	64	6	68	74
75	23	67	49	14	12	40	33	86	20
12	62	43	59	31	26	72	64	10	87
87	72	68	1	36	12	49	70	5	52
46	39	82	58	68	34	70	41	75	35
6	45	64	71	51	48	38	3	75	61
8	69	39	47	42	23	75	77	60	6
18	53	84	15	4	34	75	44	24	45
47	58	65	16	23	56	73	62	9	39
32	68	53	71	48	69	51	10	56	52
89	46	65	34	51	42	64	35	63	83
77	26	35	84	43	19	86	87	76	29
34	21	68	56	72	18	84	36	42	67
57	85	14	48	28	53	9	47	83	87
76	18	64	58	84	39	43	38	48	54
13	2	57	24	86	5	59	60	83	10
25	7	72	82	46	1	68	3	11	32
22	32	74	46	63	81	25	14	68	44
27	38	16	45	80	44	78	7	24	68
23	43	62	2	82	32	65	84	79	8
85	77	43	15	3	22	41	27	78	47
8	49	26	17	39	82	79	46	50	73
3	47	32	26	76	25	15	60	84	30
85	28	45	76	32	27	87	42	68	71
20	37	75	13	53	58	89	76	63	8
8	39	21	30	25	66	32	16	59	42
60	28	63	86	31	50	40	12	76	46
56	4	81	45	33	40	26	7	66	85
22	38	64	37	74	20	60	27	66	73
16	37	86	26	48	88	53	38	60	13
20	86	3	34	72	5	51	14	2	31
54	33	75	88	24	63	27	40	11	55
7	66	43	74	26	3	77	46	65	42
26	33	34	85	18	37	48	68	22	51
31	52	6	53	70	67	1	22	84	45
39	73	46	75	87	61	52	7	17	90
75	52	40	12	41	45	63	21	64	33
8	55	27	87	65	11	88	63	47	26
32	81	25	4	77	15	34	39	43	16
64	90	35	73	58	81	74	16	46	43
3	71	44	84	67	20	32	11	36	25
46	39	8	54	86	4	19	45	69	37
56	90	67	52	41	40	15	34	71	1
84	49	78	67	16	63	7	26	89	74
34	80	7	12	68	29	60	26	78	65
63	4	27	57	42	87	25	75	51	72
8	37	52	86	44	71	48	36	65	15
34	14	60	74	42	29	31	26	87	1
2	62	75	47	85	29	40	59	20	17
32	45	58	35	69	49	16	3	61	72
45	73	82	66	27	35	12	15	4	23
15	84	38	24	71	88	52	86	8	14
35	42	65	89	20	74	25	37	81	56
50	48	73	38	4	78	55	88	60	41
70	82	31	63	25	77	19	13	26	86
46	37	82	16	89	42	55	58	26	71
64	48	56	47	35	54	76	89	11	72
26	12	58	83	66	45	84	41	53	29
4	18	79	35	78	84	77	80	50	29
82	39	7	16	42	51	62	84	38	11
38	73	90	26	57	82	35	17	40	63
76	65	17	6	30	15	29	52	5	68
45	38	59	81	62	51	24	20	36	78
8	31	56	64	41	70	88	90	46	74
5	74	27	58	12	85	4	51	66	49
52	64	83	75	30	5	22	88	53	10
52	16	63	34	7	68	19	35	46	77
27	84	4	16	31	12	17	47	38	87
24	15	7	46	84	78	67	11	87	77
34	81	48	10	62	76	8	36	1	26
67	35	86	11	15	84	43	90	5	57
78	22	86	73	14	49	7	44	89	70
36	70	57	26	74	3	28	80	52	49
83	89	65	42	51	77	35	59	10	44
3	61	57	15	77	52	14	24	39	59
42	7	46	83	21	52	44	88	24	60
18	4	77	29	69	62	50	34	74	14
67	28	83	31	70	29	12	5	81	39
44	63	6	58	81	20	51	84	14	41
79	37	83	63	85	64	72	12	32	6
5	81	27	66	41	52	26	37	16	2
28	7	79	74	81	2	11	30	73	41
45	48	39	83	63	42	52	26	51	8
65	24	32	8	83	60	3	89	27	57
22	82	58	46	7	62	31	76	16	8
32	1	48	26	79	62	54	64	89	33
78	63	4	86	45	65	30	83	23	51
37	43	67	72	21	29	32	56	15	61
7	54	12	55	68	87	3	39	50	20
72	24	53	43	61	64	18	23	30	66
42	33	47	4	68	54	37	26	38	25
90	21	87	24	58	65	4	66	7	15
14	31	22	23	61	50	43	67	49	39
73	47	6	63	85	36	83	22	10	61
34	65	1	71	86	64	56	8	58	70
68	48	81	27	37	72	55	64	76	54
26	6	80	48	37	43	25	82	18	65
82	13	89	40	74	78	30	10	34	83
35	87	23	43	63	49	25	36	67	16
72	81	47	8	62	11	44	73	31	75
12	3	72	88	26	39	27	38	14	36
21	41	85	16	67	49	29	86	59	63
52	80	9	26	35	72	67	85	11	60
18	45	52	68	24	9	12	6	41	62
13	86	57	77	30	40	87	66	82	60
46	34	89	68	74	87	6	50	12	71
4	82	63	17	22	62	81	29	18	36
6	15	63	72	87	34	29	16	89	41
35	72	64	88	21	49	48	78	2	11
17	80	48	70	32	83	61	39	26	40
48	83	71	22	67	89	24	53	57	76
38	15	65	81	70	90	61	40	69	31
32	7	45	24	51	35	88	74	38	19
64	79	84	73	22	59	70	16	55	39
71	12	24	37	61	29	10	88	17	28
44	73	63	23	61	64	80	48	83	59
86	48	47	59	67	33	77	27	87	65
33	85	8	73	64	14	2	53	27	68
17	82	58	45	3	60	19	79	2	27
62	79	18	36	25	10	87	41	28	57
32	3	54	71	68	36	7	11	72	9
29	65	7	45	38	33	35	76	88	60
41	25	13	30	4	43	62	72	31	59
49	6	32	84	72	53	8	50	48	83
42	4	15	61	73	10	66	78	24	20
81	26	41	35	65	71	77	30	8	40
30	68	81	26	6	88	56	73	29	86
58	43	12	78	21	82	42	11	20	2
39	85	34	38	51	23	59	45	43	10
32	57	73	25	47	62	55	19	9	21
61	77	53	3	85	19	48	54	74	33
83	65	17	37	57	52	81	36	61	87
52	78	21	14	60	17	79	13	86	3
75	53	82	32	67	23	71	28	44	17
2	33	54	75	13	46	72	1	61	21
40	24	57	60	71	83	48	47	64	4
15	63	29	31	35	17	52	72	51	33
24	20	63	22	8	82	74	25	73	9
59	71	37	27	69	38	2	18	73	52
22	7	43	68	39	67	56	73	36	85
62	81	33	88	47	83	54	73	32	41
46	59	27	17	63	84	43	4	68	30
37	49	89	65	21	83	12	41	35	24
87	58	26	41	39	62	45	43	42	63
37	79	40	80	6	43	64	3	24	31
57	74	68	18	28	2	58	32	42	61
21	43	8	74	87	12	61	4	24	75
45	79	83	31	5	2	48	41	57	13
34	86	65	8	23	31	80	90	18	89
40	14	55	71	78	70	3	65	81	48
52	34	88	82	83	44	42	20	35	22
69	5	31	16	14	33	21	80	2	38
74	14	23	80	87	37	22	13	31	28
23	80	60	75	34	3	89	73	71	84
28	4	58	34	66	51	18	39	64	82
70	48	35	49	14	38	90	1	24	76
75	16	27	60	63	86	90	12	34	72
69	23	8	48	22	30	85	51	45	90
16	68	82	20	73	48	8	38	10	81
36	4	23	75	81	84	34	9	29	6
82	88	53	31	74	14	38	9	29	84
3	82	65	76	55	41	4	86	75	8
61	34	73	81	42	71	79	84	36	30
67	60	62	73	82	21	78	54	39	24
26	53	21	72	18	51	24	90	63	58
53	56	24	38	78	13	21	62	71	55
49	73	14	30	61	79	59	89	90	88
81	22	39	75	58	65	82	31	32	25
42	41	70	61	5	48	73	69	53	22
15	53	57	81	63	30	25	60	14	21
49	34	1	75	63	82	39	24	61	21
66	5	71	8	14	86	24	18	31	22
59	3	72	64	28	9	63	13	48	54
44	38	58	79	16	13	20	73	76	84
9	34	81	71	85	1	18	13	70	21
87	68	41	76	27	64	79	45	23	29
29	62	8	15	36	37	14	49	90	41
7	40	84	61	27	18	60	20	82	4
59	42	86	37	22	3	90	35	89	4
83	32	56	78	58	34	36	8	70	81
69	70	80	42	31	60	40	87	81	29
62	37	74	33	20	49	80	66	73	46
59	45	68	37	75	7	40	27	43	56
51	4	81	26	47	60	82	54	69	24
23	64	35	51	85	79	28	16	2	81
53	48	29	16	7	26	45	83	19	24
60	23	17	9	43	31	87	71	38	41
62	53	21	4	38	41	20	29	84	15
49	84	67	5	36	87	7	29	14	83
71	73	67	52	48	64	39	27	65	84
79	24	82	68	66	60	61	29	17	57
30	72	53	67	14	26	41	36	88	9
26	15	65	52	70	66	76	29	54	38
28	18	5	65	43	19	90	35	82	21
38	80	33	58	27	89	56	7	55	29
8	42	43	21	49	85	29	14	32	61
48	77	34	12	68	66	31	20	88	25
23	4	87	16	72	12	61	36	39	47
69	74	51	21	89	79	40	50	12	39
8	32	69	27	40	88	45	79	84	25
7	81	23	75	60	84	26	36	72	39
68	89	64	31	62	58	38	43	18	50
78	83	56	66	30	69	71	28	53	59
45	61	12	86	38	55	84	39	10	25
82	70	68	14	5	29	42	51	38	11
5	46	61	34	80	82	39	14	76	47
2	36	21	67	70	10	50	32	14	29
58	33	67	6	28	42	11	69	54	31
3	62	51	28	89	32	42	64	52	14
85	6	49	20	63	28	89	25	43	72
56	24	87	64	2	10	29	44	88	71
17	24	52	45	80	31	82	15	43	71
30	64	45	73	11	18	21	42	37	14
60	80	58	46	72	49	39	42	32	15
75	80	23	83	36	13	42	39	30	40
58	20	75	7	25	40	59	32	14	49
46	88	61	25	3	20	15	29	90	36
41	27	61	35	5	38	13	64	84	20
63	6	31	43	18	71	14	39	45	27
29	57	6	37	86	54	21	44	34	4
18	65	35	4	52	87	43	32	17	73
35	39	3	41	64	90	82	13	25	47
53	84	86	78	5	57	4	25	83	33
38	84	52	60	10	35	73	45	79	65
69	4	78	23	80	13	49	24	82	38
29	42	37	46	41	53	64	14	40	49
59	3	6	84	67	13	46	45	65	42
4	17	69	72	53	76	82	43	15	24
74	7	38	15	85	49	24	81	36	73
86	60	63	67	56	41	26	32	81	33
89	45	76	28	64	43	21	71	57	40
42	13	25	38	5	65	48	71	80	85
53	41	62	37	25	30	60	49	18	29
22	81	85	83	56	59	39	87	42	90
21	26	6	37	70	85	69	43	56	72
40	67	81	83	68	27	14	29	32	10
74	29	45	63	12	61	22	35	84	30
70	86	67	51	49	52	34	28	89	26
46	56	71	82	8	38	49	84	20	65
14	73	8	86	51	46	70	90	78	36
29	79	32	65	48	39	14	18	36	42
87	7	17	63	27	65	13	62	39	30
56	7	41	30	28	72	39	83	43	69
25	48	59	80	74	72	39	51	26	14
22	78	18	36	52	69	39	16	65	20
60	63	69	67	28	2	84	89	40	59
35	79	82	14	1	63	24	86	47	30
79	89	30	46	12	62	90	40	25	33
51	23	2	13	46	64	85	88	36	41
52	42	34	61	79	32	27	54	75	70
69	82	41	39	9	5	62	43	36	66
82	27	21	26	22	57	18	69	54	25
49	7	38	58	12	59	57	39	26	8
70	42	34	58	5	68	72	29	12	49
59	29	4	67	18	51	84	26	12	16
60	71	83	9	23	24	69	86	32	41
56	9	40	81	23	88	61	51	78	83
21	25	46	38	5	44	39	85	47	32
14	56	87	36	60	32	67	10	38	54
46	69	35	21	3	49	23	50	33	42
34	45	60	72	86	42	39	54	27	59
71	37	8	49	55	12	19	45	83	38
9	57	63	84	70	67	80	52	24	49
68	43	17	55	26	32	69	83	64	59
81	86	25	42	73	16	75	45	85	29
87	4	53	48	26	36	60	56	69	90
82	44	7	23	51	47	64	25	5	67
74	71	13	1	89	41	17	15	62	37
65	37	5	43	28	82	68	33	74	58
82	53	64	76	1	46	37	22	39	40
12	50	81	24	38	57	46	82	34	66
15	30	31	56	74	21	77	59	34	18
86	30	67	72	4	14	28	60	37	50
17	5	36	72	60	51	10	57	81	23
87	22	45	70	38	90	25	12	83	44
36	79	15	8	21	29	60	81	14	32
4	26	68	33	45	1	11	21	29	67
71	64	36	50	18	51	87	46	80	47
77	52	86	62	49	88	44	23	60	55
4	39	76	55	12	83	31	52	66	44
46	86	34	16	73	81	63	32	82	6
16	52	48	75	39	14	57	13	69	23
82	62	57	9	78	24	15	76	4	29
30	72	16	56	8	50	37	32	54	12
65	86	74	4	39	30	66	58	68	82
87	30	57	64	23	38	14	82	62	6
83	34	55	69	41	62	44	51	56	89
26	45	87	74	7	34	16	20	89	46
21	61	84	30	45	28	44	69	22	51
43	86	7	59	28	68	36	14	29	26
27	65	73	80	48	52	38	11	32	10
71	64	4	80	38	12	69	54	28	85
23	40	54	81	33	88	34	83	58	62
13	85	22	49	52	66	45	48	33	32
74	79	76	51	17	20	34	26	81	90
30	24	62	77	16	71	46	89	11	1
47	6	29	38	78	46	57	71	34	24
81	76	36	53	41	32	26	58	27	56
22	80	62	47	51	56	90	20	36	54
40	39	69	74	86	11	19	78	37	59
17	60	72	55	31	15	75	39	89	90
34	8	52	60	74	90	50	63	48	80
87	79	8	61	59	41	90	60	38	88
36	74	41	3	54	39	40	84	82	51
21	54	35	61	89	66	36	62	72	19
72	64	58	78	3	11	55	16	12	39
84	23	63	78	5	60	71	33	55	49
27	56	18	41	68	2	1	63	57	84
58	73	69	27	45	40	90	1	29	46
64	37	87	20	43	54	84	27	21	48
6	25	29	45	16	47	49	89	23	53
25	59	51	44	7	20	9	55	4	28
57	63	49	80	30	47	41	17	29	6
68	41	9	72	51	66	73	47	56	22
82	59	48	71	4	76	86	55	64	49
70	21	6	34	59	14	84	62	26	86
83	45	60	4	21	59	18	31	55	70
87	71	34	52	27	47	53	61	46	42
80	32	64	12	56	14	68	11	35	27
17	34	69	82	5	48	50	54	83	72
83	81	51	39	5	26	32	2	67	4
16	72	84	7	63	44	25	49	36	85
58	61	21	26	80	71	62	49	64	7
21	67	27	45	89	48	2	44	38	23
34	80	39	5	28	87	52	84	21	77
43	59	80	69	7	9	82	53	20	47
62	78	73	9	40	53	39	68	8	27
40	71	25	81	69	60	49	24	82	29
68	26	65	75	5	54	70	16	57	38
42	21	13	81	53	17	29	57	80	45
3	7	58	61	14	21	45	32	67	78
6	64	71	87	32	12	24	77	21	31
71	74	83	9	13	23	4	6	46	15
58	2	83	61	41	64	49	43	85	29
75	26	27	37	56	40	2	49	36	32
18	65	30	52	73	90	69	49	35	38
81	8	26	34	69	24	21	63	86	79
30	82	38	57	19	63	75	77	66	25
64	78	41	5	22	16	60	30	39	88
78	27	45	6	62	49	37	39	55	60
39	74	85	44	54	12	7	43	58	64
76	58	3	27	88	39	40	87	29	46
30	63	19	76	47	48	49	65	32	58
3	51	4	53	63	20	10	22	9	64
9	35	26	55	65	72	39	76	34	54
34	12	2	45	71	84	80	14	6	19
36	3	45	29	78	84	37	14	77	18
90	66	83	62	75	53	55	74	80	12
6	1	80	45	79	71	48	15	90	3
29	28	35	40	62	22	45	69	56	86
41	13	78	55	2	83	90	40	29	59
31	68	28	77	54	64	20	45	32	24
48	62	73	86	55	1	51	11	27	70
8	18	61	53	3	29	40	13	57	27
80	32	73	19	59	31	55	49	57	36
54	28	1	66	72	55	39	49	62	50
38	84	35	1	79	78	82	16	34	25
22	38	30	68	43	23	39	58	27	31
76	85	59	23	54	73	16	46	44	11
36	23	58	1	81	90	54	39	65	46
89	25	82	77	47	1	37	38	34	54
35	33	45	84	26	25	29	39	36	59
76	73	90	88	37	43	15	84	65	74
81	2	79	38	51	82	30	54	61	13
35	43	80	57	61	90	44	21	84	2
20	34	53	81	66	36	13	61	68	5
31	56	9	77	62	50	19	17	44	64
67	40	52	34	3	21	66	50	90	54
33	35	40	57	15	84	17	22	65	45
32	16	79	71	9	33	29	43	90	50
79	47	45	88	66	20	60	81	44	39
54	51	72	35	24	70	75	55	26	40
86	85	82	60	37	21	52	64	45	13
13	18	59	76	41	35	57	80	83	72
33	39	62	40	70	81	67	59	31	44
49	21	38	18	53	23	84	28	41	22
60	79	42	17	31	88	23	72	36	59
18	5	69	84	26	20	16	90	89	24
24	37	84	76	3	86	52	26	60	40
32	39	61	53	6	33	83	85	62	37
74	28	30	41	66	82	79	27	64	33
33	89	43	25	56	55	46	86	26	15
57	81	66	43	86	52	14	70	31	35
22	43	5	75	37	31	79	15	29	60
41	43	77	8	85	32	79	51	16	70
89	56	80	76	49	42	46	27	88	55
13	83	22	62	71	82	61	80	27	75
84	79	53	24	2	76	80	71	62	52
7	9	64	56	81	25	70	15	60	28
71	3	9	82	63	83	31	57	37	34
87	37	19	4	54	15	84	57	65	43
47	3	70	18	67	57	37	63	77	52
71	55	85	69	2	24	20	37	47	82
73	39	42	14	2	17	3	28	45	22
55	67	63	21	44	23	57	64	10	49
62	88	36	70	41	76	39	87	32	45
34	85	21	1	59	16	22	74	24	28
83	88	48	9	55	47	27	54	79	22
30	78	2	72	61	39	36	44	85	59
18	4	87	82	50	40	36	28	45	34
38	47	59	24	7	66	36	70	27	12
58	43	90	64	88	36	13	70	20	49
68	25	9	31	18	29	82	41	39	87
78	75	79	46	32	50	74	29	66	2
14	39	60	35	58	12	28	38	41	68
62	30	82	19	53	12	88	42	81	29
54	52	67	66	3	46	88	57	72	20
73	87	53	12	44	33	54	82	15	61
60	82	16	74	8	35	40	68	20	27
63	17	23	57	14	38	27	79	20	54
39	12	56	85	5	7	69	48	50	14
50	59	12	73	87	11	79	85	37	25
29	61	55	12	7	67	64	24	86	5
87	14	64	4	52	2	3	50	39	40
13	38	65	49	73	28	66	75	47	2
76	6	83	4	53	42	74	54	34	62
90	52	6	17	47	29	50	38	88	75
13	46	74	20	54	48	72	36	88	25
81	56	38	59	89	75	29	70	90	32
84	86	12	51	32	6	88	23	40	41
48	11	45	34	88	83	44	52	12	49
58	32	79	61	14	63	44	39	21	56
81	33	73	68	55	46	18	32	31	42
71	23	60	4	34	36	86	49	74	13
17	4	87	43	58	33	64	67	89	23
51	31	4	30	60	45	43	26	49	55
2	26	54	88	31	44	57	17	36	69
24	7	81	51	48	32	65	14	64	37
58	48	21	86	19	37	90	45	63	71
71	11	74	85	5	61	51	29	82	80
62	36	79	3	44	87	46	39	74	68
9	46	15	55	84	21	69	49	36	38
65	8	43	59	13	81	52	69	68	9
60	70	58	47	84	65	27	64	54	22
73	75	88	87	59	22	83	58	51	21
52	77	19	14	8	70	69	23	64	88
77	6	28	36	53	44	51	45	80	69
62	88	53	27	38	55	36	30	14	28
69	43	78	30	50	12	54	79	81	66
45	7	76	34	51	13	53	65	58	71
11	86	45	18	39	89	20	36	14	16
80	71	29	53	5	49	25	70	51	73
30	79	9	67	55	12	27	54	29	68
42	85	47	30	62	59	22	56	53	44
73	30	21	42	61	48	16	89	44	53
84	68	40	7	31	14	70	15	71	27
87	45	14	35	70	33	63	64	86	10
56	49	89	76	28	71	14	63	88	57
54	27	62	20	33	24	68	16	44	50
23	71	84	73	8	49	63	86	19	18
32	51	82	2	49	63	46	54	58	83
75	8	21	52	46	54	27	80	13	29
56	71	35	69	1	22	2	45	49	82
24	55	63	88	6	9	41	22	61	74
38	31	55	64	6	14	15	70	18	36
69	37	43	87	53	13	17	36	12	28
69	3	17	74	55	44	78	14	39	66
59	35	82	78	1	29	65	54	22	38
26	77	47	8	61	18	29	58	37	45
59	80	83	48	64	65	27	79	26	88
79	78	15	81	7	48	62	65	53	41
37	12	9	44	78	88	61	53	18	19
51	67	49	30	25	59	55	48	62	89
2	23	36	76	83	42	58	39	74	28
15	79	80	37	43	24	69	58	14	63
41	39	11	67	2	46	10	33	74	20
86	7	58	21	42	34	28	14	20	13
5	67	34	70	89	69	14	36	42	55
23	78	28	5	31	44	88	21	56	73
4	79	62	31	52	88	45	18	11	64
31	2	75	45	56	83	62	65	80	18
8	53	34	72	40	64	38	13	3	79
42	6	62	49	46	76	69	55	39	78
12	52	73	40	6	20	80	64	22	57
73	27	7	35	47	90	11	33	41	58
6	31	73	10	47	64	87	83	14	28
72	34	81	30	85	70	15	23	12	46
77	52	62	45	84	78	74	18	73	28
16	69	25	43	84	36	29	45	72	13
40	41	3	12	89	66	80	54	88	36
4	64	25	56	14	79	44	28	67	22
52	3	78	43	63	44	20	19	54	65
74	78	1	8	42	13	12	64	59	62
72	33	80	28	54	42	64	68	15	58
21	59	76	30	8	53	87	40	62	54
31	4	27	85	15	64	82	79	44	21
26	87	59	74	1	40	49	83	54	55
35	70	73	4	46	25	44	82	60	87
8	16	86	79	63	53	75	28	76	34
65	43	52	82	74	88	70	23	89	18
18	63	41	6	56	5	32	77	55	69
2	41	54	39	78	80	24	18	36	89
56	53	77	9	46	89	42	18	24	30
80	14	51	23	72	17	54	63	27	81
38	9	44	7	53	69	52	47	68	23
2	74	67	73	85	42	64	18	75	20
15	66	75	38	9	28	72	35	32	64
31	5	64	84	70	89	32	40	25	39
82	20	17	7	58	42	60	74	23	72
7	38	72	33	69	55	89	25	34	79
14	2	35	55	48	88	49	65	50	32
81	50	7	41	34	68	88	24	23	30
74	49	22	12	30	56	73	28	39	81
44	63	74	30	51	17	24	80	31	68
13	82	85	3	49	78	55	38	89	35
15	52	13	67	44	34	59	60	12	38
68	41	8	33	74	26	27	10	38	90
64	77	13	34	35	84	89	29	18	33
75	67	24	82	35	60	22	30	70	40
55	23	73	3	62	28	74	80	14	52
13	21	89	36	4	53	37	32	48	80
21	69	4	88	32	54	75	20	35	82
89	45	34	77	5	38	42	59	67	18
31	1	55	73	14	80	44	22	50	39
88	90	62	35	16	44	34	72	79	30
32	47	88	62	21	31	42	68	81	41
23	21	59	45	3	68	77	60	90	84
30	52	86	70	45	29	84	80	13	21
7	57	49	32	15	68	55	13	87	20
74	22	6	49	53	75	61	18	50	51
64	79	4	85	31	15	24	90	65	2
47	71	58	1	62	89	81	49	41	70
59	74	16	58	48	40	36	8	77	18
8	64	33	29	12	42	68	19	23	44
64	5	3	16	75	29	87	44	48	26
29	62	70	8	37	32	88	49	64	46
47	38	9	79	69	65	62	46	39	75
6	67	23	37	58	5	79	33	78	24
74	9	72	46	35	38	52	68	22	79
26	78	82	4	56	14	45	39	10	20
6	29	76	31	57	58	55	43	62	66
82	18	48	85	7	29	67	57	39	22
36	71	25	80	45	11	10	67	24	59
16	65	71	22	39	33	64	11	82	88
32	8	46	25	77	49	39	48	89	68
85	72	25	89	6	3	8	76	18	51
32	7	28	24	60	88	85	65	18	16
13	2	37	81	41	44	10	59	78	12
87	84	81	8	62	22	68	79	54	58
86	21	69	9	37	73	72	80	68	23
70	8	69	15	31	64	79	38	24	74
67	31	2	33	35	14	28	46	79	88
86	31	20	61	82	44	67	68	26	15
67	81	40	82	77	90	44	21	87	54
8	20	13	45	63	44	88	77	17	25
59	6	49	61	31	22	15	80	46	78
15	39	72	83	23	84	24	55	17	35
3	62	49	43	58	76	87	48	66	80
59	36	1	57	70	44	80	13	67	86
32	41	83	40	6	80	79	51	10	17
51	2	82	64	75	33	55	60	74	10
43	59	2	61	35	75	63	49	88	87
39	4	23	53	75	62	74	31	48	58
22	83	27	40	68	18	79	80	35	42
5	65	81	71	48	66	79	73	49	88
81	74	32	14	55	86	79	35	83	45
1	26	54	86	43	90	17	21	48	18
87	82	34	29	64	80	21	33	51	89
31	41	60	84	27	11	79	89	58	36
81	24	36	57	59	69	76	49	58	32
7	42	39	33	68	47	48	28	66	80
6	76	23	40	54	11	65	72	85	57
37	8	29	67	42	90	55	45	28	58
78	18	33	77	63	20	13	42	79	80
6	28	56	7	35	69	79	21	31	73
48	86	43	11	71	88	55	21	90	74
86	49	72	20	7	79	63	66	54	83
72	22	84	6	59	74	24	19	16	38
2	65	34	24	12	83	74	62	51	19
23	83	25	15	42	87	19	33	39	22
33	14	18	46	9	61	55	69	88	70
67	1	52	36	42	43	73	64	16	35
67	79	68	27	39	62	71	31	28	37
18	3	32	69	46	25	41	61	73	60
52	4	35	44	71	40	78	39	25	49
54	77	12	46	85	44	32	40	39	17
35	62	68	21	48	44	29	26	82	57
71	23	42	4	67	79	66	55	18	43
31	9	73	89	24	35	66	74	57	63
34	11	61	4	22	78	76	26	31	19
88	71	52	40	64	47	55	66	73	81
81	58	3	28	40	79	60	27	43	80
71	12	45	22	51	83	28	26	16	52
89	17	52	72	1	63	61	76	44	90
28	51	52	47	70	10	43	26	81	56
12	85	80	49	68	64	44	3	24	55
56	79	37	85	8	67	52	90	26	57
17	3	32	85	70	40	35	29	30	87
2	36	55	48	79	49	19	52	13	62
49	81	56	5	22	70	34	16	87	86
13	39	78	41	4	42	7	43	38	68
82	9	31	52	47	40	49	77	13	69
67	15	33	41	80	21	69	23	3	47
74	5	23	31	87	65	50	18	34	41
50	26	54	88	32	15	28	62	36	53
81	30	16	72	52	28	77	40	9	62
24	6	59	40	35	65	88	79	15	77
47	12	5	82	51	73	83	44	70	59
22	60	25	63	43	77	54	10	89	12
16	71	6	8	50	29	44	89	34	82
87	23	81	50	43	28	8	57	70	30
52	18	57	31	83	21	20	54	79	37
36	25	58	79	11	22	35	23	33	18
4	31	65	82	43	32	67	83	41	29
54	8	58	21	68	20	50	31	80	17
57	43	89	2	54	35	61	71	82	49
80	75	44	38	66	22	79	14	18	11
15	70	56	86	1	49	62	35	29	20
25	86	24	15	31	28	72	44	82	65
13	81	82	5	66	53	68	43	15	36
80	16	29	9	57	28	72	54	58	82
69	52	83	48	10	23	55	45	49	44
28	1	37	42	74	72	84	63	25	44
20	26	88	64	56	16	30	12	87	69
74	21	56	41	81	90	78	24	43	63
29	30	42	55	88	21	85	56	60	40
51	38	5	58	48	47	42	6	15	77
4	82	86	34	72	51	52	69	55	61
46	81	27	5	74	13	67	39	7	65
35	69	73	44	15	29	60	56	70	80
76	66	88	28	54	39	65	13	58	19
25	59	68	34	76	8	12	65	37	28
74	38	25	88	41	45	39	24	61	76
80	61	13	77	48	66	90	12	27	70
27	43	39	7	83	58	4	66	17	32
12	3	53	46	65	68	51	70	22	63
88	35	51	6	48	67	72	25	13	61
4	85	21	13	48	88	18	70	29	90
60	63	51	42	89	48	11	35	58	45
51	67	78	5	40	70	63	73	47	32
88	75	2	49	56	79	73	80	17	55
14	83	9	24	56	23	69	37	35	47
71	76	88	6	28	87	41	48	64	86
3	35	75	44	83	53	46	82	9	29
41	29	87	50	66	61	25	31	55	81
63	87	1	14	57	22	68	45	19	37
2	66	70	51	38	89	40	47	72	29
85	38	44	46	7	62	34	48	77	88
17	51	55	16	83	79	36	65	50	60
20	53	68	7	42	70	65	79	44	21
3	57	66	22	83	67	23	18	37	45
30	61	39	46	28	81	12	36	20	68
5	57	22	39	43	80	53	88	60	17
61	8	14	78	23	68	21	48	64	74
37	50	82	87	22	55	85	29	65	19
75	69	87	36	3	34	81	70	32	33
88	30	52	47	1	22	75	61	80	59
16	32	36	8	49	11	35	88	56	58
9	41	74	86	27	12	88	30	89	34
35	4	67	57	28	21	43	90	47	62
9	61	14	82	50	47	69	12	32	39
26	54	89	32	13	66	69	28	84	19
72	78	4	39	50	44	53	79	20	18
34	39	87	70	10	77	79	35	84	15
23	63	88	10	79	67	78	69	37	80
64	24	35	17	30	79	48	80	31	49
8	35	86	61	14	25	87	32	49	79
37	58	76	48	60	69	67	7	12	40
28	50	81	32	61	39	58	64	55	68
2	51	71	35	66	89	42	52	45	43
80	1	43	29	63	39	77	49	73	22
55	36	29	4	81	39	90	52	68	27
82	14	66	73	69	43	17	19	22	24
42	47	59	75	1	85	21	53	17	65
53	25	49	3	78	39	72	24	20	47
13	23	54	7	87	89	61	82	22	9
40	29	36	15	7	89	70	87	27	48
36	41	68	70	88	65	53	87	10	79
75	77	36	43	4	44	71	66	35	89
53	51	74	6	28	79	32	49	73	66
17	70	29	66	38	31	79	77	64	88
35	81	60	73	43	65	26	85	36	88
7	44	35	73	81	15	72	17	32	66
34	17	60	87	82	47	76	71	45	85
34	36	14	89	20	25	41	72	57	56
74	88	39	44	63	21	29	79	31	65
41	43	30	51	72	69	26	87	47	68
59	61	26	68	1	88	23	33	75	83
33	41	7	13	28	70	48	36	78	85
18	28	80	34	42	79	48	74	56	36
9	15	71	37	48	39	56	87	34	38
27	26	77	33	62	39	56	35	85	2
30	84	82	47	51	27	49	67	18	38
14	12	89	57	30	46	73	64	29	80
82	57	15	42	68	66	67	39	1	35
7	58	46	39	15	12	78	49	17	19
65	4	67	32	80	89	39	2	73	76
9	54	16	86	47	73	71	89	43	22
50	43	66	52	70	64	44	49	71	78
8	16	66	40	29	58	19	5	87	13
84	8	46	72	60	31	38	17	55	57
73	8	67	27	33	29	23	48	36	79
4	70	18	85	29	73	17	9	25	19
74	6	32	41	84	80	44	19	49	43
56	15	48	77	28	25	76	39	29	86
3	67	69	23	50	42	27	59	45	79
56	2	62	75	33	76	36	38	73	22
90	30	49	29	77	23	87	57	18	51
49	88	52	5	65	42	10	55	33	12
20	81	53	75	6	61	18	51	68	66
9	43	22	83	72	57	77	86	52	60
51	13	70	9	41	66	73	88	22	45
25	18	30	56	80	32	51	65	83	58
16	74	78	21	45	59	63	17	86	18
12	80	5	31	73	55	17	27	54	47
47	33	9	86	26	76	65	54	55	88
2	59	33	65	82	75	72	10	50	12
86	34	78	7	57	18	29	45	41	23
47	42	75	56	5	72	87	80	73	70
13	56	35	48	77	29	43	57	71	22
11	64	28	70	48	57	71	66	30	67
18	88	65	44	24	83	70	63	84	60
36	25	50	45	17	40	87	11	57	37
33	14	89	28	1	40	57	43	72	86
64	15	8	38	20	58	82	85	52	54
50	35	47	41	68	72	53	79	18	49
70	74	49	20	38	43	57	30	34	36
35	72	44	86	25	74	37	18	38	85
55	39	12	8	46	17	59	90	53	29
30	42	8	29	57	23	33	79	49	45
61	38	6	78	44	29	73	33	49	48
10	17	49	51	70	5	59	2	33	46
61	34	2	41	71	32	89	44	58	83
86	51	3	88	44	40	63	9	78	58
31	18	51	9	27	72	83	34	16	22
9	58	45	42	81	63	76	82	12	36
86	87	22	67	18	73	81	82	78	26
63	79	28	5	17	15	49	87	42	10
39	77	19	4	81	75	88	67	25	61
17	31	45	59	80	88	25	36	48	22
89	84	37	6	72	27	53	57	20	25
53	56	87	19	40	59	82	86	21	20
34	48	72	22	7	80	85	45	69	57
53	74	42	9	12	45	25	38	57	50
81	38	66	49	78	83	48	19	62	42
3	72	48	86	22	69	26	47	85	68
69	2	75	33	12	77	54	43	50	48
72	37	5	24	60	79	35	51	18	28
78	41	33	57	10	77	25	23	54	88
38	79	13	51	24	74	37	72	16	45
62	28	32	13	59	18	88	65	26	42
51	77	53	27	1	39	4	5	18	75
54	71	60	24	9	18	26	22	2	14
29	4	17	86	56	52	68	27	10	53