49	15	46	12	38	57	26	61	76	24
82	3	63	84	75	80	13	25	42	66
23	33	63	47	56	80	37	42	1	67
25	16	54	39	23	52	69	60	79	67
72	47	86	62	9	13	59	60	22	73
24	43	60	75	8	72	16	84	38	68
7	56	62	40	76	73	68	84	1	43
32	34	49	37	68	35	17	84	40	8
7	30	29	13	85	89	48	76	25	70
72	6	71	43	76	64	75	27	60	89
81	20	37	74	83	80	24	10	9	3
8	2	63	85	69	56	53	9	88	41
71	28	81	56	84	13	43	26	42	1
29	38	37	52	35	1	10	27	9	11
57	24	71	28	47	9	30	85	81	60
34	60	7	41	61	38	21	30	56	69
63	58	61	5	74	13	62	34	53	73
30	41	54	84	2	50	46	89	37	16
65	23	3	72	6	11	56	80	19	36
13	53	50	16	42	5	76	90	4	15
10	24	79	47	34	13	29	74	14	80
23	51	31	66	8	72	82	79	11	32
22	36	8	24	78	10	2	87	48	56
86	73	87	44	80	37	41	15	13	76
31	47	48	82	1	24	76	38	69	2
26	12	41	65	6	14	60	71	90	1
17	68	84	79	36	55	37	2	10	89
29	67	38	70	35	85	36	40	50	71
62	4	52	78	41	33	76	10	27	25
60	66	83	5	14	84	43	89	74	8
28	47	21	46	81	71	49	75	26	33
52	90	4	42	86	25	62	65	69	21
65	4	51	84	81	11	9	46	60	33
83	32	47	76	20	22	29	80	77	6
34	53	47	64	77	19	23	41	2	35
8	54	5	56	39	7	72	89	23	41
69	3	75	86	28	19	63	41	89	23
8	61	50	78	34	5	51	90	89	15
17	24	90	31	56	13	63	65	14	80
25	16	74	27	32	84	5	80	87	9
1	86	43	67	83	35	87	10	22	19
67	73	12	5	82	69	81	41	50	14
88	70	66	23	56	80	65	22	53	86
85	37	62	51	7	8	24	41	16	14
65	54	43	1	85	80	17	22	10	86
3	14	78	23	34	61	76	84	4	55
39	42	74	62	6	82	67	51	27	44
8	34	82	35	9	72	54	43	38	1
46	82	69	22	88	56	87	74	62	48
27	30	4	83	42	44	72	29	76	39
73	27	61	34	13	35	43	65	58	25
63	67	78	39	20	22	46	74	61	77
31	60	48	70	5	18	62	89	26	7
48	83	66	59	54	84	43	9	74	8
79	38	15	85	56	27	35	24	11	29
89	6	72	87	63	16	76	3	84	15
15	84	53	68	7	16	62	77	88	3
26	35	30	75	9	69	81	42	60	50
90	61	4	65	48	46	16	82	1	58
9	28	65	86	70	88	27	19	44	50
3	21	17	79	42	20	14	70	85	10
83	7	90	73	32	21	61	45	68	23
18	37	47	8	43	84	10	52	85	15
89	70	85	78	66	50	64	48	15	84
47	45	3	50	67	74	77	30	61	82
70	27	11	64	83	58	7	63	82	79
15	87	56	35	90	27	53	11	74	45
58	3	62	73	82	29	46	55	13	31
22	28	39	27	43	70	85	40	72	25
42	81	66	59	34	84	9	74	8	83
6	23	37	25	90	86	87	1	65	48
16	23	2	37	75	81	84	90	10	11
83	87	41	28	17	71	29	54	82	1
46	5	78	49	57	84	75	45	62	11
12	47	51	62	20	73	81	26	71	34
59	7	64	16	88	53	61	8	18	77
47	33	89	42	75	77	11	61	90	65
31	5	89	12	68	84	45	87	62	10
33	4	73	77	80	88	40	83	22	47
47	6	13	72	53	11	76	80	4	36
82	57	73	41	29	59	14	65	63	1
36	62	31	72	43	27	71	6	25	1
3	17	8	13	89	73	90	65	51	1
32	70	41	24	63	7	71	1	14	89
71	38	55	2	30	27	1	26	7	76
24	46	42	40	21	31	80	39	8	38
23	17	87	13	64	80	72	4	10	49
85	59	55	3	56	27	10	22	8	86
36	16	44	37	52	41	68	45	21	17
3	67	45	28	44	26	53	14	80	61
65	38	51	4	30	26	10	6	82	67
84	75	33	42	78	54	24	85	11	23
76	48	12	34	27	39	8	88	84	20
3	68	43	17	40	22	35	58	71	45
84	69	76	65	57	42	81	87	62	1
42	72	23	44	78	62	21	12	83	90
24	8	15	40	21	72	18	10	4	42
63	28	71	30	85	41	42	10	90	12
66	73	60	32	67	51	4	55	21	44
25	2	48	60	53	52	20	6	10	5
26	53	74	36	68	62	63	65	11	73
39	62	16	45	64	21	10	61	54	46
4	24	18	79	31	38	40	81	43	13
80	52	44	32	13	68	63	33	41	77
22	9	53	72	38	86	2	25	27	35
7	43	63	74	12	82	1	39	84	89
87	31	67	70	15	53	6	12	34	18
31	26	88	29	64	35	13	21	62	18
16	79	36	80	73	61	9	63	10	11
3	59	18	34	7	47	40	81	43	31
71	6	37	70	45	13	25	33	81	87
15	75	41	6	77	54	24	88	32	56
33	46	56	23	61	90	51	43	4	37
39	64	80	37	34	88	90	71	55	3
7	41	17	9	69	3	89	75	67	90
85	59	9	71	12	33	74	40	17	14
55	7	42	65	31	10	6	24	57	13
81	73	88	69	74	18	37	43	24	47
72	56	4	60	85	10	66	7	18	34
41	52	83	61	15	79	84	77	10	16
85	28	73	76	44	34	26	19	58	32
13	71	4	56	84	46	61	6	36	28
31	78	83	66	77	44	59	53	11	10
79	14	9	27	46	39	15	88	6	2
6	81	50	38	24	35	4	30	56	40
89	32	40	27	16	20	76	3	10	9
53	61	23	51	17	49	48	37	45	89
80	57	36	19	66	37	2	68	7	74
28	7	85	32	51	47	3	36	61	41
45	63	4	80	79	58	39	20	62	90
83	58	37	64	27	20	76	3	32	9
21	64	4	69	18	20	67	42	74	65
58	71	34	28	66	60	52	31	14	88
22	55	23	46	9	3	4	61	8	74
30	79	25	72	37	58	13	77	63	57
21	63	65	45	67	6	55	42	52	10
24	71	15	70	37	57	61	80	72	63
86	5	66	43	75	35	1	30	61	49
43	69	78	33	15	20	76	30	23	9
88	72	54	1	84	28	4	49	2	70
30	41	35	83	86	13	4	85	20	37
52	64	50	13	71	53	14	30	17	40
37	86	43	77	29	35	2	10	22	19
10	72	59	75	68	86	21	43	61	58
12	64	51	5	62	32	66	74	25	40
29	4	84	59	25	47	43	38	66	5
70	11	58	84	76	72	86	16	88	27
54	75	81	72	65	17	57	26	30	90
61	85	59	77	28	35	21	82	19	90
25	41	2	64	42	90	14	20	89	19
15	63	41	12	31	54	42	88	23	56
31	27	38	17	60	15	26	44	48	74
68	83	37	1	16	13	14	55	64	45
29	32	8	31	67	85	73	71	70	12
34	66	85	38	8	23	27	54	36	50
52	81	13	54	42	83	10	46	5	53
44	67	29	57	25	16	89	81	51	62
58	18	84	8	72	86	73	33	77	41
60	37	86	3	18	35	44	26	46	33
9	84	15	88	65	17	86	10	38	90
74	9	58	24	56	13	11	72	90	78
60	28	86	30	83	9	18	73	20	21
34	55	2	31	54	83	62	37	21	41
63	57	8	76	27	81	71	15	14	40
71	46	88	61	44	79	80	19	64	51
24	75	77	3	89	26	52	44	17	14
22	83	71	85	82	35	42	9	37	36
52	73	9	45	12	83	10	64	5	53
38	84	23	71	28	11	65	41	46	32
39	51	32	43	40	47	24	71	74	45
25	47	73	54	61	74	77	51	19	16
30	12	28	67	62	21	59	15	3	16
52	64	38	85	74	90	11	73	10	65
74	5	26	53	34	21	66	63	4	89
30	79	45	82	87	58	31	26	75	57
78	26	77	4	54	15	58	35	72	1
72	11	74	30	25	71	42	24	50	85
35	12	4	17	63	29	80	65	60	58
88	32	85	67	37	34	87	17	19	4
30	46	2	33	62	86	3	56	67	16
44	12	43	68	58	40	21	86	10	79
23	44	7	53	27	70	51	19	17	60
31	72	2	55	64	16	58	20	52	18
25	82	9	61	83	90	87	23	16	17
15	72	14	80	6	39	9	34	45	7
73	61	40	88	71	47	16	8	68	12
26	49	68	29	64	7	28	3	70	62
37	50	42	54	29	90	73	52	63	79
46	65	30	85	13	39	9	84	17	51
15	49	68	29	4	7	28	30	70	26
59	66	62	1	12	89	25	81	30	26
51	7	46	54	3	64	15	16	10	53
9	44	17	35	49	65	88	71	30	74
40	81	17	48	83	4	82	71	47	38
60	55	69	58	83	6	10	79	57	84
32	12	90	64	22	85	6	52	18	44
22	61	72	34	2	60	83	71	86	85
8	43	15	24	47	80	90	76	75	2
90	6	23	55	38	82	78	83	34	62
83	52	14	24	71	23	42	6	89	77
31	37	44	60	18	13	5	32	46	47
78	62	4	65	74	22	33	83	73	72
45	59	46	68	2	16	60	64	65	13
78	53	17	37	54	15	77	35	72	1
13	68	84	72	64	31	69	74	82	55
74	41	88	32	57	83	80	37	31	40
45	2	66	69	53	52	20	60	11	5
51	4	71	43	74	62	58	45	10	36
90	69	88	27	87	79	54	57	78	30
24	41	30	85	77	57	67	27	48	4
82	23	77	50	47	35	11	56	68	25
78	27	4	81	64	61	18	10	40	85
31	50	78	43	52	9	41	29	66	79
12	26	8	6	18	67	47	7	49	84
34	83	57	88	6	53	90	42	37	63
84	70	81	64	9	38	87	52	1	48
88	15	48	6	44	24	42	58	62	72
32	5	47	30	18	85	60	52	81	44
88	73	87	61	59	43	34	86	90	11
64	83	18	80	45	36	81	33	52	82
52	14	31	60	71	47	78	33	50	68
45	32	51	80	46	36	9	49	83	7
32	77	53	76	54	9	65	41	46	78
71	43	2	72	24	61	52	42	78	47
30	13	9	82	26	80	31	3	10	12
54	55	61	1	81	43	51	15	37	33
72	80	54	41	67	50	7	38	58	2
75	31	18	72	25	61	52	24	84	47
29	70	59	5	31	54	58	47	2	74
45	73	17	85	16	24	15	13	88	14
58	87	17	11	48	13	73	10	40	28
45	5	29	79	74	10	32	72	50	82
85	87	6	37	49	73	11	72	1	41
28	83	32	6	52	5	58	87	71	15
78	11	37	88	31	69	70	35	26	46
82	29	60	43	52	88	15	58	24	72
47	15	76	58	62	55	29	25	60	42
67	85	57	1	18	27	73	5	53	30
50	87	2	18	49	83	73	5	33	27
57	84	64	6	74	23	22	79	34	3
15	26	28	90	12	51	27	80	11	21
7	59	31	67	63	72	14	79	43	32
72	29	56	15	23	88	70	58	79	27
6	23	70	59	45	49	33	7	64	10
64	65	50	8	58	43	17	42	74	87
29	83	41	32	72	89	61	37	14	75
88	81	24	6	75	71	68	90	58	80
67	85	81	4	75	69	87	11	35	40
65	87	8	66	71	40	83	35	56	17
73	34	9	61	87	17	37	10	42	11
45	30	4	74	31	18	69	11	23	12
31	88	3	44	46	90	14	41	19	16
23	82	69	74	65	90	6	68	87	31
59	46	22	58	5	49	78	2	35	81
77	2	34	6	61	90	73	75	58	57
47	84	7	67	17	42	77	36	65	40
16	75	22	15	58	36	55	34	56	80
86	16	83	45	66	10	49	46	88	50
64	41	15	38	59	39	28	89	60	8
68	2	78	59	27	7	72	10	54	8
11	34	75	24	85	50	5	18	35	54
87	88	59	73	16	8	63	78	22	41
1	84	65	46	60	85	73	56	88	32
71	43	37	11	4	41	56	80	53	9
74	85	33	12	64	17	73	1	84	15
80	6	17	45	88	32	60	73	46	31
30	57	7	51	78	75	31	33	6	12
39	14	53	78	4	6	35	89	23	16
88	61	22	25	49	7	60	46	65	14
42	46	5	71	32	57	39	82	27	45
65	32	26	11	75	66	41	58	37	79
60	54	17	84	88	42	21	56	73	28
5	57	81	13	32	66	6	51	26	35
15	26	58	84	81	18	42	75	8	48
11	80	60	36	47	6	37	65	62	84
54	23	18	52	27	88	62	46	31	14
67	56	75	24	70	66	27	19	54	73
81	57	41	21	34	43	76	19	75	33
70	85	73	45	52	25	10	39	44	83
23	8	14	56	52	19	29	53	26	86
62	46	37	15	55	30	87	45	47	50
52	13	67	54	47	68	8	45	29	15
68	7	16	41	22	19	48	21	14	36
49	51	21	58	33	73	61	82	47	39
73	41	5	77	67	57	19	34	75	10
57	52	42	8	81	41	36	15	24	44
81	65	57	61	48	23	40	73	66	68
5	45	86	51	27	42	40	46	72	52
83	59	14	49	6	23	47	60	79	88
53	69	44	8	86	47	24	35	48	52
86	75	26	29	85	46	90	43	54	14
83	60	11	26	37	23	22	43	58	52
11	30	46	89	77	33	6	14	86	57
36	64	85	14	70	38	23	58	63	88
81	69	47	55	88	41	29	42	87	31
84	67	16	28	64	7	85	10	70	18
89	28	76	15	25	74	55	73	12	8
11	87	34	46	51	24	4	84	20	88
16	71	60	51	20	36	8	70	65	54
77	21	62	83	36	47	50	82	46	66
29	67	66	53	57	61	37	58	38	71
36	50	82	43	65	90	40	61	26	21
89	71	34	78	56	16	8	3	63	70
68	87	18	56	31	13	20	72	34	8
86	53	75	24	87	9	32	36	41	77
22	89	74	30	6	58	9	3	69	20
79	16	29	65	42	1	34	2	26	13
24	65	32	55	22	38	63	50	51	11
24	22	42	35	90	64	36	52	65	61
15	71	68	32	39	10	19	43	62	38
5	56	73	14	77	13	51	49	16	56
12	60	90	35	66	42	22	1	52	44
72	35	6	57	66	42	1	87	79	15
14	90	77	12	35	38	59	78	37	80
72	32	82	79	65	42	40	61	11	51
55	78	6	84	16	40	46	25	57	32
82	63	6	32	83	58	46	33	38	14
20	60	35	25	73	32	57	59	88	37
56	80	31	49	59	23	37	40	46	41
62	39	73	49	52	41	55	19	43	83
85	77	22	82	17	58	68	51	45	73
23	42	4	8	57	43	1	64	73	82
83	65	3	74	18	41	90	53	68	60
81	78	38	9	89	34	15	49	30	1
46	68	63	80	58	4	72	7	78	2
79	38	29	18	40	13	61	21	30	44
86	87	28	20	74	83	10	25	63	66
79	24	90	47	66	64	27	1	52	30
78	5	41	21	74	10	33	19	75	72
31	49	34	44	56	90	14	70	3	16
33	81	27	55	49	82	24	45	71	80
53	89	20	7	73	23	71	15	70	33
72	33	40	85	19	86	79	32	60	74
88	29	1	23	21	39	65	18	53	70
58	87	67	80	24	44	69	85	29	42
74	28	37	19	5	84	49	82	86	31
85	14	74	51	26	21	45	30	69	76
58	13	76	8	40	63	48	23	68	50
20	71	32	64	31	36	40	7	55	15
60	88	55	34	73	50	49	8	74	18
53	7	12	49	38	33	44	14	58	19
23	74	79	72	61	39	90	12	81	57
45	86	90	53	25	55	66	1	48	8
21	73	32	64	30	28	79	7	46	54
37	31	58	87	80	26	54	64	29	13
32	86	85	89	1	42	55	8	54	88
30	17	85	80	68	21	89	46	63	90
82	34	90	70	66	76	15	18	51	44
56	23	49	82	34	55	53	31	39	51
12	74	87	62	90	82	47	58	9	63
63	60	69	85	27	34	15	73	19	4
77	45	62	30	80	29	26	19	10	54
58	74	55	82	63	83	28	1	45	73
39	80	70	31	16	28	90	11	64	77
80	29	55	84	49	51	40	6	1	69
72	59	76	51	42	74	15	30	79	81
77	11	62	75	29	60	40	82	24	2
71	82	37	67	14	13	16	33	28	24
56	31	44	63	81	66	40	18	73	52
45	5	40	69	67	82	64	46	52	29
71	62	33	45	75	83	11	61	46	53
70	16	27	24	37	64	54	36	21	86
35	50	43	88	11	26	3	37	34	30
70	52	65	31	59	23	24	88	47	84
80	46	58	69	10	89	35	26	36	31
68	49	65	71	66	17	56	30	39	73
9	64	33	14	86	65	4	60	10	81
62	42	71	80	78	87	7	27	45	28
77	65	62	37	50	55	23	73	10	39
33	66	71	27	84	38	8	87	22	65
35	60	39	52	83	27	90	28	53	40
47	11	77	50	31	11	58	89	68	25
85	67	41	83	90	25	30	48	43	89
35	66	67	33	16	27	76	3	30	54
12	88	37	39	22	20	73	62	86	19
26	72	47	78	43	85	56	14	79	50
70	66	63	71	67	14	33	3	87	49
50	59	90	33	21	9	34	53	10	14
1	45	63	88	27	67	24	72	76	90
14	78	39	8	56	64	33	84	22	87
48	13	23	75	80	57	22	21	73	30
60	31	90	73	57	14	27	63	10	47
12	41	71	33	83	74	26	62	70	3
84	50	64	36	45	54	79	18	20	21
35	18	20	85	33	24	38	90	17	22
71	57	40	12	28	42	20	26	37	46
89	58	90	34	66	20	26	3	87	43
74	14	71	88	49	44	42	18	65	8
83	45	72	60	66	74	13	40	27	73
15	79	35	43	59	28	30	9	39	82
33	80	68	88	4	24	7	37	17	31
74	18	30	35	66	51	65	48	80	42
46	60	77	18	48	1	32	57	42	87
68	27	40	79	17	89	30	13	85	57
86	55	76	29	89	18	6	46	84	36
29	90	52	78	73	2	40	79	37	81
35	11	17	67	57	10	43	75	13	88
58	81	29	86	70	9	87	10	2	43
70	11	48	8	14	81	73	77	30	3
83	34	31	90	23	20	10	68	80	44
83	79	49	66	86	44	13	38	64	17
50	11	60	85	42	37	14	71	27	87
73	71	39	89	70	74	50	29	44	61
35	83	37	15	39	7	42	18	62	79
77	24	61	37	84	51	10	19	42	89
86	45	84	90	47	41	63	30	18	29
65	87	37	23	77	53	60	45	22	66
11	18	87	8	82	4	70	25	69	28
45	60	58	78	40	72	19	85	74	14
78	30	82	12	38	28	21	40	18	85
43	87	70	18	26	69	57	75	24	82
85	28	66	84	67	53	73	49	21	29
32	85	10	34	90	58	21	44	75	46
79	84	63	83	37	85	22	12	56	43
80	33	31	46	73	71	14	77	64	59
75	45	23	77	28	21	47	68	32	89
62	3	48	44	38	23	84	17	77	63
78	36	22	55	67	66	17	38	1	45
40	29	50	38	27	60	17	31	24	77
46	55	71	88	33	21	50	19	26	51
79	76	39	66	88	28	74	3	52	77
87	60	57	83	11	24	15	80	44	14
82	8	62	37	18	72	23	80	53	31
76	64	90	39	26	67	88	58	20	1
8	23	16	79	66	76	80	1	28	64
39	55	24	31	74	79	65	9	70	50
26	32	33	61	4	53	62	12	83	23
90	29	47	51	27	82	31	7	39	62
29	83	42	86	62	63	22	10	31	87
14	55	73	32	84	46	90	16	66	41
62	34	70	22	85	71	48	52	33	29
83	59	32	50	87	36	20	51	65	76
52	30	78	44	33	26	14	85	63	58
86	55	61	80	60	68	90	16	57	65
72	38	87	31	80	7	71	17	27	29
10	80	83	35	26	71	53	25	42	85
86	46	85	24	66	75	41	72	75	50
75	47	55	73	48	66	39	23	78	62
59	24	86	34	80	11	49	27	41	66
69	13	73	30	80	52	59	26	10	40
79	11	26	47	65	6	23	61	4	85
76	23	82	44	71	36	16	45	1	29
84	20	32	16	78	86	39	37	31	49
45	29	69	16	88	74	68	11	90	2
90	24	58	18	31	19	8	50	88	66
14	25	37	90	38	42	70	44	50	1
89	39	55	69	77	64	22	90	57	66
89	23	74	11	71	52	59	6	27	90
65	90	80	26	67	10	49	45	27	71
84	69	8	52	63	3	42	48	12	35
32	7	41	69	13	68	44	51	70	79
75	10	29	42	21	56	58	84	11	79
7	16	67	18	26	15	64	71	23	34
73	31	14	28	45	64	85	41	69	81
82	41	39	77	85	37	89	52	1	64
58	79	37	80	29	42	86	70	19	12
41	16	25	88	74	86	65	62	2	38
16	86	70	32	6	41	88	31	53	67
44	47	80	31	52	71	89	12	43	64
38	41	64	59	39	14	23	66	19	86
57	45	80	23	73	46	63	82	43	6
7	38	67	39	78	77	90	69	44	57
83	22	49	44	79	69	18	4	64	39
28	74	39	13	62	72	29	60	58	41
8	52	80	55	51	61	64	23	73	30
53	49	42	80	16	76	72	26	10	22
20	89	72	45	59	52	1	49	44	76
26	55	40	58	21	69	78	11	39	86
66	35	16	72	36	21	88	54	14	89
47	4	8	68	84	82	41	70	55	52
56	4	66	69	74	82	47	70	57	19
44	85	90	62	74	4	51	28	31	11
27	16	58	35	46	26	54	40	59	38
76	32	55	47	28	88	19	23	75	2
37	77	90	34	79	6	11	81	69	57
52	18	37	72	83	81	19	11	25	62
13	44	15	74	23	50	22	87	26	19
15	31	52	38	44	60	33	4	63	23
75	52	79	24	66	73	43	64	13	48
7	40	57	61	39	45	84	18	59	11
17	88	47	38	79	48	90	66	41	86
30	14	86	70	37	52	11	4	67	81
64	30	42	68	55	77	49	80	53	26
79	41	34	39	74	44	17	65	83	67
39	70	64	28	35	56	52	63	84	88
67	14	90	84	12	33	49	57	23	89
41	23	80	71	82	42	11	77	30	60
46	74	55	61	4	29	35	80	63	79
39	28	6	57	79	80	64	16	29	18
51	72	37	50	78	11	54	40	89	28
35	14	58	1	76	8	43	51	90	86
47	90	23	76	85	18	43	52	60	14
25	13	53	80	71	57	44	79	28	69
85	31	16	71	89	40	8	62	65	58
44	68	71	18	24	87	50	58	13	76
49	53	50	12	90	88	63	19	61	4
16	74	43	81	54	9	87	41	14	25
43	76	18	46	77	79	52	6	60	9
83	5	71	67	41	55	24	90	17	69
72	45	70	66	41	53	56	58	12	48
76	49	15	75	66	13	53	51	12	45
47	17	28	30	39	31	2	50	77	24
76	13	42	88	32	75	34	50	57	15
66	8	31	53	39	88	50	75	51	44
66	8	75	65	54	88	26	48	55	43
4	72	26	33	80	15	88	49	55	90
69	8	38	66	61	73	36	34	5	11
89	81	54	58	15	71	46	4	26	35
37	64	47	30	27	57	24	20	89	35
59	77	89	45	5	86	11	40	66	29
55	42	15	63	72	70	41	65	33	84
70	54	37	31	71	63	26	82	41	89
25	53	6	68	74	11	49	79	50	67
54	70	43	49	74	89	16	41	18	23
46	81	38	73	66	58	34	71	43	83
52	15	69	81	56	24	11	86	73	8
18	33	79	31	73	55	69	41	86	57
40	66	89	73	23	58	34	38	12	30
86	16	22	70	69	61	57	42	58	81
89	14	43	70	72	71	46	3	62	55
79	54	43	70	84	23	62	42	40	35
32	56	7	43	39	51	6	41	4	12
80	4	17	60	79	49	30	25	32	67
30	22	7	66	62	59	41	8	90	4
90	76	62	55	70	1	31	18	34	83
83	30	47	42	80	67	25	90	65	5
42	84	10	32	79	24	47	90	5	69
24	12	67	82	17	29	90	76	73	88
89	61	74	49	75	71	46	12	29	77
56	15	83	41	8	75	86	52	63	89
7	52	65	2	32	76	5	88	69	16
14	9	31	23	47	12	60	32	2	55
80	69	56	67	41	86	11	52	13	89
66	47	73	44	39	65	48	69	12	30
83	48	32	55	14	67	31	3	26	12
77	18	46	60	24	26	17	39	90	36
33	46	65	70	86	54	29	34	56	81
15	23	44	69	25	19	68	82	13	80
23	49	77	86	34	50	47	43	54	38
47	62	36	66	31	10	13	89	55	34
80	24	17	64	78	61	30	44	32	6
16	37	83	79	40	42	17	28	75	49
66	52	54	24	39	21	64	14	48	79
73	27	56	81	41	48	52	36	22	60
33	38	72	7	69	45	61	82	73	59
37	84	8	14	35	82	41	3	63	19
66	26	69	55	78	85	11	75	37	67
71	49	47	4	31	61	85	13	26	9
75	68	22	39	83	10	28	76	46	17
80	39	82	42	6	40	20	37	43	86
26	60	77	48	23	47	28	76	42	17
17	43	39	26	87	73	53	90	31	52
35	34	41	7	83	30	62	90	55	82
9	82	46	42	76	86	51	29	62	34
25	53	71	67	65	41	55	36	22	73
89	42	78	8	36	47	77	48	32	9
46	84	90	21	82	31	54	47	80	9
24	17	30	16	23	77	60	33	5	74
46	43	51	16	82	37	22	85	9	52
7	47	78	27	85	62	63	77	59	69
88	28	36	44	62	90	47	49	89	85
82	16	55	38	23	70	73	89	51	86
47	12	83	58	25	31	60	52	14	89
18	83	8	62	75	89	69	41	80	36
47	62	8	83	22	73	82	89	48	12
80	76	21	52	14	90	60	78	31	62
89	78	52	72	54	46	12	30	58	74
77	25	90	18	34	69	33	56	8	52
81	43	22	40	72	33	50	4	31	71
87	28	62	61	54	33	10	14	70	1
81	56	23	52	30	3	50	57	6	15
7	80	51	85	39	61	76	88	69	12
72	81	90	79	87	5	3	62	19	66
21	11	60	82	39	40	86	88	43	16
59	45	83	70	88	56	36	19	67	40
48	29	63	45	42	80	18	39	62	57
26	64	77	56	85	47	45	58	66	17
80	27	71	14	77	54	46	20	29	36
81	29	85	73	69	1	14	56	70	30
56	39	79	8	58	32	21	6	70	29
27	59	90	85	66	89	13	43	25	56
43	12	26	54	25	83	3	55	66	31
56	41	85	39	70	38	83	78	20	28
30	68	40	76	28	21	70	84	50	26
48	7	55	17	22	74	50	52	12	54
51	49	32	6	64	83	60	37	26	9
59	13	68	75	8	16	60	38	40	26
89	18	76	54	34	66	4	39	10	49
80	33	41	76	34	66	18	23	45	54
81	20	62	82	77	19	54	72	48	41
43	81	63	77	52	9	30	48	11	70
22	52	4	78	24	83	5	88	57	77
36	60	84	62	49	74	41	4	70	30
34	89	70	31	26	16	50	29	61	77
21	46	56	52	77	36	42	29	81	58
59	14	21	44	39	1	25	60	13	11
52	80	83	15	27	56	36	75	31	44
81	82	29	7	12	64	83	34	17	49
4	65	69	26	41	24	50	39	52	48
57	69	7	83	79	74	28	52	40	73
79	11	87	26	74	58	4	37	51	14
25	85	60	73	69	4	26	89	43	3
67	14	34	85	18	80	6	88	10	12
20	73	52	11	28	33	17	62	51	37
52	31	11	44	23	56	36	70	62	77
18	44	27	57	74	14	83	86	17	49
71	44	90	6	64	83	26	62	19	7
81	83	8	35	66	64	56	29	14	49
47	60	15	66	40	10	76	50	5	49
24	79	81	34	14	74	87	72	31	28
13	49	70	26	51	48	23	5	31	3
46	19	38	44	77	43	70	8	23	31
67	12	83	33	80	50	8	45	48	30
12	73	33	22	81	75	49	21	53	64
37	56	8	66	59	20	71	1	18	47
68	83	6	79	34	23	11	50	70	5
25	71	58	3	12	63	47	86	64	83
40	37	52	29	3	64	16	71	50	49
48	31	77	6	25	20	88	60	56	67
12	26	88	40	22	23	11	1	62	36
71	6	59	85	40	46	74	90	83	27
86	28	56	51	14	7	64	48	87	39
64	16	83	39	59	35	30	11	25	56
25	43	60	77	12	63	13	36	59	83
7	30	49	77	50	61	21	73	28	3
17	38	88	73	39	67	28	44	46	76
69	53	73	12	49	46	32	20	68	47
59	13	20	41	72	37	17	4	7	52
39	64	77	88	34	90	5	22	35	61
3	59	34	70	63	13	45	38	47	80
36	72	8	12	52	59	28	54	61	85
61	58	35	12	43	71	11	14	70	77
29	40	90	7	83	42	26	66	17	21
80	12	37	67	44	75	86	66	20	40
27	18	62	52	90	22	6	70	55	73
74	68	12	26	6	87	47	35	32	72
14	70	18	32	53	61	31	74	45	28
3	11	69	47	85	64	43	76	62	31
18	55	75	67	88	84	46	60	70	22
25	31	88	63	71	32	2	84	14	28
18	27	90	77	49	59	37	64	6	13
88	26	47	66	11	64	65	9	50	36
31	68	80	66	36	50	81	65	34	76
72	23	59	41	60	29	47	5	66	40
36	70	66	26	80	49	61	52	3	62
39	59	63	13	72	33	17	77	25	8
67	15	85	36	30	44	17	34	46	70
6	46	73	16	59	82	44	34	9	71
44	52	67	30	81	53	76	90	12	20
73	6	22	66	8	82	35	9	15	59
62	83	72	4	59	15	8	61	66	90
44	31	25	47	60	75	73	55	5	82
70	31	66	46	74	82	35	39	30	72
68	25	83	41	37	70	60	67	81	90
44	8	14	90	23	69	50	13	71	79
30	18	63	12	83	71	11	77	42	9
52	69	81	23	85	40	54	65	82	39
58	30	14	80	63	35	55	1	5	73
7	40	34	70	46	66	85	32	20	73
52	90	88	63	30	85	62	78	50	53
51	90	34	74	8	24	65	3	35	80
44	73	29	16	81	75	79	58	86	20
61	74	78	41	11	1	66	35	43	8
63	40	39	30	8	72	88	77	80	46
7	75	6	52	78	55	16	47	3	30
73	2	37	40	23	45	69	16	65	52
4	59	21	45	30	52	16	50	53	28
7	39	63	47	2	24	41	18	14	20
73	47	58	23	71	62	59	39	88	36
68	55	8	14	40	35	21	47	83	90
21	11	81	23	6	63	74	2	17	49
74	33	28	12	88	50	60	57	26	14
45	80	18	31	77	72	40	67	70	6
10	73	8	75	83	62	85	65	1	36
74	12	6	55	77	53	90	29	25	70
36	73	66	23	30	63	52	65	53	44
53	90	77	12	33	88	81	70	3	10
28	7	90	41	79	55	85	37	16	75
47	83	22	58	56	31	43	85	49	19
45	68	52	12	71	89	2	67	87	80
75	58	12	40	63	82	24	47	34	32
34	77	23	20	4	80	65	88	37	54
54	12	83	65	28	16	40	67	86	44
80	69	18	21	44	31	20	57	38	87
33	27	81	7	6	71	61	1	47	49
85	56	6	55	28	51	74	48	16	36
78	45	63	22	14	83	40	86	67	90
73	90	12	15	65	25	86	67	60	75
59	55	23	37	81	3	87	90	16	62
35	65	31	4	11	37	17	60	66	57
56	63	30	80	7	45	13	36	54	20
66	30	25	37	74	64	33	85	80	40
23	45	69	90	85	39	18	55	34	20
72	68	85	81	7	32	13	90	20	3
85	16	71	83	89	68	39	28	33	18
70	55	76	17	47	82	75	34	30	62
53	65	34	58	27	46	8	16	66	32
90	26	86	42	55	35	14	44	5	80
47	56	71	20	30	45	13	57	80	41
73	14	67	32	80	62	59	72	86	63
11	81	66	72	14	13	70	5	80	79
31	62	9	85	71	53	50	66	41	79
67	59	74	30	18	65	40	52	32	63
63	2	14	71	5	69	18	3	87	26
75	67	25	49	46	44	87	47	24	63
47	59	73	9	37	66	13	82	41	15
59	5	66	24	72	42	18	37	40	54
31	63	2	71	26	60	41	65	47	11
23	64	80	18	78	21	59	61	52	33
18	4	48	45	55	2	68	1	39	84
72	40	26	53	41	17	14	5	34	23
30	81	22	4	62	44	84	80	47	67
65	53	82	39	86	14	64	60	22	11
29	16	83	35	74	13	58	79	49	88
76	18	21	87	63	34	20	90	66	70
72	54	12	49	26	48	9	29	21	45
23	39	54	87	60	35	18	67	83	57
26	34	58	53	72	13	29	89	20	90
75	74	65	21	62	24	14	11	83	57
89	83	8	52	53	15	70	19	90	56
75	54	49	36	10	67	68	32	20	78
64	84	18	40	31	28	61	4	74	45
82	78	88	53	37	39	48	86	25	11
57	5	89	78	81	3	16	36	20	8
45	62	79	56	51	17	68	42	82	78
70	51	14	49	82	46	23	18	30	85
75	62	79	81	38	6	87	53	31	36
39	47	57	43	27	63	50	7	71	58
56	34	62	61	72	18	50	66	54	29
67	54	28	16	90	45	9	13	40	55
41	83	25	63	29	6	68	90	17	21
71	89	31	78	51	11	50	17	32	46
90	34	59	72	41	77	37	11	47	83
87	82	63	35	86	22	1	76	78	11
71	60	24	55	84	34	20	33	28	67
67	30	44	39	88	14	11	56	82	62
77	48	46	13	45	72	31	42	57	63
11	34	60	71	27	52	31	39	28	22
35	25	46	57	14	76	10	80	15	59
88	60	22	52	68	89	54	16	77	48
53	67	71	72	12	10	8	16	38	19
67	14	82	75	71	26	52	40	78	43
85	27	43	76	56	82	65	11	19	83
85	16	67	59	33	2	36	45	66	58
38	68	14	27	11	3	80	63	49	31
76	35	19	52	43	86	13	62	83	51
56	35	76	39	11	73	6	22	13	25
54	89	47	73	83	18	66	6	36	81
27	63	58	22	45	72	62	37	39	20
78	32	85	55	34	66	60	75	24	51
80	56	18	21	40	44	45	9	83	74
69	27	45	11	48	57	58	13	17	49
77	50	84	63	21	29	31	82	27	85
68	79	81	12	56	74	82	65	8	90
87	26	39	54	13	85	11	25	14	60
68	71	40	81	85	45	8	5	66	57
29	35	62	80	31	58	79	83	10	69
76	14	63	19	72	39	36	56	7	49
69	11	27	31	29	58	48	83	16	32
51	14	79	38	59	70	71	8	57	80
73	90	55	78	12	24	22	16	68	31
79	87	51	70	2	48	37	50	63	76
68	52	45	32	62	70	71	10	53	17
80	12	25	47	66	24	41	20	33	48
79	54	14	72	13	39	58	55	41	87
31	70	49	23	69	46	19	82	21	37
86	42	64	17	31	79	90	63	45	66
81	39	59	24	62	63	19	49	9	67
35	11	36	41	68	70	13	29	32	77
49	84	22	30	58	65	33	45	89	25
55	76	68	39	27	2	19	45	89	25
16	36	65	79	77	42	60	78	66	49
27	82	49	74	58	65	41	31	53	34
32	47	63	14	69	71	18	87	64	36
13	58	30	41	26	59	37	68	6	75
79	66	60	42	49	76	33	55	15	89
83	86	59	34	64	28	49	73	8	35
45	11	26	51	85	64	31	28	71	72
47	62	81	24	41	37	48	38	6	75
21	6	23	31	79	68	11	25	16	3
49	62	17	14	20	53	19	12	5	90
1	33	34	72	17	4	76	79	14	35
19	74	26	87	33	55	5	46	12	45
4	27	80	43	88	19	22	87	45	29
13	47	51	43	87	19	42	68	11	52
79	73	75	12	10	68	39	25	80	18
10	18	87	21	27	67	73	58	48	45
76	43	37	81	27	63	31	79	68	45
64	18	1	79	54	76	34	45	67	53
63	3	4	85	16	70	68	48	52	38
81	52	6	10	14	60	49	78	24	62
88	1	72	85	12	28	21	49	11	90
51	3	19	38	79	44	68	24	21	33
52	54	14	60	57	90	21	63	48	18
64	68	48	25	8	26	61	21	87	2
86	69	42	50	7	31	82	51	30	13
19	43	26	34	1	40	56	5	20	10
58	80	88	29	5	2	15	26	39	90
21	28	10	61	39	76	40	89	13	84
69	13	51	11	84	19	28	53	3	42
28	87	9	74	2	81	25	60	17	38
89	51	49	8	13	71	2	48	62	44
47	69	11	59	38	83	14	64	19	25
88	1	43	69	25	20	11	51	38	66
59	32	39	47	89	21	55	58	90	83
63	13	77	52	85	27	33	48	90	11
9	59	68	40	78	26	31	84	55	61
58	26	11	71	34	89	44	90	3	63
74	44	1	56	23	83	12	68	39	20
39	58	10	78	66	71	65	27	46	83
31	40	17	86	44	18	4	90	36	51
8	47	25	55	20	58	19	62	32	48
76	1	89	63	88	35	22	83	60	44
73	10	81	34	69	66	19	23	45	1
29	58	12	4	44	66	11	86	31	36
49	11	86	22	81	15	63	50	83	4
38	1	62	39	13	58	23	45	71	11
28	47	62	10	89	58	66	90	37	16
69	7	89	22	43	15	90	24	52	66
13	25	46	5	69	83	19	56	63	36
60	21	56	33	79	81	50	85	8	25
14	1	28	56	8	68	44	31	83	22
44	86	69	4	88	11	68	26	35	23
75	74	65	21	62	24	14	11	83	57
41	71	8	77	14	85	7	33	16	4
23	15	89	3	62	86	44	18	72	50
6	51	26	42	88	34	66	87	63	90
59	80	46	18	31	10	63	33	71	57
8	40	51	53	2	41	66	25	83	17
60	11	39	29	67	1	83	22	46	58
54	13	21	52	73	45	10	63	5	29
27	6	31	72	12	48	90	18	36	56
18	66	26	2	71	74	63	45	19	10