55	3	4	61	32	72	89	50	69	5
55	79	64	34	47	88	5	28	29	48
10	84	88	51	14	64	23	59	50	76
39	74	3	66	9	35	30	82	58	54
63	34	5	41	28	48	10	44	65	6
87	11	67	4	37	47	25	72	62	82
6	80	39	47	33	31	10	79	25	19
40	1	72	32	77	21	83	37	74	35
25	82	6	66	69	78	23	43	67	61
15	26	62	82	36	9	54	66	17	45
13	62	3	59	15	58	34	21	73	66
76	32	40	85	89	60	10	14	53	65
29	77	9	5	47	25	30	88	68	50
28	83	59	41	68	58	79	43	19	72
89	26	5	50	86	8	10	62	11	31
4	73	30	49	76	33	62	85	47	60
7	75	32	9	3	1	76	36	88	55
49	87	16	54	4	23	67	30	10	62
63	9	58	2	18	5	37	26	15	62
19	28	26	10	53	64	20	63	31	32
82	45	33	16	61	86	60	30	55	49
76	45	57	31	87	83	67	53	18	74
45	46	6	81	60	50	12	42	36	67
8	2	33	62	59	64	3	6	29	86
13	57	55	60	23	6	11	62	20	17
46	69	68	82	66	31	17	63	38	34
39	56	18	10	2	64	37	40	90	1
65	71	18	29	7	14	44	49	27	24
86	3	52	40	38	28	75	7	24	56
71	65	22	29	6	87	88	18	63	38
20	28	82	52	23	48	50	26	16	85
18	68	23	22	43	30	37	75	38	63
58	72	59	20	60	35	8	28	77	12
12	64	75	4	8	38	78	10	43	7
18	60	31	65	37	85	12	22	76	62
47	62	12	86	9	15	60	88	75	54
21	32	28	27	78	64	52	13	38	22
29	71	57	20	34	65	2	61	74	89
44	2	40	65	6	84	79	20	58	15
85	11	56	55	48	24	35	9	41	72
63	70	62	26	54	51	5	74	64	10
14	61	85	31	71	10	6	16	41	59
66	8	68	22	20	23	34	45	6	88
29	65	1	42	25	7	79	13	19	54
69	20	27	10	90	15	52	31	47	76
75	70	63	61	55	66	33	57	47	19
56	66	36	47	46	2	50	81	15	84
62	79	34	57	30	32	78	71	45	21
65	14	88	4	83	21	56	7	51	87
61	53	25	7	21	48	54	40	29	83
63	31	55	26	20	74	79	67	82	51
67	29	39	4	58	55	41	48	28	35
49	31	33	54	23	14	10	19	52	48
16	37	65	45	68	86	57	81	50	20
29	17	69	11	23	22	10	84	12	59
20	15	43	68	21	18	82	12	10	22
19	31	60	59	77	55	46	32	30	7
9	27	38	40	89	20	84	63	41	37
75	74	87	11	79	52	70	25	9	53
36	38	7	70	84	43	17	3	16	8
6	64	35	89	4	83	65	87	13	81
76	51	69	54	42	10	66	21	26	33
67	11	50	75	48	51	5	60	52	53
72	26	11	59	87	9	2	56	57	83
55	61	50	52	1	57	23	53	18	88
85	55	19	42	9	81	49	37	40	65
40	37	28	57	10	54	41	73	68	36
51	61	38	86	9	50	1	83	4	68
43	59	68	39	30	47	37	78	79	72
41	34	21	47	13	25	37	1	40	62
24	85	86	25	89	26	62	3	90	77
65	53	28	40	64	70	69	72	45	54
58	40	32	63	31	90	27	30	1	21
84	39	81	41	61	68	26	77	58	71
11	48	47	89	70	77	86	19	13	9
88	57	47	41	87	37	23	59	49	61
44	82	74	32	53	83	22	10	15	68
72	82	52	31	26	6	67	11	28	84
85	26	80	66	84	13	45	20	23	50
82	81	64	39	54	60	77	84	73	59
16	49	46	39	74	36	11	78	22	84
52	78	30	11	74	33	71	48	18	54
39	65	69	53	48	14	43	18	86	51
34	6	39	25	75	3	87	14	16	89
34	11	38	17	54	56	58	50	4	85
34	48	26	79	2	70	10	11	36	56
8	50	52	30	63	46	64	71	10	78
32	49	37	31	47	33	51	36	63	18
55	48	64	61	14	51	11	4	19	46
45	33	19	30	7	81	65	88	16	28
12	18	35	31	60	82	39	1	75	52
26	50	89	52	38	84	69	31	48	80
59	45	74	75	62	49	78	66	44	69
40	81	59	57	70	14	37	19	58	79
75	44	21	14	40	39	16	47	66	23
62	3	57	23	53	78	34	89	86	63
23	85	4	33	51	15	39	71	10	75
43	19	21	44	76	35	41	79	23	36
88	29	87	1	11	17	21	90	56	72
25	53	21	90	19	20	83	81	77	3
31	6	86	70	69	14	75	12	67	3
59	30	55	50	15	19	61	58	26	52
90	73	88	49	4	76	36	30	6	7
86	32	23	62	6	64	40	29	75	61
61	63	80	79	32	46	53	41	34	40
84	29	78	17	15	76	28	52	46	48
53	64	82	13	83	26	9	37	17	28
42	15	79	90	33	21	56	50	66	6
54	82	32	81	35	16	24	7	29	89
44	70	13	48	81	28	63	52	14	21
33	18	54	53	22	60	10	80	45	37
5	59	13	74	63	71	39	54	83	88
7	30	74	36	12	56	23	35	22	24
53	14	48	35	65	84	70	51	46	16
87	10	42	1	12	76	44	64	75	18
27	38	63	55	82	4	10	21	41	22
69	83	42	54	14	76	48	53	86	68
89	45	69	7	30	9	56	87	34	37
63	22	58	9	72	3	45	17	48	43
42	63	21	61	47	36	78	23	41	58
58	81	69	23	59	47	38	28	44	6
66	38	34	70	19	69	12	51	11	89
8	79	33	3	76	42	6	20	70	54
66	82	19	86	63	78	31	89	42	67
19	38	59	63	70	81	18	89	27	50
75	17	47	44	60	58	68	36	89	2
25	64	39	14	65	7	4	35	32	6
86	50	46	68	35	14	9	51	26	37
33	52	5	49	51	37	42	55	16	3
2	35	72	71	32	88	85	9	70	1
72	63	89	73	53	69	17	6	21	65
57	79	64	24	53	28	66	50	21	63
10	53	4	83	68	70	22	28	55	37
52	11	87	63	49	46	90	35	8	65
18	16	69	24	23	88	61	57	7	19
71	50	23	3	28	32	85	16	79	39
83	60	70	2	65	71	53	23	9	74
14	30	50	41	3	59	71	29	28	24
33	42	84	51	59	70	27	18	83	66
47	3	88	28	60	42	45	87	85	81
41	27	52	84	65	11	75	67	64	28
49	4	90	55	83	54	59	36	22	20
57	55	64	61	88	10	78	18	39	73
26	5	28	3	71	20	77	15	6	43
41	89	82	6	60	19	10	83	65	54
11	75	38	60	35	31	59	71	30	49
13	28	33	35	73	69	17	20	40	19
26	84	62	67	74	9	30	73	38	70
37	10	79	52	44	83	34	15	22	1
5	73	12	61	7	63	50	4	54	37
22	20	62	75	54	5	64	36	7	52
67	52	76	25	34	17	12	19	7	35
16	50	22	38	66	45	18	9	81	88
1	9	31	29	67	85	25	56	61	35
31	29	13	52	40	83	30	85	53	17
29	30	12	88	58	45	83	16	44	2
66	84	40	15	53	88	81	52	46	72
76	46	17	68	40	23	8	62	15	67
82	73	88	72	20	78	59	56	29	30
20	21	83	36	39	77	58	63	15	26
75	31	83	62	87	26	58	80	22	41
84	29	83	76	22	70	45	30	53	26
54	75	82	23	85	80	1	32	78	71
65	24	5	79	66	35	56	19	44	68
46	67	50	59	41	85	45	82	78	80
32	76	69	73	62	26	48	44	27	74
9	25	50	13	87	1	75	77	67	44
30	61	38	45	18	64	62	50	29	67
82	85	3	32	35	9	36	17	8	79
56	22	21	60	10	39	89	77	80	41
37	35	15	33	4	64	22	72	50	47
63	10	23	82	76	83	11	26	56	43
68	49	54	14	89	80	11	84	37	24
1	22	32	27	19	42	24	28	20	12
1	8	67	27	86	40	66	9	19	3
39	23	45	77	13	22	86	70	52	25
89	45	63	19	10	44	85	22	31	14
75	30	12	17	55	72	6	47	20	38
24	11	4	26	56	63	48	14	6	61
29	37	52	55	84	25	79	73	45	13
58	18	65	10	61	29	82	89	75	14
65	70	67	50	71	4	40	28	79	58
30	54	45	51	12	37	7	50	32	22
62	28	5	40	45	71	81	75	55	9
77	9	19	76	43	7	55	10	50	41
10	28	37	63	62	41	11	34	29	30
81	52	34	76	27	72	56	89	8	64
18	29	86	2	64	8	41	70	71	3
6	7	78	54	87	74	4	62	20	89
44	54	24	35	72	13	42	52	60	55
57	33	71	28	18	1	81	87	82	6
72	11	77	85	49	30	16	89	82	52
35	55	7	13	73	77	16	8	3	75
10	32	75	41	11	35	85	34	6	12
38	87	3	33	63	9	81	43	23	46
44	27	89	13	36	15	69	49	65	70
86	61	55	9	30	10	65	39	54	29
36	53	12	59	26	67	16	13	82	50
34	43	13	60	79	17	23	20	50	7
10	59	1	87	65	74	46	39	53	14
27	15	1	60	13	80	26	55	42	83
11	7	12	45	60	41	77	61	44	42
51	90	19	83	40	3	42	69	6	45
76	23	34	33	46	61	47	21	16	28
9	68	90	63	86	33	59	49	74	25
7	77	52	27	1	5	21	61	10	71
26	41	81	76	42	51	36	69	71	3
58	89	79	41	67	11	88	33	48	22
31	5	63	26	30	45	78	88	62	66
9	74	52	15	64	5	56	71	50	26
21	42	44	24	82	79	37	89	22	18
58	63	47	30	13	45	4	50	59	43
65	42	88	90	6	77	26	62	4	33
80	45	7	15	50	89	19	3	5	39
34	58	76	30	78	48	47	4	60	45
18	76	49	2	34	32	82	38	28	40
82	81	67	68	65	9	83	44	84	86
18	59	23	83	27	39	8	38	78	1
10	66	22	73	79	28	60	31	26	20
80	42	87	10	57	8	78	35	83	27
53	7	64	38	54	75	10	83	59	30
71	13	14	7	38	50	26	15	46	56
62	42	41	25	43	39	84	55	50	44
1	5	8	57	80	46	34	2	9	53
55	59	73	23	19	45	3	27	88	69
30	87	80	63	73	71	34	47	39	55
59	64	31	34	62	75	22	5	43	47
58	37	38	26	72	90	61	9	53	20
7	21	8	43	52	32	19	61	84	14
14	29	75	23	17	45	50	87	22	61
75	20	16	19	88	42	22	87	4	41
74	79	72	5	48	71	78	32	25	17
37	59	14	30	73	52	81	9	3	7
42	77	55	88	31	22	84	90	79	9
17	2	37	69	57	60	87	22	34	81
60	13	33	65	18	62	68	52	41	73
74	73	41	83	33	57	81	9	62	36
19	55	37	51	23	11	87	58	61	62
20	48	45	47	38	36	11	69	37	22
49	85	43	66	2	50	77	81	40	83
64	77	86	75	84	85	1	74	68	29
44	58	9	87	49	75	48	47	71	20
44	73	40	26	61	64	89	79	58	14
5	86	56	29	39	25	80	66	84	61
38	48	25	84	75	28	89	50	36	26
34	83	50	58	65	56	9	23	20	62
29	8	35	20	40	17	33	84	56	34
24	34	57	65	20	37	87	50	38	42
2	24	54	81	55	49	71	62	13	79
5	2	73	19	6	43	20	50	10	7
25	66	63	86	77	61	78	84	50	20
68	1	83	67	86	11	85	54	46	89
14	82	66	70	42	6	41	74	52	38
54	2	77	1	69	66	20	11	44	10
86	84	26	30	16	55	14	60	56	81
81	88	68	51	1	18	39	66	84	43
60	17	37	89	9	51	46	62	72	45
22	50	73	27	6	38	77	44	5	71
15	23	66	1	6	33	30	18	42	88
53	37	77	24	45	46	68	78	51	86
35	86	89	77	74	64	18	36	9	27
12	32	26	56	8	25	43	4	39	15
47	17	56	23	4	64	45	52	3	1
64	32	14	43	54	44	62	59	76	77
54	9	41	49	69	78	52	43	63	6
21	28	37	47	2	71	49	58	32	17
85	51	68	60	84	31	34	70	2	90
3	24	13	68	44	79	56	34	12	84
90	86	35	68	7	33	84	37	56	61
72	85	56	59	63	79	42	60	41	38
11	65	13	15	61	55	68	59	25	67
76	70	2	54	73	43	71	23	42	78
31	66	84	24	59	47	44	20	46	6
8	88	75	27	4	52	43	55	38	84
58	60	55	68	78	49	4	1	7	12
50	39	33	41	85	6	4	18	74	78
14	64	87	50	54	46	80	4	81	19
6	83	9	64	45	11	88	56	74	36
8	29	71	62	60	17	63	41	65	52
5	64	57	85	25	44	34	35	54	55
48	43	11	72	45	71	85	39	7	42
82	14	57	59	70	88	76	29	27	84
63	7	36	88	74	85	14	75	71	66
12	19	29	55	41	71	47	28	54	24
34	90	20	51	56	27	79	81	65	54
16	22	36	5	72	88	48	65	51	63
6	87	29	2	56	30	42	49	24	74
33	55	48	8	71	4	22	18	54	2
40	18	44	13	65	72	35	36	77	62
20	80	49	4	65	14	39	88	26	66
77	78	74	39	73	40	52	3	12	49
89	44	78	15	27	19	60	30	18	36
9	79	61	83	10	85	88	15	13	59
62	82	25	59	74	73	23	85	5	20
10	20	72	79	37	59	13	82	49	69
32	14	4	65	11	35	34	79	43	61
66	7	77	74	55	59	61	34	57	1
42	69	4	58	9	57	8	31	86	30
42	9	67	27	65	63	79	41	25	37
67	50	40	83	27	89	73	35	62	15
45	52	26	38	75	13	35	33	39	9
41	78	90	2	55	14	65	4	81	47
63	39	19	21	80	26	51	61	25	45
28	70	7	81	8	87	64	42	43	9
26	59	66	43	52	23	47	16	82	51
82	75	17	3	76	6	77	56	38	18
27	46	20	29	61	17	53	47	25	21
28	37	6	41	57	31	20	82	3	55
3	88	32	50	83	55	90	81	49	66
5	69	43	56	68	55	28	71	65	49
19	90	61	59	87	82	5	15	71	53
15	72	60	40	47	74	23	68	28	38
23	27	62	10	6	38	86	35	5	9
14	43	41	3	56	69	30	39	61	83
87	48	54	56	4	86	90	52	39	33
2	7	9	16	38	65	86	32	55	51
26	21	24	85	76	40	60	86	35	12
88	27	62	83	22	4	25	6	57	5
38	59	77	66	84	26	16	70	60	47
67	45	52	85	30	76	75	68	63	27
52	53	8	77	79	46	58	86	47	38
76	85	56	27	24	20	83	71	48	62
2	25	69	18	83	59	74	38	1	23
1	72	4	30	40	7	84	42	57	6
73	31	71	20	24	12	51	80	36	47
11	40	39	9	53	59	20	84	70	52
27	2	56	23	10	72	45	41	44	53
47	25	18	13	43	85	52	51	15	88
82	63	88	68	49	16	55	76	21	6
17	25	71	23	89	22	69	40	76	83
66	29	14	12	8	68	5	16	80	37
32	40	72	75	34	53	73	49	81	63
54	58	30	5	48	77	9	39	23	47
78	28	6	69	18	81	36	55	68	84
72	77	23	90	88	6	14	39	58	81
27	34	40	41	2	77	6	20	61	32
4	70	30	69	72	41	79	60	68	3
83	14	5	47	68	86	62	33	31	57
23	40	49	74	55	5	21	45	7	16
31	40	70	2	16	9	5	83	37	18
48	64	84	2	58	3	39	52	20	40
67	86	57	62	72	84	39	81	82	46
62	61	89	2	48	63	75	37	90	19
89	62	10	53	43	66	35	31	49	7
33	69	30	63	27	13	87	28	11	44
34	41	46	87	43	24	71	79	6	25
50	51	73	43	59	12	9	80	69	77
4	84	46	27	41	26	80	39	11	59
26	32	62	22	46	85	14	39	27	86
59	78	71	90	70	44	55	26	52	28
82	67	20	71	17	41	4	57	66	25
12	85	87	64	80	14	31	88	26	79
17	16	90	65	40	51	72	53	32	10
2	82	4	29	41	35	7	73	85	42
73	28	43	56	84	44	55	5	19	76
59	23	11	39	32	3	76	29	21	61
85	70	54	15	42	39	40	4	5	62
80	7	51	47	32	25	59	22	55	34
25	9	88	62	24	78	7	5	42	72
59	61	88	16	27	48	11	78	64	47
73	60	37	49	56	10	44	71	38	5
23	41	26	38	75	11	20	47	86	87
86	47	53	84	51	80	55	35	44	38
8	30	52	14	77	55	12	38	71	6
76	31	16	49	86	72	70	1	66	62
89	83	50	17	44	73	28	66	34	27
2	56	80	46	29	67	17	47	64	79
39	49	65	59	47	4	64	74	80	57
51	80	26	50	70	68	83	30	7	60
42	12	1	65	47	76	29	27	62	79
1	55	27	8	74	33	58	12	43	52
78	42	87	67	49	51	9	73	66	59
64	17	48	32	38	75	78	9	35	5
72	41	29	77	36	60	47	64	59	23
26	51	75	14	39	34	42	76	11	22
56	61	39	50	19	81	24	54	1	12
64	8	23	11	5	80	48	66	77	20
33	12	72	81	19	5	52	54	87	20
17	87	36	37	57	39	52	40	38	66
84	77	3	2	28	55	42	67	63	71
73	89	1	20	84	28	74	31	32	62
56	21	29	47	18	86	4	3	12	53
17	9	87	72	16	48	6	32	78	60
61	87	4	26	10	77	70	24	3	7
32	54	8	9	18	42	38	40	23	53
49	1	30	37	38	62	54	42	23	6
50	51	90	15	85	57	66	13	5	14
62	34	8	61	4	26	55	84	43	22
38	28	69	21	44	19	9	67	41	79
47	56	8	38	53	43	41	20	51	29
53	9	55	10	90	52	34	23	4	49
59	32	24	36	8	86	28	11	44	14
24	85	21	40	54	22	9	49	32	75
77	27	87	25	66	2	42	50	84	79
69	47	29	79	78	26	35	22	59	75
66	17	3	76	86	62	65	48	31	60
89	83	45	18	58	69	13	66	5	41
39	20	8	10	24	16	1	19	22	59
81	68	22	13	34	48	49	12	41	63
37	13	50	61	72	44	41	70	26	27
85	42	43	36	50	5	74	35	24	23
83	58	43	21	6	56	33	38	46	73
69	18	59	49	35	36	9	47	71	78
14	40	88	76	1	5	32	62	20	27
48	39	37	71	53	81	52	12	6	14
29	63	80	57	37	19	65	42	44	21
69	2	68	35	31	74	28	40	1	83
47	74	20	42	11	49	22	1	23	71
72	51	5	84	29	37	26	13	43	23
26	56	67	66	83	16	68	22	38	6
9	54	2	58	74	26	27	46	20	4
18	60	26	63	39	53	86	24	34	21
38	63	74	30	78	3	79	62	73	4
14	5	85	59	61	30	44	63	8	71
54	64	88	24	74	26	20	14	50	70
58	84	39	24	48	64	81	49	74	28
19	24	37	34	41	51	6	5	81	87
19	74	86	47	52	56	73	42	34	33
69	62	80	31	88	17	84	6	87	14
44	12	45	39	54	53	66	52	22	6
59	51	67	76	23	35	73	88	26	56
60	43	82	48	11	21	64	16	27	62
17	84	87	8	11	47	76	49	67	18
86	30	52	47	9	75	39	54	77	53
69	68	58	24	30	17	12	28	66	27
38	65	81	71	14	50	42	56	84	87
3	32	2	52	33	17	48	70	26	66
4	10	38	41	11	2	74	60	33	30
2	58	77	43	52	27	37	15	14	73
4	16	15	22	56	29	10	49	67	60
50	33	76	5	84	21	64	88	8	67
59	58	17	42	30	41	67	46	49	25
35	10	72	78	13	61	41	50	28	23
32	87	25	21	79	30	9	23	60	3
8	13	18	37	45	68	23	55	33	4
5	26	70	89	50	11	81	67	13	30
12	9	73	54	49	47	13	46	42	2
30	43	71	52	17	85	5	50	42	22
70	17	80	76	60	39	38	18	16	23
68	52	51	44	90	16	84	42	86	9
82	68	71	37	7	57	85	65	38	54
54	59	32	15	78	80	53	39	4	64
29	84	36	54	85	76	15	59	80	49
55	60	47	49	73	85	68	84	76	26
20	58	51	10	61	75	60	49	79	14
14	75	35	31	57	74	76	44	41	38
84	57	72	69	18	23	78	56	47	66
37	70	20	23	31	51	11	2	34	26
61	10	57	25	63	17	40	77	56	65
13	90	67	87	16	26	18	24	57	15
11	30	9	60	27	4	71	50	18	19
35	45	56	83	39	23	6	31	12	25
87	5	15	64	19	58	66	2	90	9
40	8	62	76	12	23	61	34	38	48
39	3	44	77	64	34	57	68	67	35
63	50	68	66	81	44	12	90	79	40
87	65	69	20	10	21	31	41	52	57
86	68	16	19	59	33	73	41	5	77
40	45	37	55	80	1	75	6	5	53
89	22	34	69	59	70	11	55	37	54
69	37	2	6	48	70	44	25	3	43
15	26	65	60	4	86	5	42	24	35
31	30	71	66	25	13	11	43	74	23
74	7	40	6	88	21	14	20	72	42
76	79	16	29	18	24	23	45	49	87
36	89	1	20	34	72	65	31	51	54
45	76	13	7	56	70	74	80	50	24
60	22	19	53	62	71	45	67	6	8
87	90	7	34	41	57	1	26	22	71
7	69	28	59	90	44	12	22	52	8
39	24	75	47	58	8	3	77	14	52
53	85	37	8	32	26	12	4	19	81
6	88	45	77	42	34	30	52	43	20
35	82	79	72	66	31	57	13	55	77
41	22	66	35	74	37	45	54	90	86
20	82	31	30	88	9	53	34	22	6
45	57	31	72	83	88	23	41	62	53
50	22	19	76	28	13	84	58	35	23
6	77	80	75	13	15	23	79	38	33
73	21	55	34	66	88	16	43	71	79
25	23	8	88	22	67	89	18	69	45
8	60	86	89	87	30	88	13	69	5
17	18	62	78	44	86	35	34	45	79
4	14	53	81	64	52	44	37	25	84
41	65	11	13	26	77	62	25	34	52
67	86	68	1	4	65	50	66	26	87
29	45	59	2	37	53	66	68	41	38
68	80	33	4	55	38	71	5	87	46
79	61	33	17	83	54	41	65	5	67
36	34	18	30	13	73	84	88	20	71
20	81	50	61	14	42	65	9	32	40
86	66	78	89	39	49	85	7	25	88
69	43	85	81	22	48	74	28	38	79
32	85	62	76	46	14	10	24	33	50
25	64	75	16	76	29	63	84	42	68
26	46	72	84	74	4	24	69	77	38
5	85	53	34	59	89	66	19	40	51
70	18	1	90	3	57	60	24	39	2
27	54	7	50	83	30	42	52	60	47
67	78	8	87	81	30	77	80	86	1
23	61	6	29	34	72	19	79	83	86
72	61	16	51	60	37	70	55	69	14
53	47	39	84	73	18	12	44	65	5
67	60	30	49	14	74	63	70	42	35
11	18	82	73	3	6	16	62	20	50
9	12	87	85	50	53	32	59	78	76
72	52	29	80	22	30	65	51	38	77
70	35	22	8	56	85	27	38	4	63
50	32	78	34	81	24	33	28	63	5
2	85	22	24	14	36	37	23	74	29
70	39	87	67	53	52	6	75	63	41
81	30	23	50	66	41	9	1	79	29
6	62	55	41	30	81	44	14	19	24
75	17	1	89	62	56	68	52	48	7
15	70	48	1	67	19	45	37	33	55
75	70	50	28	54	19	17	20	22	74
12	40	38	51	1	47	84	14	85	26
84	35	10	64	87	86	67	11	82	40
79	12	74	52	23	47	80	27	8	55
45	66	19	55	11	42	72	12	27	14
23	84	72	60	17	8	28	21	80	50
70	43	90	32	59	82	80	14	34	28
88	55	40	32	67	59	21	42	27	84
59	56	68	80	55	79	83	49	66	29
20	75	34	39	84	73	8	57	40	10
86	79	84	25	33	53	66	80	26	41
14	12	69	45	74	48	27	89	34	71
50	15	83	58	10	62	76	72	22	66
5	75	9	19	53	11	18	63	61	74
6	89	31	7	27	2	38	26	64	67
71	45	73	82	72	21	11	88	3	69
38	75	28	22	80	21	64	86	15	33
64	20	11	21	24	30	36	15	89	16
74	83	2	62	89	67	1	70	5	21
84	75	67	30	60	8	39	50	63	69
76	86	50	58	39	84	71	81	25	87
84	77	54	50	71	41	14	44	40	23
81	45	19	13	8	79	64	71	85	75
85	34	23	6	30	51	72	64	77	70
30	9	83	77	20	22	35	47	73	1
12	48	70	52	4	7	23	64	88	26
30	45	63	8	64	12	52	57	42	20
33	12	60	9	14	82	36	3	90	13
2	80	11	76	35	30	47	72	88	37
49	4	58	13	51	11	12	39	27	25
5	12	6	39	26	37	28	74	8	43
70	60	23	38	73	13	34	35	43	22
85	53	62	55	60	13	38	71	23	40
31	85	53	84	60	80	67	69	59	63
3	9	59	72	10	87	44	57	81	32
2	53	84	24	59	36	38	87	5	57
70	4	5	85	32	60	17	10	74	41
22	78	8	73	54	42	74	23	9	80
18	70	22	85	20	23	61	73	83	66
8	15	73	33	58	78	21	51	43	85
18	64	11	1	21	62	35	29	72	65
78	47	89	88	16	36	27	26	45	55
50	55	33	83	37	65	35	74	66	28
19	77	75	67	60	86	57	41	72	38
65	14	16	6	27	1	25	79	81	45
66	82	31	41	2	57	34	65	17	79
13	20	17	64	15	47	7	60	81	83
34	51	83	60	10	35	31	13	45	64
2	66	11	52	37	20	18	10	17	22
86	52	64	84	77	21	70	41	89	49
20	35	30	45	21	67	77	54	74	50
27	69	54	50	19	44	41	15	25	59
44	85	58	65	43	17	24	48	20	59
9	38	53	85	72	48	50	63	80	6
32	69	43	24	70	10	31	23	58	49
51	10	70	57	1	31	41	46	72	44
55	61	64	29	53	70	26	4	78	35
48	89	66	67	43	22	78	90	88	80
81	45	27	54	24	40	59	82	70	43
48	57	35	20	59	67	56	30	51	6
66	1	55	58	4	19	62	17	60	90
81	75	4	20	71	29	54	56	16	77
80	44	39	57	5	88	15	68	8	73
65	69	66	50	89	15	4	10	46	42
30	66	57	55	42	14	48	61	23	8
25	63	47	49	75	38	18	74	71	62
24	14	13	31	82	62	9	79	54	86
78	83	55	19	48	81	10	38	80	12
22	48	55	81	74	44	73	53	15	12
26	65	64	42	75	44	29	24	54	6
78	87	41	20	75	32	24	7	42	33
19	68	39	62	26	20	22	48	75	1
47	24	36	52	82	3	69	73	17	27
20	75	65	46	41	70	51	88	17	3
28	52	40	48	36	4	21	87	54	11
49	83	29	55	58	72	25	76	77	90
23	42	4	67	26	47	59	57	78	5
7	34	78	69	67	39	13	84	79	60
18	22	28	55	33	34	8	13	14	51
38	16	80	76	8	6	26	86	20	43
76	67	55	45	38	4	60	9	21	24
57	72	4	67	42	75	62	23	34	36
52	67	24	64	69	30	11	47	33	14
22	6	72	5	90	78	11	38	21	25
66	56	50	3	28	47	17	15	79	83
76	65	4	78	48	24	77	39	67	29
85	13	27	5	87	42	81	6	47	52
53	23	69	80	45	82	50	32	88	81
36	67	64	74	8	21	28	4	75	81
18	27	90	57	77	25	89	24	85	44
13	26	18	20	57	64	46	62	79	85
89	31	50	22	45	11	77	15	79	71
21	19	14	6	82	23	52	11	68	38
46	80	72	21	67	61	47	89	58	31
73	15	81	57	51	61	46	71	41	8
81	75	45	25	65	48	13	82	15	44
82	79	3	41	66	1	68	21	50	16
59	74	10	80	2	35	71	33	54	28
79	23	20	26	60	73	78	66	15	48
89	88	45	9	33	5	23	73	36	4
57	86	10	66	47	4	56	17	72	70
64	32	39	83	78	10	6	73	87	60
42	4	59	45	87	31	68	24	26	3
18	7	24	 25	10	68	29	89	4	57
66	16	33	77	85	51	78	81	37	71
25	82	31	85	14	32	78	35	76	24
61	29	31	72	55	25	50	68	54	67
70	2	53	41	59	33	63	43	68	74
42	11	79	78	77	45	37	50	82	68
88	78	13	83	72	11	81	19	61	1
21	83	62	55	42	2	52	5	6	20
12	71	15	61	87	42	47	29	86	19
75	57	71	42	80	5	67	14	7	74
60	57	85	31	17	50	8	81	67	21
52	84	30	48	55	74	83	69	88	56
75	86	24	80	36	76	53	83	2	84
30	13	6	10	82	79	73	49	12	7
51	82	87	6	61	42	28	79	77	13
83	67	59	76	30	49	62	64	8	90
47	8	77	53	23	87	41	75	64	89
73	40	24	89	42	56	34	79	23	72
50	72	90	44	75	82	71	32	87	59
12	8	36	11	65	87	31	22	67	68
42	30	48	84	65	77	7	1	2	4
23	51	64	85	27	47	62	58	4	87
7	74	3	64	28	44	48	55	78	54
76	39	26	54	29	17	71	15	67	72
45	18	76	88	56	15	54	73	69	13
56	62	79	49	24	13	12	42	35	76
84	34	27	14	79	69	28	90	65	53
47	35	65	81	48	15	57	37	69	20
26	24	62	82	66	59	28	48	84	81
19	42	57	39	87	53	78	73	62	9
21	44	89	59	25	81	23	82	16	72
24	52	48	31	47	2	21	5	43	55
1	33	28	39	57	7	85	50	23	10
41	43	36	1	55	46	6	73	24	3
30	67	16	46	54	50	68	6	25	20
21	15	84	23	80	73	40	69	8	82
36	47	8	49	79	16	84	90	74	77
81	24	29	42	49	68	11	41	9	43
63	76	44	12	35	77	33	30	80	38
72	63	90	37	11	55	69	22	32	86
52	1	70	16	85	53	7	40	48	90
56	54	58	89	34	31	71	27	5	36
29	74	49	89	75	7	67	73	37	63
26	49	28	47	16	63	75	80	40	51
38	44	76	14	54	26	85	17	2	72
33	86	54	90	11	85	87	64	56	20
84	67	13	41	5	59	49	27	79	56
13	57	49	56	85	89	44	17	71	42
59	55	33	31	82	17	73	36	25	15
24	52	47	48	87	45	44	36	82	41
76	46	53	6	83	66	63	10	72	7
88	24	81	6	4	54	28	10	49	13
54	77	69	61	53	31	48	46	32	90
87	20	59	75	49	78	4	9	10	82
28	17	80	37	14	43	19	1	36	15
54	59	47	18	76	88	66	9	90	77
22	74	49	38	25	48	67	29	16	60
1	67	14	43	58	47	81	68	40	9
57	89	75	58	6	65	63	87	84	50
44	72	32	52	59	76	64	17	51	45
29	75	18	43	83	24	39	51	62	42
42	26	65	40	6	85	31	70	38	22
73	83	56	78	43	24	19	84	8	58
46	50	2	62	52	78	30	25	26	58
63	8	49	87	2	6	31	89	16	29
78	72	89	4	58	83	39	51	52	26
64	12	70	71	60	42	43	76	39	9
21	55	89	24	27	74	37	30	52	11
57	18	53	6	84	17	21	83	70	82
1	40	57	63	45	26	46	53	27	87
36	19	37	43	12	10	22	70	60	26
46	52	22	1	20	73	6	32	36	29
4	75	64	5	41	7	29	56	24	35
21	58	32	19	5	75	48	71	16	34
13	53	9	49	15	32	70	80	56	31
11	68	8	56	85	13	90	38	44	33
81	54	17	20	40	88	79	60	68	35
17	48	33	30	88	66	2	21	12	51
4	74	52	9	89	30	64	20	13	27
64	61	82	87	90	38	7	62	34	11
18	19	76	37	45	59	44	11	2	16
15	52	63	1	50	83	28	33	44	42
75	86	32	61	76	7	68	80	31	47
66	52	38	82	88	14	24	11	50	70
43	30	15	35	31	57	46	22	59	40
23	84	29	77	5	8	32	6	53	15
70	61	74	85	58	13	36	63	75	71
4	9	26	43	45	1	79	30	39	53
90	78	85	19	47	18	79	36	86	35
65	78	42	55	8	37	74	35	47	12
50	31	26	14	86	72	21	3	69	53
20	68	26	65	80	88	62	52	54	42
39	58	36	33	47	29	38	67	35	45
37	30	63	13	19	10	75	14	32	50
5	74	75	66	10	77	1	6	47	19
76	71	55	75	13	58	69	67	77	17
53	17	4	60	89	28	42	36	7	80
16	40	35	47	42	70	10	9	81	14
5	25	71	56	19	42	57	45	36	68
39	30	20	51	61	37	22	23	81	72
18	45	60	67	38	33	39	82	19	48
45	46	62	3	20	27	11	32	55	36
29	23	18	78	13	76	7	14	46	26
74	50	78	70	61	5	87	58	35	72
49	46	79	70	82	59	11	21	1	17
81	4	82	55	37	26	69	85	43	87
12	77	88	61	80	64	14	45	13	47
55	68	13	8	79	16	88	21	51	35
84	15	18	72	6	27	19	48	74	55
49	85	14	33	48	8	31	5	46	58
50	89	54	19	51	1	17	4	45	26
41	1	33	16	75	71	56	85	79	43
54	61	4	7	38	59	32	8	17	13
75	14	60	29	51	12	87	8	66	26
77	37	49	73	57	65	47	68	44	88
77	51	80	81	8	89	44	37	72	47
7	18	10	66	60	31	83	67	61	33
72	81	38	44	46	5	21	17	78	20
27	37	63	76	32	72	15	2	18	74
3	34	7	32	9	82	26	33	83	16
28	32	23	64	72	54	65	83	78	25
14	13	34	16	26	72	31	82	39	19
74	89	10	13	31	83	17	9	70	84
11	19	13	83	58	67	72	3	5	59
49	66	45	55	60	44	24	82	28	4
20	5	11	68	33	84	59	52	85	15
46	35	72	64	56	11	21	57	48	34
33	81	65	89	64	50	11	1	60	40
49	76	59	17	87	46	13	81	50	30
36	64	48	63	25	38	43	23	7	19
18	4	81	77	13	61	85	88	30	90
43	30	69	10	2	19	51	12	46	38
30	50	67	42	26	44	36	11	31	10
65	4	7	38	55	16	58	1	72	19
39	87	83	41	2	5	9	33	73	60
5	25	87	51	18	24	15	84	49	42
60	7	2	49	38	11	12	45	21	4
48	12	68	41	17	25	80	67	83	57
73	26	62	55	23	6	69	32	40	35
68	62	63	87	18	57	16	27	26	79
61	90	48	64	83	44	72	13	10	51
56	86	41	8	30	44	81	32	89	47
44	88	40	60	50	59	77	42	36	14
54	37	70	45	24	63	1	72	9	2
75	44	45	7	78	27	46	18	4	51
8	28	9	20	64	7	58	71	22	63
57	41	38	47	69	53	3	59	61	54
38	60	85	69	81	43	14	11	58	65
86	43	61	60	51	10	80	20	36	56
44	87	55	65	72	1	61	73	32	77
24	15	87	16	35	20	75	11	51	28
41	82	33	75	21	64	29	79	2	46
10	89	49	37	26	88	67	77	21	46
84	81	31	61	59	9	88	70	86	79
44	42	63	17	38	75	4	73	14	76
7	80	55	51	81	82	72	49	40	58
84	76	62	90	74	12	29	35	14	71
81	51	10	84	48	29	22	3	49	15
68	49	75	73	11	87	67	27	55	83
2	40	17	72	68	35	83	43	1	66
74	60	15	80	16	56	65	14	87	81
66	12	58	77	24	4	84	51	41	16
55	72	75	25	61	67	22	5	57	8
38	66	15	2	76	56	55	10	19	84
21	31	67	88	35	75	77	22	10	18
15	58	31	89	33	37	79	41	64	16
31	86	87	45	34	89	23	82	63	28
46	55	2	7	76	26	74	78	8	47
82	42	7	1	47	37	22	58	67	62
45	4	3	55	46	51	8	34	48	73
88	16	73	53	6	50	51	60	47	21
24	65	66	46	54	68	37	70	45	71
43	63	37	19	55	11	47	88	7	90
40	78	83	11	81	12	2	80	30	60
30	79	60	12	33	56	35	89	7	54
87	51	2	44	71	61	38	25	55	47
85	1	5	66	68	72	65	34	57	33
49	86	9	53	27	13	69	58	11	84
17	3	34	4	58	55	12	79	42	67
80	33	25	17	1	13	60	46	41	48
24	7	66	42	87	62	8	51	10	33
70	7	87	19	35	33	30	76	77	34
75	85	8	42	25	60	34	12	24	80
49	44	80	22	85	20	41	6	76	71
27	45	1	31	21	3	59	55	49	46
71	49	63	19	39	77	88	26	64	80
36	34	53	65	39	84	8	44	42	6
40	88	14	82	41	62	55	66	61	64
60	27	49	89	30	18	70	63	67	46
85	56	86	70	12	8	73	59	26	11
14	65	19	51	47	66	59	8	87	58
44	61	89	45	54	46	58	57	38	88
67	14	32	72	39	13	11	63	38	73
39	15	38	26	21	81	24	49	62	34
39	50	29	48	64	53	2	85	66	21
63	20	12	8	35	36	40	10	60	62
15	60	53	64	80	39	79	2	1	84
62	24	30	6	34	13	80	72	63	51
57	79	35	30	5	26	87	73	44	16
26	66	52	34	33	70	35	48	68	79
67	1	23	21	58	31	24	47	19	85
14	44	6	71	7	36	64	55	70	29
19	7	35	27	57	24	56	10	73	1
20	70	86	89	63	39	41	53	83	76
61	89	62	63	4	87	10	16	83	55
68	45	12	25	87	80	15	5	1	7
17	4	35	60	34	46	82	15	49	38
39	5	70	29	63	7	33	32	44	68
10	63	62	56	1	79	52	43	76	57
69	55	82	41	56	17	65	58	26	35
37	29	59	2	47	88	8	72	4	70
82	42	39	45	28	8	13	55	70	64
43	89	15	57	44	50	52	66	3	38
17	66	8	58	50	76	23	43	70	61
25	62	56	60	28	80	86	59	75	7
90	19	39	86	20	37	32	84	57	38
18	46	9	50	62	35	42	60	77	73
18	84	33	75	89	45	3	55	44	90
57	43	24	34	87	53	77	35	3	28
26	60	46	61	79	19	8	84	1	54
88	17	69	81	84	67	34	73	71	9
40	3	54	76	12	8	88	39	51	14
58	72	17	36	16	82	64	56	10	8
29	33	21	24	10	39	61	9	76	32
52	28	54	7	63	72	39	2	64	76
34	90	48	14	30	23	38	57	73	12
2	70	52	65	43	64	28	24	12	80
27	48	87	29	24	67	40	47	64	77
50	46	77	82	89	13	81	87	70	52
36	57	60	23	2	59	83	77	58	52
2	36	64	49	61	45	19	7	18	80
71	46	43	78	34	15	32	21	22	1
47	62	14	84	87	35	38	28	12	72
22	35	69	49	55	3	83	47	17	70
11	25	10	15	64	76	19	65	89	38
60	70	85	84	15	3	59	48	57	24
53	48	19	82	75	63	40	89	52	41
6	14	87	12	61	46	1	70	10	21
48	43	3	25	83	71	9	17	13	65
9	76	15	14	90	52	2	19	74	83
57	51	6	60	61	35	8	62	48	76
77	16	58	28	25	43	26	61	34	79
67	79	16	5	46	51	34	74	25	13
28	68	79	41	22	83	29	54	44	42
77	64	3	45	55	5	15	17	67	30
43	71	65	10	73	27	24	86	39	59
4	7	34	40	66	78	88	23	28	62
52	41	13	5	12	64	48	24	84	56
15	74	34	14	67	79	28	61	32	54
61	74	60	53	22	18	20	16	46	78
34	18	82	58	17	16	71	59	87	72
19	81	15	51	29	17	48	13	8	20
76	48	4	69	46	29	59	45	52	7
81	35	26	46	7	39	21	51	43	38
2	15	54	88	29	51	14	62	73	60
63	82	40	21	80	24	60	83	44	22
17	59	35	29	46	62	30	25	73	80
29	75	84	13	60	10	14	9	8	57
83	60	10	42	45	39	35	22	51	74
25	17	90	19	83	87	68	59	76	26
31	28	21	23	72	60	12	80	47	67
81	63	34	9	33	52	44	65	6	54
60	28	23	76	8	42	36	70	74	84
53	34	79	6	74	42	28	8	45	40
64	55	63	81	59	42	15	82	39	69
50	29	69	62	74	56	34	66	78	39
78	12	25	64	67	53	62	4	37	56
62	50	10	84	31	45	4	17	14	30
86	81	68	49	13	79	24	83	38	74
87	20	48	19	80	47	78	17	41	25
8	70	32	53	28	44	52	17	15	46
54	70	62	40	10	56	47	60	30	44
23	15	24	75	80	77	35	6	34	64
4	28	86	38	52	8	51	14	73	78
62	42	3	74	6	85	24	7	49	84
71	85	51	22	27	25	72	53	82	1
78	41	59	36	61	40	44	48	55	17
33	58	49	48	15	59	51	1	9	7
26	43	4	68	1	83	56	7	29	34
51	64	83	12	17	34	60	6	50	56
4	21	54	1	85	53	33	71	34	17
60	74	67	75	4	15	90	30	81	17
83	58	47	2	62	27	20	57	25	54
16	44	62	58	64	54	19	39	88	34
80	7	3	58	77	65	15	1	12	79
28	66	82	88	16	64	15	48	43	69
65	58	4	76	69	16	37	56	40	14
74	42	2	3	55	16	54	25	86	34
22	17	42	44	12	8	36	28	88	23
78	9	17	52	7	22	74	65	35	18
88	1	19	81	28	73	14	56	76	61
24	48	53	1	68	28	77	38	81	13
16	9	30	35	66	22	13	55	79	12
23	15	66	68	56	84	13	21	16	79
10	62	51	63	56	37	23	5	64	53
39	80	53	65	22	7	23	16	69	79
86	3	71	73	11	17	57	15	4	53
37	15	39	80	22	35	43	41	66	7
89	18	54	86	28	12	31	16	56	7
86	75	20	41	70	29	44	89	65	9
47	76	62	4	48	56	30	69	41	18
32	38	60	80	68	25	20	77	5	39
85	74	87	24	52	57	32	78	12	51
19	46	63	27	4	39	85	37	88	38
79	54	18	14	22	83	28	29	87	38
35	81	69	6	40	39	57	14	84	88
51	84	39	44	76	89	29	78	46	80
12	29	52	6	67	62	35	82	83	55
18	9	64	56	10	43	83	46	16	17
65	45	20	86	25	27	19	29	1	68
10	76	6	34	40	64	81	47	56	24
41	20	51	80	28	47	82	33	50	4
19	71	17	44	57	70	3	72	11	61
80	33	62	35	67	36	45	39	85	87
35	18	54	82	43	83	64	85	4	1
87	62	31	85	88	14	34	77	37	33
89	56	54	78	87	58	88	16	67	76
38	9	43	57	12	45	71	59	52	22
18	8	74	55	62	64	40	80	19	12
67	90	87	48	85	44	79	51	82	17
37	70	38	21	62	22	75	11	83	9
3	4	14	12	64	17	47	80	72	48
6	72	84	25	22	81	19	11	17	8
1	67	19	70	43	14	73	6	63	56
55	68	72	65	16	89	32	66	19	15
69	42	52	43	72	54	4	80	90	35
59	84	69	6	32	41	67	21	10	86
77	39	27	49	44	25	17	26	58	72
35	1	7	81	85	2	42	55	58	17
66	46	6	89	23	50	85	75	58	43
34	36	11	24	76	4	14	71	28	41
68	71	82	30	34	81	44	69	1	37
66	22	7	54	44	70	14	41	87	89
30	64	13	62	78	51	20	34	89	81
85	80	7	22	11	1	33	36	31	52
20	39	49	41	54	6	3	9	42	77
77	43	88	18	52	66	30	27	84	44
34	49	8	77	69	39	9	70	62	44
58	27	90	6	44	25	26	47	77	51
72	81	43	61	38	2	17	74	24	84
87	54	43	90	51	69	18	72	53	60
16	34	44	37	23	5	4	73	77	18
7	72	49	2	39	83	43	22	66	34
76	55	24	28	69	48	61	37	54	50
42	60	17	69	15	19	68	84	71	39
4	48	86	37	40	77	72	81	6	17
22	21	74	31	66	54	25	71	69	19
1	89	23	65	69	29	17	22	16	70
68	72	62	19	60	85	46	25	12	31
86	44	26	71	45	29	16	66	52	81
80	15	1	20	46	73	39	12	37	89
65	4	75	88	59	9	11	2	51	64
3	66	23	61	21	35	2	31	63	59
19	26	25	57	45	55	75	37	72	83
80	40	67	84	36	6	71	83	89	85
20	11	17	61	44	5	13	78	19	25
66	85	43	45	80	2	13	38	59	6
84	21	40	18	81	64	90	56	66	23
67	53	42	43	64	48	15	86	7	72
49	53	65	82	27	22	74	41	54	2
30	20	69	80	27	7	3	73	17	43
37	30	46	80	82	61	16	70	12	6
52	3	37	54	36	51	71	7	75	77
53	16	54	62	43	73	22	37	42	17
67	90	84	47	5	41	73	61	65	45
83	79	50	47	67	39	86	36	66	87
15	19	44	38	24	61	57	62	34	32
36	85	20	65	42	9	46	76	19	28
2	43	38	66	14	21	27	68	45	79
3	24	65	9	13	56	61	33	50	57
62	41	25	12	29	19	17	46	42	72
80	15	87	23	67	71	70	41	45	1
75	57	79	33	9	13	30	71	8	64
31	63	53	86	85	42	35	26	39	27
32	65	16	29	89	3	46	78	75	57
55	12	41	10	71	13	54	45	24	69
5	23	22	26	24	83	42	33	32	52
26	40	50	86	54	70	52	9	81	51
61	26	38	18	62	34	10	59	46	35
16	44	34	17	58	32	46	19	60	63
75	20	61	1	9	68	80	27	43	45
42	49	78	51	40	6	27	30	88	23
47	86	13	2	77	31	53	73	88	56
14	1	33	71	54	88	24	10	39	61
4	63	41	2	68	53	43	39	90	38
79	44	18	78	14	1	46	28	51	13
52	17	6	81	59	64	19	63	24	28
81	50	61	72	60	55	23	83	69	49
68	27	81	51	14	26	57	45	73	17
61	79	23	84	59	7	24	54	38	20
18	17	43	85	26	51	40	33	71	62
85	77	67	22	31	18	64	7	39	70
53	34	2	65	42	55	5	80	1	48
73	17	33	28	40	25	56	5	45	48
88	71	21	87	79	17	51	76	37	36
23	55	31	59	47	67	4	26	65	83
34	58	5	53	26	2	56	27	71	55
79	39	61	77	32	81	6	65	55	87
7	75	55	54	82	4	5	69	66	45
79	65	22	81	72	27	70	69	9	1
13	21	49	40	41	67	26	10	79	77
55	80	75	52	21	79	18	71	20	27
78	11	46	60	8	42	49	9	18	25
36	71	59	50	16	49	89	84	9	78
10	22	7	5	84	68	54	65	46	78
90	31	1	54	35	83	24	76	48	15
22	17	78	65	2	42	73	60	21	9
32	64	79	83	24	58	88	85	75	55
18	67	32	69	26	35	90	71	4	8
30	74	45	62	50	35	83	4	28	73
44	88	26	51	48	50	2	10	33	58
36	78	9	74	63	12	85	33	40	80
40	3	8	34	22	48	33	64	29	89
76	43	78	55	42	52	31	54	41	45
25	82	71	57	63	46	15	69	56	26
55	60	78	31	64	45	43	71	86	34
60	24	17	12	30	29	78	75	88	1
44	20	42	19	47	70	55	72	59	84
30	39	70	6	29	69	52	5	48	64
11	5	87	74	23	68	64	20	48	60
37	6	54	12	11	52	38	18	86	76
79	81	63	16	17	70	23	6	69	18
66	50	47	24	12	73	37	34	70	85
50	57	42	5	78	53	23	36	45	88
1	51	17	89	41	79	74	58	90	24
3	41	34	62	64	73	61	69	82	50
70	78	58	35	73	59	29	86	64	77
71	88	63	10	33	15	7	68	3	79
56	26	77	38	14	19	48	36	5	22
19	77	42	37	74	67	47	61	23	48
41	48	11	29	6	30	62	63	39	27
29	14	53	61	85	46	38	80	86	71
40	87	49	15	42	50	47	53	46	65
44	78	11	21	80	69	87	61	73	37
73	52	63	49	31	70	6	67	86	85
90	39	33	84	72	31	63	24	68	67
36	71	65	67	16	57	76	83	85	44
89	33	86	46	34	36	53	7	61	73
10	1	73	31	7	88	90	83	25	81
43	86	57	35	83	84	21	68	18	87
43	66	18	22	59	67	75	61	77	86
13	30	48	24	29	73	1	60	47	49
50	9	24	48	81	3	46	62	34	68
39	86	3	5	53	79	21	19	60	27
27	25	11	72	90	58	18	6	84	85
30	13	70	1	22	81	3	65	29	80
38	1	88	71	84	22	12	40	90	50
76	20	57	71	44	55	66	2	41	54
29	14	31	24	17	70	37	67	86	80
51	77	46	87	47	44	50	5	78	45
20	47	23	66	71	79	74	1	69	44
84	23	17	65	71	73	2	49	81	88
22	72	61	1	34	43	49	29	35	60
9	39	87	28	59	50	90	65	36	62
35	56	42	40	82	62	6	3	68	28
83	57	11	44	23	55	68	78	86	82
56	50	57	48	79	52	3	16	60	29
52	10	82	24	4	74	3	5	64	68
32	73	7	33	26	60	70	22	19	85
14	3	34	81	8	66	70	45	64	79
74	71	66	45	4	37	36	73	72	65
9	81	8	60	64	48	88	49	90	79
24	74	61	10	50	29	57	44	20	58
38	54	55	7	15	25	80	56	81	78
36	78	69	89	25	23	15	30	52	74
3	73	76	40	84	1	78	53	59	32
11	46	36	83	52	49	81	34	67	72
13	29	81	44	8	55	25	35	2	22
58	26	12	61	41	83	56	19	43	45
29	59	89	71	41	81	9	67	53	19
26	5	84	25	36	1	32	6	40	70
42	47	39	45	41	17	36	68	28	78
10	60	87	73	71	14	19	68	49	44
88	17	55	68	50	48	74	53	47	37
83	87	63	45	29	84	34	74	28	39
88	27	44	53	23	68	78	70	59	80
68	87	64	35	6	80	26	53	66	76
73	30	1	56	50	33	74	64	81	5
9	41	10	90	52	81	53	87	63	65
53	30	88	12	41	37	11	77	38	83
50	9	44	31	58	24	36	77	54	38
5	37	90	48	87	55	24	86	51	70
31	74	9	77	85	75	54	6	70	78
19	72	76	55	58	24	71	8	1	89
17	27	22	1	50	40	47	14	78	43
44	68	24	36	87	48	49	28	35	53
10	37	1	89	79	14	27	41	90	13
13	26	27	79	51	81	69	61	73	62
24	79	89	47	86	80	27	48	33	36
86	60	26	4	38	54	64	43	65	75
23	66	79	5	7	24	82	54	36	74
32	72	89	52	17	57	77	71	19	64
10	79	54	11	6	42	48	82	89	71
31	87	80	10	16	44	89	67	42	68
4	82	73	32	89	31	18	43	65	54
69	9	40	22	85	33	53	42	1	57
45	74	89	76	17	11	1	82	65	40
29	71	5	36	57	31	53	12	90	55
23	35	33	13	36	56	46	44	68	17
33	88	57	76	45	64	79	24	26	71
12	32	31	66	90	44	63	71	50	73
41	70	86	81	18	44	61	68	34	87
72	47	35	55	31	48	46	30	43	69
66	74	83	23	44	51	47	31	80	73
38	28	57	50	11	29	41	52	90	46
60	89	12	81	41	51	64	79	54	50
55	77	76	44	65	74	34	90	9	1
22	84	2	33	56	39	81	34	72	61
82	72	64	14	57	77	38	78	22	65
31	43	16	3	79	17	57	54	86	72
48	55	41	69	32	25	77	39	3	81
85	30	4	17	87	3	64	81	32	27
8	44	75	40	21	3	37	17	85	73
70	51	52	5	88	40	60	85	8	67
76	39	1	83	29	8	54	68	18	24
68	45	43	40	15	14	3	82	44	83