41	89	80	62	45	1	1	1	1	1
79	88	25	26	47	1	1	1	1	1
19	86	62	46	48	1	1	1	1	1
23	20	90	4	63	1	1	1	1	1
71	82	12	53	86	1	1	1	1	1
28	84	50	48	52	1	1	1	1	1
31	37	78	24	7	1	1	1	1	1
37	71	90	13	18	1	1	1	1	1
80	40	76	66	8	1	1	1	1	1
43	90	51	61	8	1	1	1	1	1
46	53	90	12	19	1	1	1	1	1
2	44	34	9	41	1	1	1	1	1
36	58	5	30	10	1	1	1	1	1
89	18	66	44	46	1	1	1	1	1
41	48	45	70	31	1	1	1	1	1
9	55	43	80	33	1	1	1	1	1
62	28	10	52	85	1	1	1	1	1
88	84	28	89	2	1	1	1	1	1
42	26	76	61	39	1	1	1	1	1
77	41	32	79	8	1	1	1	1	1
42	70	71	9	74	1	1	1	1	1
34	39	48	22	69	1	1	1	1	1
75	52	27	1	12	1	1	1	1	1
36	51	46	23	38	1	1	1	1	1
70	45	48	46	63	1	1	1	1	1
27	12	29	42	17	1	1	1	1	1
38	50	64	59	35	1	1	1	1	1
44	72	76	26	2	1	1	1	1	1
39	3	5	43	4	1	1	1	1	1
22	62	72	87	7	1	1	1	1	1
71	5	11	62	53	1	1	1	1	1
27	64	3	62	50	1	1	1	1	1
37	71	28	73	24	1	1	1	1	1
51	47	79	1	62	1	1	1	1	1
28	24	27	22	44	1	1	1	1	1
6	2	62	33	1	1	1	1	1	1
77	17	55	38	85	1	1	1	1	1
54	48	2	35	18	1	1	1	1	1
89	23	1	20	3	1	1	1	1	1
63	51	11	18	54	1	1	1	1	1
15	78	87	10	69	1	1	1	1	1
30	48	33	10	19	1	1	1	1	1
43	56	35	46	48	1	1	1	1	1
59	61	52	12	27	1	1	1	1	1
36	56	15	54	43	1	1	1	1	1
49	90	6	53	80	1	1	1	1	1
82	30	65	90	56	1	1	1	1	1
73	75	53	43	41	1	1	1	1	1
16	87	85	75	53	1	1	1	1	1
29	13	36	21	55	1	1	1	1	1
12	35	40	86	77	1	1	1	1	1
67	66	52	71	12	1	1	1	1	1
20	18	85	60	12	1	1	1	1	1
89	54	37	68	22	1	1	1	1	1
23	47	50	60	20	1	1	1	1	1
22	61	34	81	74	1	1	1	1	1
26	30	76	6	56	1	1	1	1	1
70	34	69	23	32	1	1	1	1	1
57	18	24	62	16	1	1	1	1	1
69	88	86	5	34	1	1	1	1	1
43	24	6	47	15	1	1	1	1	1
48	13	17	19	65	1	1	1	1	1
16	51	2	4	74	1	1	1	1	1
14	40	2	3	10	1	1	1	1	1
67	30	12	43	44	1	1	1	1	1
43	75	58	46	82	1	1	1	1	1
65	8	56	39	90	1	1	1	1	1
78	80	46	9	41	1	1	1	1	1
48	15	1	16	44	1	1	1	1	1
64	70	83	56	75	1	1	1	1	1
71	44	45	25	57	1	1	1	1	1
61	28	54	21	12	1	1	1	1	1
29	87	85	65	64	1	1	1	1	1
87	59	83	30	38	1	1	1	1	1
71	1	73	4	68	1	1	1	1	1
44	54	28	50	2	1	1	1	1	1
74	45	43	61	22	1	1	1	1	1
82	90	32	27	60	1	1	1	1	1
73	56	25	1	75	1	1	1	1	1
26	87	55	47	16	1	1	1	1	1
50	28	61	40	62	1	1	1	1	1
63	29	28	38	83	1	1	1	1	1
62	34	30	46	27	1	1	1	1	1
11	88	21	46	73	1	1	1	1	1
32	15	71	86	13	1	1	1	1	1
11	59	69	90	31	1	1	1	1	1
74	90	83	68	53	1	1	1	1	1
7	76	31	34	3	1	1	1	1	1
43	85	31	36	69	1	1	1	1	1
77	38	23	32	35	1	1	1	1	1
39	42	20	88	12	1	1	1	1	1
83	25	34	85	27	1	1	1	1	1
40	74	67	41	66	1	1	1	1	1
72	68	36	53	71	1	1	1	1	1
76	36	5	79	60	1	1	1	1	1
65	82	79	81	33	1	1	1	1	1
14	47	2	22	74	1	1	1	1	1
17	86	88	24	43	1	1	1	1	1
44	88	79	20	89	1	1	1	1	1
85	14	28	62	69	1	1	1	1	1
5	40	55	74	27	1	1	1	1	1
44	51	28	21	12	1	1	1	1	1
9	45	55	49	74	1	1	1	1	1
64	49	14	25	24	1	1	1	1	1
13	87	45	53	79	1	1	1	1	1
22	71	65	42	34	1	1	1	1	1
89	61	53	51	86	1	1	1	1	1
56	11	73	25	50	1	1	1	1	1
63	34	66	78	64	1	1	1	1	1
82	35	12	16	40	1	1	1	1	1
26	82	63	90	53	1	1	1	1	1
39	58	7	34	82	1	1	1	1	1
4	20	89	24	84	1	1	1	1	1
76	18	23	44	41	1	1	1	1	1
63	20	21	89	11	1	1	1	1	1
26	83	10	90	49	1	1	1	1	1
45	72	75	14	38	1	1	1	1	1
52	17	83	84	77	1	1	1	1	1
80	47	22	69	82	1	1	1	1	1
41	16	86	21	82	1	1	1	1	1
58	54	25	80	35	1	1	1	1	1
5	6	11	7	4	1	1	1	1	1
6	54	18	31	69	1	1	1	1	1
33	59	47	85	53	1	1	1	1	1
57	13	80	83	30	1	1	1	1	1
32	3	69	48	54	1	1	1	1	1
77	53	32	13	80	1	1	1	1	1
8	29	39	15	28	1	1	1	1	1
81	28	62	87	78	1	1	1	1	1
66	3	83	75	71	1	1	1	1	1
82	84	8	9	28	1	1	1	1	1
84	87	77	44	53	1	1	1	1	1
9	83	23	38	78	1	1	1	1	1
36	23	66	14	19	1	1	1	1	1
8	3	27	12	9	1	1	1	1	1
44	71	39	26	79	1	1	1	1	1
60	37	48	66	44	1	1	1	1	1
44	56	43	75	17	1	1	1	1	1
74	42	19	81	60	1	1	1	1	1
43	62	56	54	5	1	1	1	1	1
47	67	33	36	17	1	1	1	1	1
3	13	11	52	70	1	1	1	1	1
18	65	30	79	45	1	1	1	1	1
16	33	67	49	19	1	1	1	1	1
23	1	30	24	56	1	1	1	1	1
41	20	73	27	10	1	1	1	1	1
49	71	8	67	26	1	1	1	1	1
9	51	71	22	59	1	1	1	1	1
57	21	48	41	36	1	1	1	1	1
4	38	72	84	55	1	1	1	1	1
58	76	19	52	27	1	1	1	1	1
19	6	52	26	20	1	1	1	1	1
66	82	61	85	4	1	1	1	1	1
26	23	21	29	33	1	1	1	1	1
43	51	54	89	84	1	1	1	1	1
5	2	8	32	72	1	1	1	1	1
77	11	40	64	58	1	1	1	1	1
80	68	14	19	89	1	1	1	1	1
15	46	13	55	22	1	1	1	1	1
74	35	59	52	63	1	1	1	1	1
18	39	11	30	90	1	1	1	1	1
32	45	66	20	19	1	1	1	1	1
72	73	8	21	48	1	1	1	1	1
72	54	59	79	17	1	1	1	1	1
53	75	56	51	12	1	1	1	1	1
33	85	68	56	4	1	1	1	1	1
1	30	28	26	64	1	1	1	1	1
85	54	51	35	39	1	1	1	1	1
39	46	51	61	8	1	1	1	1	1
15	77	21	82	63	1	1	1	1	1
21	84	85	20	24	1	1	1	1	1
73	52	54	30	70	1	1	1	1	1
10	78	81	71	14	1	1	1	1	1
67	11	90	59	51	1	1	1	1	1
63	17	12	87	86	1	1	1	1	1
28	86	89	36	20	1	1	1	1	1
89	61	78	21	80	1	1	1	1	1
6	24	67	86	31	1	1	1	1	1
57	28	26	22	82	1	1	1	1	1
45	55	43	19	53	1	1	1	1	1
57	32	67	90	2	1	1	1	1	1
5	82	74	66	88	1	1	1	1	1
61	11	77	23	76	1	1	1	1	1
30	44	77	4	24	1	1	1	1	1
13	44	33	51	62	1	1	1	1	1
31	8	90	48	29	1	1	1	1	1
72	39	18	62	87	1	1	1	1	1
74	65	72	7	42	1	1	1	1	1
51	70	85	56	46	1	1	1	1	1
85	37	8	84	77	1	1	1	1	1
61	29	25	21	62	1	1	1	1	1
73	40	30	82	36	1	1	1	1	1
85	67	89	83	76	1	1	1	1	1
61	9	28	54	52	1	1	1	1	1
3	62	24	69	64	1	1	1	1	1
86	50	88	32	54	1	1	1	1	1
78	7	83	64	41	1	1	1	1	1
11	88	24	82	22	1	1	1	1	1
69	77	3	20	49	1	1	1	1	1
89	79	80	39	22	1	1	1	1	1
72	44	14	51	22	1	1	1	1	1
25	34	81	58	17	1	1	1	1	1
9	84	53	60	1	1	1	1	1	1
82	88	12	37	53	1	1	1	1	1
70	64	60	9	69	1	1	1	1	1
85	29	17	82	87	1	1	1	1	1
36	20	48	39	31	1	1	1	1	1
65	1	72	81	2	1	1	1	1	1
72	45	57	69	87	1	1	1	1	1
76	33	31	80	19	1	1	1	1	1
34	86	42	62	3	1	1	1	1	1
68	44	29	16	74	1	1	1	1	1
46	85	38	90	88	1	1	1	1	1
2	71	30	77	29	1	1	1	1	1
36	69	71	65	80	1	1	1	1	1
48	10	58	18	26	1	1	1	1	1
5	26	40	29	13	1	1	1	1	1
18	54	89	39	66	1	1	1	1	1
89	87	17	46	45	1	1	1	1	1
30	13	76	90	78	1	1	1	1	1
4	48	38	26	18	1	1	1	1	1
22	43	34	32	6	1	1	1	1	1
31	30	12	18	66	1	1	1	1	1
64	28	30	71	4	1	1	1	1	1
50	73	59	76	13	1	1	1	1	1
15	71	21	80	59	1	1	1	1	1
30	61	34	19	75	1	1	1	1	1
51	21	30	2	87	1	1	1	1	1
79	56	32	16	28	1	1	1	1	1
31	67	88	71	40	1	1	1	1	1
51	33	73	42	90	1	1	1	1	1
60	14	19	38	79	1	1	1	1	1
58	2	60	42	90	1	1	1	1	1
25	69	82	39	37	1	1	1	1	1
50	38	7	46	4	1	1	1	1	1
17	11	44	45	52	1	1	1	1	1
81	85	36	41	90	1	1	1	1	1
71	86	9	64	14	1	1	1	1	1
25	45	40	28	37	1	1	1	1	1
17	21	11	20	13	1	1	1	1	1
32	37	11	10	65	1	1	1	1	1
82	61	58	62	20	1	1	1	1	1
37	80	57	83	87	1	1	1	1	1
46	8	25	20	31	1	1	1	1	1
24	64	35	1	59	1	1	1	1	1
21	52	18	87	58	1	1	1	1	1
7	81	84	80	54	1	1	1	1	1
42	58	40	7	23	1	1	1	1	1
75	42	80	65	43	1	1	1	1	1
19	51	53	2	27	1	1	1	1	1
83	18	5	60	56	1	1	1	1	1
61	78	35	55	33	1	1	1	1	1
12	35	87	48	50	1	1	1	1	1
45	61	13	87	16	1	1	1	1	1
74	13	33	1	18	1	1	1	1	1
75	27	19	52	6	1	1	1	1	1
21	87	25	74	2	1	1	1	1	1
55	2	52	19	77	1	1	1	1	1
73	80	85	86	64	1	1	1	1	1
39	21	89	72	77	1	1	1	1	1
19	44	5	31	15	1	1	1	1	1
20	12	53	61	63	1	1	1	1	1
60	84	57	12	54	1	1	1	1	1
26	10	52	69	78	1	1	1	1	1
72	28	75	66	22	1	1	1	1	1
89	12	14	46	55	1	1	1	1	1
90	13	14	84	71	1	1	1	1	1
53	57	81	62	56	1	1	1	1	1
61	31	1	27	23	1	1	1	1	1
89	68	20	84	76	1	1	1	1	1
71	61	26	21	1	1	1	1	1	1
73	14	47	5	50	1	1	1	1	1
26	14	32	63	1	1	1	1	1	1
54	80	57	73	17	1	1	1	1	1
80	64	32	13	22	1	1	1	1	1
72	75	70	10	53	1	1	1	1	1
86	23	28	6	14	1	1	1	1	1
5	26	28	38	20	1	1	1	1	1
60	61	76	16	6	1	1	1	1	1
34	79	53	75	31	1	1	1	1	1
69	74	51	38	71	1	1	1	1	1
27	36	61	67	69	1	1	1	1	1
18	58	78	70	66	1	1	1	1	1
33	66	77	35	37	1	1	1	1	1
80	40	51	16	70	1	1	1	1	1
83	67	25	21	33	1	1	1	1	1
19	46	20	51	80	1	1	1	1	1
32	25	70	87	64	1	1	1	1	1
29	65	45	66	70	1	1	1	1	1
80	85	87	72	34	1	1	1	1	1
43	1	86	7	71	1	1	1	1	1
11	75	8	17	13	1	1	1	1	1
46	70	77	87	66	1	1	1	1	1
77	9	32	1	30	1	1	1	1	1
16	77	88	32	47	1	1	1	1	1
15	83	17	35	43	1	1	1	1	1
38	69	65	60	52	1	1	1	1	1
4	74	18	55	76	1	1	1	1	1
37	16	24	48	52	1	1	1	1	1
38	1	50	36	11	1	1	1	1	1
82	22	34	27	24	1	1	1	1	1
75	29	73	63	23	1	1	1	1	1
79	65	53	89	82	1	1	1	1	1
86	67	41	33	38	1	1	1	1	1
33	37	7	39	1	1	1	1	1	1
35	50	48	79	13	1	1	1	1	1
89	81	31	75	42	1	1	1	1	1
68	89	42	16	81	1	1	1	1	1
35	55	29	12	70	1	1	1	1	1
82	88	13	37	51	1	1	1	1	1
33	80	72	53	48	1	1	1	1	1
69	81	80	28	18	1	1	1	1	1
78	9	3	85	75	1	1	1	1	1
81	7	89	15	59	1	1	1	1	1
65	19	48	49	58	1	1	1	1	1
23	20	57	88	70	1	1	1	1	1
36	60	70	27	23	1	1	1	1	1
81	80	30	47	84	1	1	1	1	1
14	88	38	89	41	1	1	1	1	1
40	12	33	55	69	1	1	1	1	1
41	36	37	85	2	1	1	1	1	1
64	16	70	54	1	1	1	1	1	1
8	57	38	79	13	1	1	1	1	1
32	41	6	68	70	1	1	1	1	1
30	59	52	75	51	1	1	1	1	1
18	56	86	78	27	1	1	1	1	1
59	16	72	51	36	1	1	1	1	1
25	8	19	53	73	1	1	1	1	1
35	2	27	51	82	1	1	1	1	1
70	72	60	8	15	1	1	1	1	1
61	26	86	74	45	1	1	1	1	1
24	79	5	21	56	1	1	1	1	1
33	74	78	11	90	1	1	1	1	1
27	72	85	25	77	1	1	1	1	1
15	77	12	87	62	1	1	1	1	1
38	57	28	70	90	1	1	1	1	1
77	38	89	65	75	1	1	1	1	1
59	26	9	17	72	1	1	1	1	1
41	67	7	22	18	1	1	1	1	1
27	35	66	67	2	1	1	1	1	1
75	76	37	56	80	1	1	1	1	1
2	83	25	11	19	1	1	1	1	1
84	54	41	61	37	1	1	1	1	1
85	52	59	5	35	1	1	1	1	1
85	83	6	24	33	1	1	1	1	1
54	58	84	85	37	1	1	1	1	1
81	83	32	39	26	1	1	1	1	1
33	1	43	36	22	1	1	1	1	1
50	70	68	53	72	1	1	1	1	1
66	64	15	81	24	1	1	1	1	1
64	69	38	14	28	1	1	1	1	1
17	67	89	77	1	1	1	1	1	1
32	27	79	89	7	1	1	1	1	1
43	68	13	75	26	1	1	1	1	1
54	20	58	2	18	1	1	1	1	1
28	34	5	66	10	1	1	1	1	1
86	58	4	22	50	1	1	1	1	1
24	85	33	51	87	1	1	1	1	1
63	65	88	20	8	1	1	1	1	1
22	81	88	72	29	1	1	1	1	1
5	45	16	52	85	1	1	1	1	1
71	81	42	51	21	1	1	1	1	1
83	31	23	6	67	1	1	1	1	1
55	76	16	3	30	1	1	1	1	1
55	69	64	44	81	1	1	1	1	1
69	87	75	83	60	1	1	1	1	1
25	6	31	66	70	1	1	1	1	1
71	84	83	73	33	1	1	1	1	1
51	31	32	9	87	1	1	1	1	1
1	2	81	11	84	1	1	1	1	1
41	78	58	12	1	1	1	1	1	1
8	61	69	43	45	1	1	1	1	1
61	26	71	60	28	1	1	1	1	1
34	35	71	8	70	1	1	1	1	1
47	24	78	48	36	1	1	1	1	1
55	85	32	64	88	1	1	1	1	1
56	67	63	77	74	1	1	1	1	1
47	64	78	7	27	1	1	1	1	1
36	64	15	48	56	1	1	1	1	1
85	59	37	65	89	1	1	1	1	1
46	1	7	79	24	1	1	1	1	1
53	77	59	20	7	1	1	1	1	1
76	42	66	48	86	1	1	1	1	1
55	31	57	26	28	1	1	1	1	1
77	51	55	23	89	1	1	1	1	1
7	42	45	57	76	1	1	1	1	1
10	4	85	74	11	1	1	1	1	1
21	59	72	53	76	1	1	1	1	1
73	41	28	71	55	1	1	1	1	1
19	59	25	12	88	1	1	1	1	1
70	47	86	6	82	1	1	1	1	1
33	49	59	38	56	1	1	1	1	1
13	80	67	68	20	1	1	1	1	1
8	2	20	13	85	1	1	1	1	1
70	88	72	19	29	1	1	1	1	1
90	74	6	28	69	1	1	1	1	1
26	16	55	30	77	1	1	1	1	1
44	76	55	36	54	1	1	1	1	1
71	88	80	76	30	1	1	1	1	1
42	52	70	68	81	1	1	1	1	1
27	20	53	76	85	1	1	1	1	1
31	89	1	25	51	1	1	1	1	1
58	61	10	22	5	1	1	1	1	1
66	65	55	87	61	1	1	1	1	1
89	6	60	17	52	1	1	1	1	1
17	67	28	25	81	1	1	1	1	1
2	68	72	30	40	1	1	1	1	1
70	60	54	71	22	1	1	1	1	1
49	70	55	13	5	1	1	1	1	1
90	56	19	42	15	1	1	1	1	1
14	41	40	31	47	1	1	1	1	1
83	32	85	63	43	1	1	1	1	1
70	9	39	12	2	1	1	1	1	1
89	49	39	68	4	1	1	1	1	1
69	9	43	28	17	1	1	1	1	1
87	31	46	39	79	1	1	1	1	1
41	33	46	39	9	1	1	1	1	1
39	31	61	59	28	1	1	1	1	1
38	58	60	39	44	1	1	1	1	1
25	83	28	1	2	1	1	1	1	1
47	46	7	87	79	1	1	1	1	1
81	41	61	44	86	1	1	1	1	1
37	34	51	61	15	1	1	1	1	1
72	36	58	62	29	1	1	1	1	1
23	3	75	71	54	1	1	1	1	1
45	90	54	56	89	1	1	1	1	1
15	4	1	63	70	1	1	1	1	1
90	44	85	41	4	1	1	1	1	1
41	82	78	23	28	1	1	1	1	1
85	80	65	82	20	1	1	1	1	1
13	9	8	75	79	1	1	1	1	1
67	63	14	75	17	19	4	39	42	2
8	19	52	10	83	63	75	17	26	59
13	76	26	67	53	64	40	62	33	50
23	22	82	79	65	43	67	12	84	46
39	11	81	44	12	22	25	71	59	41
66	40	31	10	22	59	78	37	75	48
46	2	69	51	28	67	71	57	16	64
2	90	15	3	67	19	42	48	4	56
12	26	73	8	40	60	33	37	51	47
65	60	56	78	49	17	24	76	34	45
86	54	81	73	72	64	80	18	63	5
76	3	88	1	4	58	78	52	29	11
41	58	74	2	29	70	86	54	67	66
39	47	64	80	23	15	79	53	41	21
64	73	16	49	27	12	78	83	6	34
34	37	69	51	36	4	85	50	23	76
81	86	18	30	11	58	74	34	55	47
39	10	28	77	9	33	24	68	20	2
4	42	5	17	78	62	64	31	15	8
24	48	27	15	45	14	38	53	8	19
75	89	33	27	10	29	60	8	77	43
36	1	42	55	28	40	58	47	10	56
17	74	33	69	67	68	89	41	13	35
66	63	77	14	8	45	84	70	50	58
46	11	82	68	21	6	78	62	39	59
23	8	80	67	40	70	29	16	53	61
85	90	4	14	64	69	34	11	44	72
1	35	10	38	52	28	71	84	13	25
16	57	78	81	30	41	48	70	9	49
85	1	41	76	80	13	70	15	50	84
65	52	29	5	50	32	67	59	80	33
2	37	30	81	29	35	44	82	76	1
78	84	51	32	13	47	62	58	4	16
49	36	31	22	15	54	56	52	37	3
45	37	26	47	14	20	67	66	54	4
76	53	86	51	2	19	38	5	77	79
50	34	14	26	43	54	67	46	90	3
62	71	60	39	18	88	76	54	37	57
70	4	51	28	57	59	7	42	54	55
36	5	6	28	10	35	31	26	41	78
26	3	9	75	15	63	57	20	46	17
2	46	43	48	16	78	18	6	50	20
74	13	4	9	70	84	46	48	44	14
24	58	85	49	14	37	87	34	77	55
12	61	36	47	75	6	19	78	58	40
1	48	27	54	16	2	68	37	43	76
14	43	27	39	71	44	23	52	88	36
82	29	45	77	4	43	42	51	39	72
25	1	44	23	71	28	72	5	70	36
24	18	25	26	57	1	20	87	54	23
50	26	87	28	47	7	53	11	43	88
1	56	22	23	52	82	85	68	37	2
7	86	18	71	21	72	64	32	37	88
27	42	52	45	24	57	71	51	2	48
79	73	52	35	17	36	18	9	47	10
57	81	29	12	76	53	58	68	32	59
74	15	71	45	53	43	23	31	25	18
74	51	54	77	47	64	39	66	72	35
12	44	54	28	8	3	42	19	65	4
53	56	49	42	11	88	45	14	2	55
17	6	72	52	1	90	14	32	82	39
21	87	56	42	3	67	48	34	57	58
41	7	29	43	85	30	37	56	4	5
20	11	41	64	2	74	45	38	15	55
55	13	66	81	7	58	89	39	88	83
49	89	67	22	31	79	14	72	45	30
50	65	17	22	34	2	29	46	55	59
1	38	17	31	15	21	76	10	68	25
11	24	83	31	48	70	87	18	44	33
9	18	19	54	23	75	34	3	25	84
79	31	84	36	87	19	76	16	73	80
75	87	20	90	43	1	53	24	39	69
90	71	66	10	62	72	55	78	68	65
74	86	46	79	18	53	75	8	13	15
6	72	12	62	61	27	65	29	20	15
79	66	30	6	84	58	45	89	41	54
22	73	4	64	41	19	56	18	59	37
52	81	6	25	75	31	66	51	71	8
86	90	9	19	23	80	61	62	71	51
26	42	40	38	30	18	80	9	24	57
29	84	74	3	88	64	62	33	10	47
76	17	58	32	89	20	23	3	38	55
57	52	7	25	9	44	68	33	51	79
78	41	74	10	11	66	4	20	13	57
25	26	58	6	88	53	54	4	16	51
47	31	59	82	67	56	20	51	71	37
26	32	35	39	86	23	25	5	22	73
74	17	4	88	53	39	21	8	30	19
7	69	43	48	53	67	82	70	47	37
9	23	39	85	40	32	65	67	48	78
18	74	22	19	1	33	81	80	6	71
84	54	20	22	5	50	73	67	45	49
86	66	4	58	5	52	12	36	50	48
87	43	15	61	37	58	13	17	7	64
49	31	47	56	82	72	3	50	45	36
9	41	25	26	32	55	73	24	57	18
53	9	49	64	17	46	57	16	76	4
58	74	15	12	80	1	54	45	40	4
79	40	38	63	50	55	64	66	23	46
48	21	83	53	50	5	89	30	90	88
12	24	32	45	63	4	29	1	73	10
54	41	53	83	80	42	52	77	17	45
16	2	45	53	88	46	69	74	35	10
85	74	65	33	54	34	8	67	66	68
9	1	42	88	89	66	83	53	80	78
11	90	22	8	62	73	41	86	83	44
60	4	67	71	19	56	50	1	13	55
17	61	16	46	27	6	20	38	49	76
13	33	19	18	49	42	22	8	89	67
3	50	64	52	40	58	17	81	45	71
65	43	68	63	21	48	33	4	5	53
23	50	41	48	75	34	6	42	12	13
8	10	23	3	89	70	25	40	21	46
44	43	90	11	18	84	73	53	33	67
5	11	55	26	31	28	14	80	45	18
25	45	73	55	71	74	40	53	19	62
33	11	27	86	79	61	2	53	87	85
59	90	41	38	49	69	22	15	73	58
69	44	3	9	87	79	4	60	71	54
79	81	72	82	33	62	71	10	56	4
70	67	51	88	24	39	6	59	10	54
8	64	77	53	88	24	23	2	70	27
53	16	64	3	49	66	74	90	12	72
25	16	10	51	78	84	40	47	1	30
39	24	62	80	77	54	70	41	33	72
7	35	13	11	6	70	27	41	32	90
54	90	6	5	50	1	68	37	45	15
35	13	40	82	24	86	49	37	32	57
75	61	37	46	50	78	86	34	36	62
9	24	3	55	18	47	30	59	74	69
1	34	4	81	71	12	83	65	40	79
53	37	13	25	48	46	59	77	18	74
90	60	50	87	15	74	77	17	11	55
88	57	83	89	75	46	63	23	4	55
21	60	49	62	52	86	53	38	4	26
23	70	14	16	22	37	39	30	72	40
71	21	70	36	23	55	58	56	30	34
65	52	15	6	46	24	72	4	83	22
1	32	74	87	47	75	6	36	18	2
5	72	11	75	63	18	20	48	35	58
39	54	23	61	34	67	29	49	62	71
30	71	60	61	80	34	77	26	64	78
32	12	61	20	79	48	36	60	37	46
30	81	67	90	18	59	26	24	1	46
84	47	52	51	83	31	57	20	89	37
13	85	34	40	90	11	48	5	26	47
49	38	20	41	63	47	88	83	9	69
88	66	67	50	49	45	78	47	41	58
16	79	85	54	82	31	4	74	8	32
9	8	11	60	39	58	24	20	36	90
69	24	58	68	12	16	67	40	17	76
2	13	79	86	82	45	87	42	17	81
69	28	85	48	52	33	54	27	73	25
71	33	53	68	11	29	75	36	23	43
75	63	8	73	78	71	31	56	38	11
29	55	31	41	61	79	19	39	68	72
39	63	86	90	25	87	31	37	53	68
28	52	53	12	25	14	48	56	81	77
58	37	49	3	60	85	62	28	69	33
81	51	5	88	58	74	70	56	10	4
70	37	11	19	73	49	48	55	58	22
22	90	81	82	49	1	57	88	23	47
74	13	47	2	10	61	18	26	67	79
22	38	46	21	57	66	76	16	37	79
7	81	76	12	47	55	29	25	60	24
81	44	12	42	25	46	57	75	19	60
35	46	28	41	64	75	36	73	66	49
32	54	19	50	21	87	18	11	31	57
46	10	29	55	77	59	28	42	62	4
6	59	35	52	44	38	71	37	62	46
87	89	56	3	1	78	49	88	12	54
67	4	58	84	78	37	30	66	68	24
56	60	71	5	2	43	79	48	3	36
74	46	71	79	89	41	47	39	25	2
74	40	53	51	77	6	16	35	41	25
49	5	75	9	18	60	1	32	30	17
35	27	9	48	21	50	54	73	26	72
22	67	74	11	50	77	41	9	55	17
15	78	18	5	24	85	88	40	7	86
3	37	66	29	14	72	35	48	47	76
81	25	69	77	17	34	51	1	85	33
57	71	72	1	61	68	56	79	6	55
79	69	85	19	32	48	60	62	37	33
58	50	21	66	18	75	70	4	40	6
63	64	40	44	13	41	28	1	51	4
58	79	25	21	51	67	38	27	75	31
54	7	12	8	88	41	16	72	46	2
30	23	28	56	52	64	22	15	50	37
24	41	31	76	23	10	25	44	89	90
70	21	80	25	35	81	72	50	12	34
15	60	67	40	49	37	53	48	68	45
63	32	72	14	24	1	64	58	85	19
40	14	7	10	81	46	5	70	28	55
32	72	88	30	56	68	31	84	57	18
16	9	64	63	34	62	87	83	70	36
67	1	2	14	49	78	82	36	74	88
47	54	90	48	67	64	50	71	9	26
87	45	53	38	20	28	21	18	49	30
27	1	65	17	22	33	78	7	48	47
41	26	24	64	7	79	59	21	10	37
25	45	3	54	84	75	49	88	56	43
28	84	47	35	43	81	22	24	66	2
13	14	86	33	21	84	75	55	26	49
11	29	34	30	67	4	58	39	83	41
18	2	11	33	21	50	13	62	26	31
70	41	75	49	76	2	13	18	58	26
56	20	79	72	31	89	24	37	77	84
42	63	24	4	11	8	1	73	46	57
1	41	58	18	30	71	80	11	79	84
7	13	15	62	3	33	29	82	58	68
70	33	90	23	25	75	32	17	42	59
76	18	17	8	22	32	80	16	65	15
5	14	67	26	73	79	10	29	28	36
50	13	77	81	34	51	60	19	37	21
40	85	67	5	23	68	82	31	47	58
11	4	28	67	51	1	71	57	45	69
26	51	69	78	52	61	38	58	4	18
85	26	27	25	87	60	45	51	67	13
60	66	86	18	11	67	20	23	4	47
41	28	63	65	82	88	83	44	58	23
53	76	55	71	60	83	32	33	8	41
66	18	51	77	14	75	33	48	10	55
4	22	88	32	6	68	1	89	14	45
35	73	7	86	54	18	14	62	76	56
13	9	26	65	56	21	47	41	31	32
55	3	86	48	9	52	1	81	35	79
85	88	64	40	74	73	17	70	45	50
11	10	75	89	52	69	1	37	71	53
2	27	90	46	42	26	89	67	32	1
11	46	29	26	77	31	81	71	3	86
44	50	53	66	17	59	65	84	21	54
37	72	77	4	23	89	2	58	44	45
64	72	23	46	10	68	43	28	82	12
1	73	52	71	56	84	41	39	78	35
28	78	3	31	10	54	66	34	4	37
22	18	45	9	56	43	87	82	7	47
59	11	55	16	54	66	51	70	24	17
60	8	21	33	27	88	4	32	42	77
58	11	15	77	21	32	76	57	22	73
53	5	86	77	72	10	22	39	60	56
27	34	29	6	32	57	8	39	90	46
52	46	2	64	81	33	40	62	59	45
20	81	75	11	87	77	2	12	4	26
53	87	30	72	16	82	23	47	63	70
87	44	16	52	31	37	36	59	50	90
23	80	64	30	49	9	19	58	25	65
48	57	32	53	21	64	54	67	22	51
6	46	2	88	41	9	35	78	10	24
84	78	39	61	79	29	25	9	70	83
17	79	34	54	90	37	83	27	47	1
86	73	85	20	70	57	78	89	83	6
59	75	37	81	78	4	7	44	57	60
90	38	35	65	17	23	41	6	34	32
54	55	51	11	18	12	39	70	43	58
3	25	44	55	28	18	54	60	56	1
41	74	83	28	9	76	56	1	70	7
26	12	85	88	42	32	25	1	17	49
70	3	42	35	1	85	23	41	86	32
81	68	32	27	37	20	16	33	82	17
29	14	40	62	38	41	24	46	66	28
55	71	77	8	17	80	86	62	33	50
37	33	88	14	58	7	30	52	42	48
59	88	35	5	45	67	75	70	13	55
43	90	88	51	30	24	67	31	3	55
24	58	71	41	6	2	67	85	74	48
19	62	64	33	84	55	59	15	2	3
85	5	81	33	76	27	72	78	74	86
77	36	81	20	64	55	39	21	18	35
28	2	27	4	21	77	31	7	72	22
37	80	65	14	30	32	26	72	87	84
42	37	90	84	20	46	50	75	63	13
72	3	27	6	50	43	1	74	63	79
82	74	88	70	30	27	33	56	75	1
1	74	29	45	8	52	67	57	4	54
5	80	39	13	52	65	90	55	44	81
36	2	65	18	59	54	46	60	3	55
12	65	27	56	46	3	21	32	79	64
32	79	39	64	22	68	88	59	44	86
29	10	52	46	84	15	53	83	57	48
60	6	28	85	57	49	27	33	61	17
20	9	35	61	77	46	55	34	25	2
40	77	19	71	6	22	24	47	26	10
69	70	67	74	17	75	45	53	77	83
85	63	71	24	9	60	17	38	77	35
5	29	73	82	76	65	46	9	87	54
17	75	50	51	63	79	52	64	40	77
21	72	88	37	80	81	38	40	41	77
54	51	50	68	70	58	85	76	86	39
32	83	23	54	71	6	7	41	61	57
77	34	54	81	44	4	39	46	42	60
80	82	13	45	21	29	46	67	38	73
12	66	21	28	46	45	78	3	88	48
81	20	46	40	12	18	26	88	45	62
23	6	75	70	69	19	16	52	21	71
50	55	38	83	11	48	52	40	33	4
47	79	26	68	8	80	11	36	4	39
85	50	76	42	67	26	47	57	55	18
54	79	39	86	67	66	6	36	52	49
7	28	20	73	71	24	74	29	75	4
27	75	11	35	36	49	77	19	45	5
71	4	52	65	10	31	84	17	73	38
58	77	41	18	29	17	56	12	39	83
21	67	55	20	12	7	32	81	68	45
40	17	45	68	56	31	16	15	38	37
85	50	8	73	58	14	38	74	83	64
59	20	10	41	75	66	72	31	24	37
16	12	62	54	46	27	55	71	82	15
19	90	49	36	83	42	60	34	4	59
57	82	19	12	54	18	28	25	61	29
64	33	85	28	7	32	80	37	20	74
59	26	42	34	82	11	33	72	64	74
75	55	67	57	25	24	34	66	45	88
64	52	43	79	51	41	73	66	57	39
13	11	14	25	55	58	51	39	57	69
13	45	33	80	25	79	34	19	11	5
83	73	75	82	51	88	23	30	33	46
22	39	61	57	73	68	89	4	58	8
81	6	71	13	78	70	37	77	67	7
71	48	86	80	34	87	40	6	46	30
75	6	44	63	74	1	2	36	90	51
78	56	85	3	41	2	88	34	24	32
61	80	55	8	84	76	6	9	46	51
73	80	62	48	33	72	67	10	68	32
26	82	7	76	56	11	86	37	69	42
66	64	73	27	5	46	76	44	87	36
45	81	72	75	63	38	30	14	6	25
27	61	18	88	54	66	30	29	35	32
69	79	51	15	57	74	63	70	56	50
84	25	79	41	74	49	11	31	24	66
66	81	50	62	90	16	72	69	30	89
16	82	53	84	73	31	64	33	57	29
34	10	77	37	15	83	80	14	1	52
72	11	2	34	50	47	35	4	41	28
58	70	23	39	84	10	24	2	50	33
54	58	26	28	23	41	77	75	24	51
71	85	37	10	53	24	38	46	88	26
29	71	64	45	22	78	58	11	43	10
10	57	89	75	27	25	90	44	54	56
72	37	76	12	49	66	70	75	54	45
71	22	9	16	4	1	6	3	75	39
83	85	47	34	42	72	13	20	32	27
39	13	5	38	52	63	73	18	1	6
43	52	2	45	70	76	37	32	78	87
6	32	20	66	1	90	43	46	4	64
33	35	48	20	38	90	63	1	43	46
18	67	42	5	38	45	83	79	50	34
15	13	40	37	5	70	35	59	55	74
56	20	64	63	21	65	2	16	30	70
5	52	73	66	8	31	43	61	36	53
36	3	27	21	81	35	70	63	47	48
76	7	10	32	16	66	56	83	22	12
83	78	75	41	9	38	39	63	31	50
36	19	32	30	58	31	83	65	61	86
45	42	73	78	60	13	56	37	59	8
42	60	76	63	10	2	4	69	81	82
89	82	72	57	78	7	8	77	71	66
36	65	62	82	89	54	38	55	29	32
69	17	28	63	38	35	54	9	19	33
89	20	36	53	9	88	70	4	47	32
87	69	18	10	48	65	19	90	22	29
58	81	66	50	5	70	3	68	9	10
83	45	81	20	85	18	74	34	48	57
64	46	6	30	85	83	24	68	84	47
86	2	37	3	88	20	1	68	46	49
26	55	7	57	15	30	27	24	23	47
67	52	63	71	16	18	41	74	25	77
27	81	67	32	62	51	37	88	61	79
45	82	71	10	41	69	21	85	24	3
36	27	53	9	48	73	62	56	57	41
47	32	25	82	17	20	78	52	11	60
60	23	81	55	43	62	29	28	54	16
49	90	75	30	61	42	6	69	34	65
52	53	82	30	66	79	67	62	38	60
76	5	60	73	9	65	70	84	79	29
88	28	29	64	22	80	40	72	19	51
35	37	23	75	63	76	81	46	2	52
23	58	87	60	19	16	56	46	25	42
67	25	88	45	30	87	40	38	66	80
59	25	32	44	50	34	5	79	30	16
51	63	56	3	68	8	74	52	71	44
45	25	27	38	36	58	26	48	88	21
57	21	44	76	14	18	88	79	51	43
57	53	86	72	73	50	2	37	6	47
28	27	15	22	38	83	45	58	30	72
49	43	53	37	39	58	18	21	41	33
64	58	44	53	50	77	87	67	13	19
80	27	77	18	73	34	70	19	83	22
14	67	51	48	21	29	55	64	1	17
44	77	74	47	2	40	18	76	54	84
23	20	21	63	86	57	79	82	5	42
89	23	61	32	24	69	22	86	75	56
79	85	23	84	15	53	77	8	74	39
47	35	56	2	43	33	17	62	26	70
60	7	32	14	34	2	67	38	8	87
23	12	76	62	78	2	54	67	24	58
25	82	55	5	60	66	71	52	36	51
8	42	41	68	52	84	32	50	70	74
64	80	9	39	40	85	26	88	50	42
39	20	5	52	24	28	16	89	58	71
46	39	7	90	82	30	78	8	57	33
26	69	6	37	44	32	36	49	86	39
73	9	72	57	25	32	62	56	50	48
50	37	12	66	54	58	61	57	46	34
57	19	86	34	89	64	18	90	4	51
68	26	15	5	43	53	13	67	52	35
40	33	25	20	54	19	82	32	79	48
27	40	45	6	3	70	44	84	47	32
77	84	67	55	18	64	45	5	90	83
40	50	6	77	59	49	3	18	80	55
41	14	49	50	33	36	45	79	88	62
75	41	83	47	61	84	3	39	74	62
8	20	81	71	41	53	82	39	26	58
78	74	31	48	88	36	18	33	82	28
5	87	27	52	29	8	74	56	81	44
63	36	66	79	25	22	6	30	11	35
7	70	58	23	35	67	24	36	59	87
48	86	69	3	56	77	89	82	51	10
75	6	57	13	9	52	51	33	82	84
69	23	4	20	77	11	43	71	58	48
35	12	85	39	59	46	74	30	77	38
41	83	51	61	57	38	56	82	17	39
66	63	55	37	1	53	69	70	71	84
11	65	27	82	32	79	50	72	37	15
21	9	77	82	85	26	2	25	54	30
90	16	82	21	55	85	26	32	20	51
75	63	65	13	52	37	17	11	80	4
83	51	16	34	46	52	65	60	79	18
16	56	14	21	85	4	57	2	7	71
35	31	42	27	14	64	57	67	49	47
52	30	82	63	59	54	9	81	35	56
65	89	33	60	68	15	7	24	58	28
18	50	12	6	2	55	68	81	52	53
16	60	32	27	20	41	47	21	73	71
77	56	24	85	75	5	62	46	60	54
52	76	30	38	60	77	88	12	49	22
28	85	77	88	3	7	67	27	17	71
45	56	64	20	36	63	3	32	34	78
54	71	85	21	45	48	36	83	55	50
77	62	9	17	39	1	56	35	73	52
42	57	27	5	9	19	48	51	75	32
33	36	7	64	72	60	21	38	18	83
78	82	74	51	27	58	3	25	87	37
90	25	47	9	22	84	36	32	19	8
9	69	71	53	12	67	66	18	78	37
85	51	17	8	66	87	79	73	82	23
9	49	12	17	55	83	45	37	67	72
49	74	41	22	20	16	38	45	2	27
52	50	58	21	30	37	23	66	1	90
23	88	14	54	15	58	4	81	47	53
26	79	88	44	10	6	32	17	12	73
72	63	70	66	83	17	23	34	31	90
28	18	23	27	89	51	56	45	60	37
16	7	65	82	74	35	66	68	11	88
72	60	53	66	35	84	79	74	58	33
42	63	25	4	87	53	58	66	22	41
35	63	85	2	75	41	16	51	84	67
41	81	88	30	46	53	84	42	90	11
87	11	69	47	6	3	50	81	30	72
27	22	80	85	26	57	35	6	54	14
13	76	30	67	40	31	83	74	36	62
12	49	48	29	38	59	19	90	18	74
56	5	88	62	71	32	87	2	82	10
77	8	58	47	69	27	86	84	36	55
88	9	39	13	2	66	41	34	1	58
51	37	11	65	4	73	13	9	48	45
74	58	77	9	16	62	71	46	55	52
10	24	49	11	51	75	77	56	4	87
81	83	68	90	29	80	11	26	72	34
52	33	85	37	7	67	4	60	15	21
6	9	59	89	21	56	43	3	46	53
78	27	24	28	37	74	83	60	8	63
11	78	48	20	71	51	6	56	16	79
52	34	76	19	5	49	50	58	31	55
28	11	22	39	24	78	67	60	9	27
61	63	45	19	18	28	37	20	54	24
89	16	83	50	69	1	3	32	57	67
50	13	2	90	24	29	49	28	66	74
44	9	12	74	24	31	83	26	68	78
52	26	72	69	39	49	48	1	57	38
52	35	89	15	10	63	37	62	55	54
5	28	31	50	54	51	30	66	53	32
31	87	4	80	54	24	82	76	28	66
2	19	47	16	52	53	49	10	28	20
6	47	21	35	62	61	39	73	26	12
1	16	2	29	27	60	87	71	58	40
70	63	7	76	90	53	54	61	67	47
82	10	45	66	77	58	49	40	56	60
18	85	56	63	9	2	44	72	54	17
63	55	56	5	72	70	79	22	76	8
43	55	23	60	56	28	88	72	2	22
89	70	28	54	35	78	85	55	88	81
79	49	57	83	17	81	38	72	56	74
73	28	38	25	4	46	84	22	81	48
40	61	89	76	24	41	86	58	42	79
53	70	22	7	12	21	87	72	18	57
65	29	21	3	42	30	15	68	87	31
47	33	14	35	10	4	57	18	3	26
86	51	46	28	90	88	66	54	84	47
77	25	43	20	28	21	48	69	33	47
15	5	80	49	35	86	53	26	11	79
61	49	88	16	42	2	28	24	51	17
52	58	45	1	78	5	82	2	3	33
69	34	44	71	79	36	49	4	42	47
17	44	43	37	29	6	89	70	59	57
28	37	58	30	42	82	40	90	24	57
68	73	63	76	65	8	11	79	39	61
38	68	11	80	60	39	4	1	42	74
6	32	26	60	41	76	59	38	5	72
34	85	75	27	87	36	26	43	68	59
56	1	50	26	80	89	55	32	71	37
71	29	89	16	68	56	64	37	50	32
55	12	4	35	37	89	16	48	31	30
59	45	34	86	30	72	48	58	44	70
55	29	63	52	1	19	8	26	45	68
8	47	52	34	2	27	39	83	28	58
46	30	73	9	17	41	25	56	61	5
55	87	4	48	51	62	39	66	52	69
18	22	51	20	42	27	54	48	49	31
48	51	69	72	29	27	43	57	13	39
16	80	37	26	81	18	46	40	4	63
56	88	17	75	35	13	54	4	42	48
42	58	14	34	15	79	46	22	82	50
20	13	56	78	59	22	77	42	82	45
90	51	21	40	54	84	80	55	49	43
71	23	72	56	37	32	54	80	84	30
54	37	16	19	42	70	45	86	8	55
87	62	32	80	3	28	18	83	39	7
86	24	76	32	77	2	18	59	67	45
87	12	41	19	75	47	6	74	45	70
13	86	59	76	82	84	31	65	52	24
41	37	25	62	81	60	50	64	14	32
66	79	20	46	32	8	86	74	13	26
34	55	41	32	54	88	1	71	60	90
4	72	42	39	43	50	46	3	87	71
23	49	17	63	44	10	84	52	55	68
63	51	3	21	81	39	23	60	57	2
5	76	46	63	35	60	47	45	74	56
22	12	19	61	48	45	13	90	2	79
86	56	3	73	11	58	38	49	60	89
3	75	7	38	86	70	50	79	10	60
10	5	54	57	72	58	33	30	41	79
23	48	73	35	1	56	2	20	37	69
73	4	8	52	83	28	63	67	79	56
25	50	22	3	51	26	56	58	55	19
51	62	44	81	29	87	71	12	18	27
9	48	39	38	67	17	75	68	26	42
90	31	1	8	4	41	6	86	49	72
45	12	19	63	89	21	58	67	2	78
48	67	20	29	88	61	79	5	39	2
85	6	76	88	5	30	81	4	56	28
58	57	8	40	82	31	90	4	32	18
56	27	33	62	74	79	47	45	36	83
69	85	55	42	50	70	11	77	36	14
35	11	9	46	80	18	19	34	27	21
3	67	29	8	85	38	76	56	1	89
85	51	56	35	33	73	24	90	71	50
47	58	13	65	59	16	89	73	85	56
25	50	63	56	32	72	16	4	46	33
70	71	44	28	6	17	1	76	38	66
21	86	16	28	56	55	6	49	50	78
62	60	78	16	65	49	55	79	24	27
90	27	52	70	54	3	87	34	57	71
8	43	90	44	27	52	40	4	85	58
87	88	64	57	49	39	24	32	82	17
32	69	84	67	58	71	22	70	48	72
7	84	11	61	26	67	5	19	59	16
44	33	10	89	6	24	86	7	55	82
51	9	88	26	7	1	58	57	53	45
70	69	54	25	35	15	61	79	38	82
75	3	68	88	90	23	51	46	58	32
88	10	41	66	32	63	67	84	47	5
5	24	38	59	64	39	26	69	13	40
75	1	58	40	60	72	37	3	54	4
66	33	83	52	8	36	64	73	87	32
80	65	22	69	27	26	64	83	79	59
65	74	23	27	12	34	45	46	75	56
64	48	51	45	57	28	39	90	3	86
50	79	76	53	86	31	8	23	58	2
30	85	63	49	57	73	9	28	24	36
45	17	75	50	41	34	13	77	23	74
61	3	74	68	40	55	17	24	72	80
16	58	57	18	38	79	90	87	24	80
70	53	2	52	11	71	30	50	68	14
5	46	74	71	12	47	30	22	55	41
82	33	84	57	54	66	53	40	59	77
3	5	14	32	61	27	41	69	63	56
49	36	15	51	29	37	3	53	75	41
26	82	41	47	66	77	83	7	13	32
61	1	39	6	18	55	88	36	3	4
77	43	16	32	80	3	85	75	19	68
19	57	40	72	70	58	46	67	78	32
45	9	30	65	15	68	42	39	12	79
6	87	57	83	3	42	24	71	54	44
2	88	51	69	70	15	31	58	32	81
30	37	42	7	90	11	67	32	24	33
77	75	39	13	71	62	68	45	37	32
83	86	62	68	35	44	79	26	57	39
24	87	62	18	21	46	78	61	74	39
52	38	82	17	20	39	79	61	81	37
71	65	52	48	50	40	33	67	32	68
41	15	54	47	11	81	18	40	56	64
60	36	2	23	68	32	1	54	46	78
81	50	70	14	44	21	68	65	87	37
67	79	9	6	21	3	5	49	71	38
38	79	8	4	58	11	63	72	48	70
38	89	72	13	36	23	9	30	73	12
64	47	68	90	10	9	71	11	37	31
83	15	47	55	32	42	53	61	67	30
23	26	21	42	85	83	37	11	33	84
67	77	69	15	20	4	1	51	78	36
13	21	74	52	8	18	72	51	17	64
65	71	55	87	1	3	18	56	9	33
44	18	71	83	5	52	50	7	37	74
36	62	81	16	61	32	24	66	84	53
38	3	41	73	46	72	16	5	23	48
1	11	64	3	39	22	32	42	29	59
81	89	27	14	88	29	70	80	57	31
80	38	62	84	4	89	24	50	79	46
53	50	48	49	44	15	80	38	33	24
2	57	14	80	7	37	31	6	48	49
1	64	3	9	69	82	74	79	71	43
61	85	76	65	30	20	39	74	56	71
76	34	43	56	32	54	85	37	52	41
30	77	36	78	10	59	45	73	42	18
77	43	37	59	7	15	83	12	48	35
68	65	16	58	22	52	39	75	67	1
34	29	31	25	75	72	47	8	11	56
80	20	71	42	64	78	36	52	39	45
2	20	70	60	78	21	17	87	53	38
5	32	8	46	37	4	42	78	67	72
52	45	30	15	69	2	71	62	78	75
9	68	6	70	19	72	74	2	39	83
49	22	10	83	84	85	68	59	14	82
40	57	51	72	65	54	38	6	49	55
45	44	31	12	5	51	56	42	54	59
24	43	68	86	75	53	63	51	67	54
55	73	41	62	53	56	39	28	70	26
37	21	54	75	87	74	16	12	9	81
87	45	30	38	70	74	65	55	71	67
11	43	12	65	63	48	2	38	73	51
11	47	64	13	30	84	48	57	78	28
61	17	31	15	32	70	85	53	50	20
47	88	43	64	1	20	87	41	53	55
22	69	12	65	19	15	82	38	18	48
55	86	12	22	10	51	58	52	59	57
77	57	11	28	63	17	22	33	24	25
90	81	37	36	47	45	82	46	29	86
68	84	19	18	10	87	47	71	37	53
88	30	22	63	65	66	15	84	35	79
35	34	5	76	74	16	52	88	49	25
44	32	22	51	61	80	83	67	45	1
27	22	11	59	16	19	4	33	81	84
31	28	72	48	40	41	20	56	25	74
6	77	51	50	71	52	45	54	39	12
89	32	15	36	79	41	85	68	67	40
49	12	8	40	76	81	75	47	78	17
90	15	6	62	24	82	65	7	31	83
57	6	34	49	84	43	71	22	5	56
52	63	71	50	67	47	80	29	33	28
36	45	8	60	64	72	35	48	73	71
5	63	70	83	3	18	53	28	17	74
27	32	52	48	38	34	75	15	73	37
87	56	35	38	77	85	14	52	39	22
63	32	84	46	37	80	10	18	56	82
4	36	79	39	20	46	87	21	38	89
25	3	53	80	58	10	18	87	2	51
27	72	12	31	54	51	43	2	11	49
87	64	9	28	6	76	58	63	47	82
70	54	30	71	24	17	13	33	60	9
19	9	34	33	52	39	2	20	6	66
64	53	54	85	43	82	87	72	74	67
41	21	16	13	20	6	34	45	70	33
82	74	42	46	81	17	4	16	57	21
43	19	65	56	61	79	55	82	84	41
2	60	90	28	66	3	46	18	35	14
69	20	34	33	29	50	82	57	73	70
61	38	46	43	77	41	57	31	56	63
44	82	34	42	6	57	11	80	88	16
52	42	17	26	9	21	61	7	39	78
73	3	49	37	35	22	17	38	48	42
53	38	26	11	61	35	49	50	44	59
74	65	8	80	15	22	20	79	68	47
32	78	11	61	42	27	34	55	22	73
88	3	17	6	5	48	37	19	68	39
72	83	11	68	37	1	10	88	36	16
61	69	41	90	88	39	78	18	32	10
72	60	30	5	73	31	40	39	33	7
62	65	47	80	50	55	72	44	70	77
90	44	53	61	69	39	54	77	74	68
8	46	41	73	30	57	84	72	49	56
15	40	11	21	45	4	74	50	68	69
60	69	36	68	34	81	53	44	21	51
54	27	38	84	89	87	25	60	68	17
89	79	88	16	76	8	26	41	69	73
52	89	70	53	7	31	32	80	36	55
17	76	11	20	82	13	45	53	44	39
7	23	78	19	83	21	77	45	72	66
82	20	53	22	55	30	10	79	44	16
76	34	39	37	59	31	25	49	68	54
67	79	65	8	45	58	22	37	48	21
31	29	35	47	90	74	46	33	57	73
47	68	2	85	64	29	51	46	77	17
46	19	63	11	8	1	58	18	21	85
61	55	28	10	89	69	20	76	72	34
67	3	76	5	58	17	52	34	56	89
89	65	29	37	10	68	20	86	66	61
43	57	8	36	1	5	84	41	82	71
75	58	83	59	49	21	56	1	36	60
20	89	41	65	46	54	78	10	87	50
31	74	71	39	13	36	26	40	43	73
69	47	79	6	28	51	58	43	38	31
2	14	47	73	69	58	26	34	67	22
56	43	87	88	78	5	76	45	64	77
65	3	52	25	44	79	21	34	88	23
26	23	76	80	16	84	75	34	6	11
45	78	76	55	44	54	82	46	74	52
86	31	25	80	61	32	85	10	77	42
23	36	50	30	89	70	10	77	74	13
62	66	88	69	19	75	31	3	17	52
37	31	65	50	66	58	40	86	5	11
40	74	18	32	65	39	84	42	68	8
12	19	57	36	8	46	48	67	51	55
25	52	38	64	86	19	21	1	37	4
73	48	16	58	35	41	79	37	83	34
43	16	30	81	22	3	59	58	37	1
70	80	29	81	90	58	46	64	7	69
32	80	45	22	79	90	77	68	41	56
84	39	83	60	75	34	79	43	24	59
72	56	70	42	25	32	17	15	57	19
64	71	28	59	83	88	81	75	19	60
73	26	5	22	64	38	6	47	75	8
6	77	36	24	68	62	73	63	65	41
50	72	40	69	45	58	25	43	59	76
48	41	49	44	15	36	40	14	35	11
16	74	59	20	55	65	37	25	83	33
72	84	34	4	21	83	59	39	40	79
75	85	84	8	68	72	61	38	60	57
66	45	41	11	22	40	57	76	17	8
54	76	29	72	4	82	30	20	13	38
58	12	79	89	61	83	10	42	35	1
25	49	27	11	8	80	83	36	14	57
19	64	14	66	88	84	18	86	79	33
5	43	73	68	65	78	58	35	13	1
9	13	78	20	63	3	26	12	47	22
28	55	45	61	54	42	74	76	3	32
74	76	31	69	6	54	27	19	14	79
70	8	14	1	37	85	64	83	21	20
74	52	73	80	22	65	85	14	34	86
16	77	2	64	9	58	32	52	54	18
30	22	47	9	65	88	20	48	10	87
69	61	71	62	5	31	6	74	45	28
68	62	72	42	40	81	22	85	20	44
67	89	7	86	54	6	16	19	50	55
46	57	41	34	3	19	27	75	72	79
44	64	90	32	29	31	25	47	48	58
50	54	61	55	76	29	60	3	22	64
23	21	9	81	79	60	68	44	74	4
8	35	7	18	13	36	47	77	53	29
38	36	76	65	72	13	28	42	70	55
58	7	83	88	53	43	1	23	60	76
50	65	89	40	60	9	46	37	16	3
10	24	13	31	38	84	26	46	47	4
3	2	79	44	13	78	73	53	64	17
54	62	10	90	57	70	2	17	3	48
24	34	33	21	36	82	5	20	2	57
65	24	72	76	16	14	5	23	82	53
63	44	43	69	24	28	17	56	37	18
23	62	32	57	75	21	78	9	82	12
89	30	65	87	29	80	71	16	86	58
7	41	8	18	9	32	19	83	16	59
87	8	53	13	47	42	75	71	65	72
22	52	24	6	29	30	64	78	21	16
86	82	56	68	53	30	71	67	66	16
75	12	57	29	40	67	9	74	85	32
22	32	44	47	34	53	89	74	12	55
37	63	12	80	82	64	83	85	5	45
34	37	17	72	15	87	30	19	68	4
83	26	23	31	54	62	90	7	74	59
37	51	38	59	28	55	75	60	15	21
23	77	31	86	53	89	64	73	10	24
18	48	17	28	77	36	32	42	38	7
26	28	87	80	14	37	5	42	54	2
9	39	89	4	60	50	17	70	37	20
88	65	48	26	67	60	23	81	7	44
71	68	81	35	59	16	63	18	78	4
16	43	50	33	3	46	40	13	68	10
47	32	38	29	73	59	26	50	42	22
31	34	61	29	39	65	51	33	42	7
53	83	50	61	15	45	22	74	12	4
14	51	88	2	61	37	90	38	74	50
50	47	77	52	64	56	9	20	87	78
52	69	60	19	80	86	17	15	39	48
19	16	78	23	12	13	33	47	75	50
52	55	20	40	22	3	29	58	17	60
59	31	48	55	22	71	1	86	49	87
63	67	13	87	90	14	42	45	51	58
48	25	21	7	77	57	60	44	59	63
24	76	71	82	31	89	55	75	51	22
89	2	27	26	77	51	43	60	19	4
76	81	8	43	48	70	59	62	67	58
43	25	66	22	33	89	36	34	79	77
72	1	31	10	17	75	76	16	56	58
74	40	49	8	19	34	75	2	45	39
30	61	24	78	42	49	28	6	56	10
9	28	45	30	35	76	87	43	34	37
33	86	10	11	19	38	59	85	41	71
57	69	52	35	34	79	38	48	18	75
25	15	62	65	10	81	14	80	56	2
67	4	81	80	55	59	73	77	78	56
63	78	36	16	23	86	50	34	49	67
39	65	56	73	54	76	70	64	3	21
31	21	46	27	74	22	4	11	30	53
47	52	3	25	40	68	58	72	34	77
2	83	54	17	78	1	21	36	6	42
51	74	84	40	26	33	53	87	62	22
49	69	15	57	17	32	45	28	48	31
71	2	61	19	15	78	48	38	60	88
69	52	66	62	67	39	46	4	32	44
65	44	56	21	34	53	46	82	39	48
7	50	41	74	35	17	33	81	6	73
1	55	6	10	57	32	47	84	61	33
38	28	36	12	22	8	58	70	44	83
61	4	80	54	17	25	29	48	12	72
75	71	2	21	69	27	78	7	66	45
35	40	10	52	81	3	13	88	45	63
69	67	9	16	43	88	74	26	51	56
53	14	9	50	84	12	79	1	23	55
2	22	47	74	78	84	76	21	52	77
66	89	15	34	83	45	72	23	65	2
3	9	20	78	36	11	30	56	76	45
41	10	4	20	79	27	26	14	56	51
88	73	51	30	75	33	89	37	10	55
1	63	78	62	65	41	55	88	86	61
68	51	89	88	20	9	66	58	75	81
22	25	26	50	35	19	31	15	21	30
29	74	75	9	19	50	61	8	24	37
4	85	68	56	8	16	65	6	49	40
68	76	78	17	63	51	46	67	1	41
69	51	45	81	8	62	48	39	49	72
83	40	74	25	51	71	64	36	43	65
57	9	65	55	84	68	48	72	39	88
64	70	76	56	69	79	45	13	16	52
5	44	36	20	65	62	28	4	16	30
39	13	14	43	51	77	55	4	9	7
69	6	73	62	45	17	37	72	50	57
16	25	15	24	51	55	28	32	79	53
55	24	4	54	52	79	85	13	39	64
46	35	90	3	78	87	33	67	45	7
71	53	75	79	51	49	37	26	15	33
32	60	33	38	27	74	23	55	36	81
65	10	48	70	59	18	86	85	20	34
22	25	67	44	46	61	71	60	72	37
7	66	89	54	78	72	87	23	48	39
4	90	87	9	81	19	56	72	76	17
59	21	30	54	73	8	57	75	58	72
49	21	28	63	44	62	1	57	69	46
19	65	9	50	28	63	72	45	36	51
48	75	78	25	36	23	17	21	14	70
58	9	41	6	82	30	72	80	24	44
24	2	72	46	55	69	15	50	8	40
75	14	65	10	70	71	57	68	45	81
5	18	80	51	89	75	31	1	22	21
83	17	46	81	21	24	47	51	49	33
62	14	12	11	72	38	13	61	79	56
82	58	51	40	61	67	48	27	47	44
52	50	2	89	19	85	36	40	14	67
9	70	13	35	80	81	6	79	74	75
21	50	32	42	60	80	16	41	58	33
9	61	7	84	25	76	54	14	10	55
26	50	43	75	74	77	14	21	53	33
69	23	51	57	86	52	55	31	37	18
46	1	35	10	30	21	16	48	42	83
84	36	89	19	6	43	48	8	83	74
28	16	68	19	7	85	61	49	45	47
53	69	4	14	90	7	34	9	26	22
34	51	29	50	90	39	82	8	20	49
29	15	55	35	39	46	30	13	22	31
11	53	15	50	2	13	60	23	20	27
55	30	2	44	23	49	41	29	8	61
79	77	56	21	39	68	60	23	45	83
74	29	48	69	28	75	58	57	79	45
24	72	82	34	11	20	22	75	53	76
80	24	86	28	70	8	74	31	47	4
27	10	90	21	26	56	71	38	3	82
21	42	79	38	2	17	25	72	27	68
45	74	53	9	49	23	66	27	54	16
41	57	38	14	71	82	90	81	9	2
75	27	56	24	40	31	8	47	35	42
46	49	24	62	83	9	74	66	34	51
45	19	62	43	15	33	71	12	13	37
18	5	89	29	48	56	51	75	42	71
68	76	39	46	51	1	26	87	71	58
29	18	15	78	73	59	36	53	14	39
50	22	38	90	52	11	8	78	2	24
6	22	30	62	23	20	65	25	44	45
30	7	37	52	20	65	22	8	19	62
66	28	62	36	49	73	57	64	40	8
63	88	5	15	9	66	50	2	79	32
31	45	25	40	68	23	11	87	28	6
51	12	10	78	16	37	2	38	9	8
26	16	32	59	69	10	39	38	17	27
42	52	14	54	76	29	25	3	81	68
85	41	12	79	47	77	10	28	27	14
10	82	83	29	78	49	19	45	2	53
16	85	9	7	33	34	56	68	69	88
57	15	46	35	27	71	39	54	33	88
67	31	72	40	83	5	56	49	6	1
65	75	19	46	39	72	3	85	80	69
24	77	51	70	35	78	39	30	20	47
15	50	84	47	28	36	74	42	63	46
22	70	44	29	89	3	2	42	45	43
4	60	1	7	72	34	43	14	31	10
6	13	65	82	74	39	16	29	23	18
79	54	61	3	51	1	85	45	11	39
3	38	59	76	22	75	74	12	7	87
79	53	88	19	36	39	82	48	34	74
51	19	45	13	14	22	57	42	33	49
1	14	26	82	72	31	87	62	66	59
65	81	70	72	26	35	66	74	42	13
73	20	21	6	31	23	72	50	16	79
20	27	83	51	35	39	22	12	74	55
32	72	80	4	45	68	10	63	3	62
40	74	23	63	76	50	84	28	38	82
73	55	65	50	64	75	68	67	10	20
7	31	85	65	21	14	86	67	18	36
11	87	62	55	49	76	88	61	44	5
43	72	84	15	75	55	74	7	23	87
8	45	34	42	46	59	87	85	7	9
33	60	59	77	84	54	78	13	25	37
41	61	52	35	6	87	2	77	19	23
48	37	74	13	24	82	26	11	3	56
32	2	78	21	73	47	34	69	20	67
74	61	82	42	77	49	2	4	5	7
55	25	5	56	35	46	15	69	3	42
76	26	67	13	48	66	8	24	74	35
38	46	81	90	60	30	52	70	22	44
62	78	72	39	6	2	48	47	45	42
16	34	19	50	49	45	36	59	90	33
83	72	45	59	1	58	27	86	87	57
59	31	27	14	57	28	73	13	8	56
17	34	78	28	89	27	62	42	40	4
59	40	25	33	13	79	70	44	68	48
82	39	23	75	78	59	53	19	90	31
28	24	18	25	82	74	10	17	68	39
15	4	14	57	5	74	80	55	26	86
1	87	49	85	40	39	89	63	16	38
71	81	62	16	83	12	8	23	74	36
38	8	19	63	78	47	37	40	31	48
3	83	30	74	46	61	11	85	63	34
34	10	88	39	75	47	46	52	48	74
44	58	36	89	74	25	72	19	17	1
79	26	61	60	16	76	67	71	7	4
54	38	46	82	57	34	42	81	18	69
26	57	19	10	4	67	17	74	33	53
38	71	62	45	6	89	48	4	32	65
56	61	78	7	74	8	51	14	48	36
62	49	12	51	38	42	59	17	55	74
88	42	82	15	20	43	14	62	64	46
36	59	33	44	40	51	17	85	9	45
40	12	56	10	87	27	81	61	86	13
78	25	40	24	48	90	77	86	62	37
19	47	14	39	11	85	58	50	33	44
57	26	83	48	24	11	89	70	1	13
88	68	26	9	65	46	63	28	19	21
49	51	70	2	76	34	79	4	18	11
59	67	6	8	45	85	10	70	16	90
45	83	35	81	53	39	49	47	46	30
26	30	50	82	90	20	86	18	78	49
66	80	56	3	77	16	46	37	57	35
6	18	13	47	74	60	31	67	82	20
51	27	1	69	22	85	45	74	80	64
12	71	51	68	72	60	42	65	38	16
59	19	4	78	86	20	21	74	40	49
54	62	41	69	86	73	16	34	44	88
20	70	41	4	39	32	14	80	33	13
78	70	6	21	76	5	90	54	73	3
72	43	60	58	49	44	88	1	42	89
86	2	7	36	72	52	42	25	65	12
84	17	60	38	71	79	50	75	24	88
58	51	86	29	27	47	59	7	11	64
45	84	32	74	50	38	31	70	2	78
67	55	8	2	70	76	72	86	69	88
56	82	19	20	6	67	64	33	75	38
87	86	78	21	50	75	35	6	16	63
43	75	57	56	13	17	20	5	33	36
20	56	18	55	58	75	24	66	51	22
3	82	74	48	14	66	16	71	6	85
75	34	90	17	86	32	47	52	16	59
69	81	26	49	40	46	61	89	32	15
1	57	31	63	77	88	18	62	44	20
78	56	82	14	28	73	64	29	59	41
6	1	87	60	49	57	19	51	37	42
75	83	62	33	27	81	87	71	16	34
4	23	42	55	28	29	33	5	19	35
33	72	67	55	89	41	34	36	10	38
16	45	69	11	79	75	12	88	18	39
84	39	45	12	89	57	58	62	54	11
23	54	48	88	70	77	51	44	67	18
58	49	7	61	76	16	6	12	53	51
34	44	8	55	40	60	25	85	49	70
27	72	24	48	58	35	90	11	40	79
86	57	40	63	81	37	79	41	44	76
29	90	30	71	5	15	10	45	49	53
73	2	40	55	88	27	36	49	87	7
32	37	30	79	25	65	80	66	54	24
71	21	26	72	36	1	42	88	28	35
73	46	25	4	33	63	9	79	87	38
35	44	78	40	13	85	30	88	89	22
13	39	56	6	69	26	32	51	85	52
18	71	15	41	73	2	30	44	74	47
68	37	70	19	80	69	21	52	60	61
41	90	35	43	78	48	74	21	60	46
72	82	43	39	63	9	54	85	38	23
35	28	36	2	54	71	43	18	31	48
30	34	48	65	82	35	54	19	89	24
18	29	78	54	42	59	76	81	51	63
27	14	37	47	22	40	11	56	71	51
20	1	90	14	46	9	60	39	35	40
51	73	79	26	10	34	28	19	69	5
83	20	64	29	7	5	13	66	53	63
9	18	58	53	67	89	59	36	31	46
18	51	73	21	31	79	89	41	86	45
35	56	59	25	54	88	18	60	5	66
17	20	81	32	52	49	50	28	62	46
10	23	27	74	5	46	48	20	56	18
86	33	54	85	37	27	19	41	63	15
11	13	2	29	3	59	87	66	14	38
10	57	40	70	54	19	53	32	61	43
66	72	23	83	59	90	74	62	88	51
20	69	30	78	48	70	54	77	60	75
84	36	33	48	15	67	82	14	17	79
11	17	50	77	12	55	53	30	46	71
35	90	30	55	47	25	12	69	75	70
49	15	67	48	25	14	21	2	41	82
15	62	69	73	70	71	60	49	66	21
76	75	24	60	35	74	45	36	59	41
79	19	13	72	20	54	6	62	34	46
84	20	67	76	33	61	37	73	39	55
3	32	61	87	80	68	57	59	88	60
89	80	12	44	76	53	74	40	33	34
43	32	18	31	7	15	76	54	39	73
3	84	66	48	64	19	13	2	89	14
32	71	21	86	36	89	60	16	12	51
44	51	38	1	78	73	42	31	41	54
7	22	6	65	46	8	10	23	35	85
77	21	9	38	28	46	47	30	63	88
76	79	53	23	81	83	70	42	89	40
16	63	32	70	15	52	64	68	77	44
40	77	86	73	85	26	84	31	38	87
86	49	74	31	88	58	60	84	55	65
44	11	58	33	89	38	36	75	63	61
1	79	48	9	30	57	76	56	3	90
3	52	44	29	42	90	39	56	70	59
74	43	83	12	5	52	24	55	46	68
12	15	7	46	48	73	11	42	88	61
51	57	33	61	3	35	74	40	34	67
48	83	43	14	10	32	57	87	53	71
79	70	45	82	16	19	4	69	67	40
4	33	64	86	7	66	28	59	52	54
13	71	3	83	64	70	53	82	48	16
42	87	3	86	28	84	48	41	70	12
29	22	73	9	74	50	36	90	70	18
32	38	42	49	87	34	89	69	41	75
87	25	3	55	89	65	54	90	46	85
63	28	33	60	14	35	48	47	75	41
63	29	61	53	18	22	82	57	9	72
70	5	44	41	25	46	63	71	75	65
53	23	44	21	58	75	40	6	27	49
18	9	24	40	41	10	90	63	56	17
39	52	82	88	33	10	14	79	63	24
68	60	63	13	28	52	5	80	73	85
40	32	51	86	19	83	73	70	20	22
32	60	70	31	35	54	26	69	47	4
87	81	62	25	39	60	63	47	10	69
15	7	47	70	88	20	28	36	86	30
39	48	57	72	44	70	58	83	69	54
85	61	53	78	52	63	41	33	8	48
55	6	74	73	16	22	56	53	75	68
29	28	44	9	76	46	56	19	83	21
32	51	70	21	68	63	9	8	5	37
53	75	59	19	26	60	52	89	81	15
84	1	48	50	78	57	53	21	55	87
67	85	82	47	83	33	9	18	10	14
65	38	9	8	77	1	45	76	50	7
36	86	37	32	21	17	59	67	68	49
77	52	22	64	54	2	12	21	55	6
86	22	50	36	20	83	29	32	68	73
69	72	76	50	75	57	79	77	28	23
35	1	24	64	80	22	61	9	17	90
16	2	42	35	41	60	18	17	56	30
23	13	60	62	87	49	29	90	40	33
68	83	11	52	3	8	63	77	35	85
13	15	60	32	2	6	54	30	62	14
55	50	63	56	5	87	38	54	13	7
40	28	58	5	88	20	79	48	83	59
60	57	4	72	74	7	19	20	45	38
22	13	12	74	71	29	75	47	6	26
26	20	47	35	8	46	41	72	90	10
89	21	39	26	71	40	10	78	41	87
85	55	87	75	31	61	33	9	25	7
42	90	89	19	87	63	14	12	45	33
50	16	1	79	20	2	83	49	9	65
1	30	86	80	90	38	70	71	79	8
52	88	81	79	59	77	55	24	54	66
2	57	61	21	19	26	29	23	81	17
58	69	6	45	1	72	86	85	67	43
14	23	31	88	7	25	65	36	44	33
28	59	64	10	47	66	23	69	11	57
81	89	11	23	22	8	42	87	66	5
1	64	47	25	67	74	61	6	76	71
66	61	76	21	65	28	53	64	23	68
75	67	66	40	33	84	18	52	79	10
8	80	47	50	37	56	15	24	10	7
12	26	65	7	23	90	33	9	87	17
77	56	63	24	88	50	21	85	25	32
85	55	12	62	42	80	77	78	51	40
82	10	60	85	46	73	83	31	7	24
53	77	84	22	28	37	59	51	23	31
13	43	56	45	75	82	77	60	21	42
77	84	34	2	56	33	32	36	70	35
83	25	13	6	79	89	26	39	16	24
80	89	70	23	42	75	59	55	58	34
73	83	56	76	16	66	53	46	19	35
4	88	62	76	25	5	68	39	66	82
81	2	86	72	14	89	37	51	70	9
47	70	18	23	39	55	77	50	81	89
78	83	77	9	6	87	79	12	36	65
69	42	9	73	34	17	21	77	4	26
71	37	34	18	65	27	22	20	14	35
46	43	19	48	41	5	4	87	36	39
4	50	16	60	34	86	24	56	29	28
8	7	66	33	10	38	6	13	17	61
6	16	15	33	39	90	53	2	50	55
5	74	6	57	60	17	8	29	33	84
1	10	18	4	7	14	60	43	34	61
65	85	75	25	6	44	45	58	69	64
63	29	18	35	80	55	57	30	61	40
21	59	36	25	7	17	2	72	62	41
59	15	58	62	44	7	49	2	42	33
63	73	12	15	48	49	7	33	39	1
89	61	21	83	81	48	86	11	3	10
80	47	41	65	27	21	84	2	49	87
83	50	36	27	90	31	1	48	34	54
56	84	81	12	23	19	79	33	57	80
17	65	69	80	26	45	2	83	23	19
77	35	28	25	7	15	24	69	64	71
44	87	28	56	80	74	90	68	84	39
86	36	24	48	37	58	9	90	35	3
54	64	29	22	82	49	59	32	33	48
18	36	26	71	13	65	6	49	63	40
69	12	35	36	9	64	58	66	60	3
57	82	81	26	32	21	5	37	17	28
13	11	60	52	63	10	49	68	77	82
5	17	77	84	42	16	76	35	48	63
2	8	77	46	72	35	90	44	27	12
10	58	43	14	79	56	77	25	40	73
75	55	83	53	3	2	86	43	61	56
76	84	33	49	20	11	17	80	22	37
67	43	2	23	55	26	42	83	20	84
46	43	55	29	18	71	26	23	72	83
27	7	61	33	29	42	32	50	6	2
66	36	3	53	25	35	38	18	60	59
43	60	22	6	52	8	79	62	24	37
6	62	30	33	67	21	71	26	16	81
25	87	3	77	54	1	49	15	40	51
42	46	8	61	22	57	39	62	37	35
45	34	81	73	46	77	78	72	16	54
19	79	85	36	42	53	78	8	89	17
54	64	69	75	6	1	5	43	57	58
74	90	49	70	36	71	59	4	57	80
65	45	12	71	61	34	62	68	15	26
76	33	26	24	61	1	84	15	16	81
14	31	82	47	89	2	84	56	65	48
68	83	34	69	81	13	41	55	19	45
25	32	68	33	81	58	83	71	17	12
37	52	74	70	83	42	47	15	23	19
8	28	39	32	89	59	76	49	16	14
40	30	88	65	36	31	16	52	61	66
70	27	78	28	19	84	56	81	11	72
41	83	81	27	33	49	57	58	61	86
36	6	37	71	1	10	21	74	83	41
87	78	40	88	57	29	80	50	86	12
19	50	16	41	75	36	49	86	56	3
17	72	81	9	64	79	46	52	80	47
78	66	67	9	83	70	58	33	18	62
61	64	78	12	23	87	15	19	70	5
19	28	27	17	85	45	61	53	49	36
53	65	63	48	13	90	86	26	19	70
36	57	84	75	89	11	85	53	82	55
30	2	65	17	32	10	24	29	52	90
12	28	78	57	14	68	24	58	42	85
10	24	28	2	47	9	59	21	74	8
62	36	59	44	82	11	76	18	21	4
83	2	75	31	86	29	56	25	61	47
50	20	10	82	26	22	37	49	75	23
47	37	82	21	44	46	40	35	22	72
59	63	80	15	81	64	33	75	5	34
56	90	16	43	22	59	50	63	89	86
60	45	53	40	87	28	74	39	10	85
31	22	86	20	57	70	87	37	13	6
69	68	49	38	11	55	4	57	14	34
43	89	45	40	86	84	37	6	67	7
52	80	35	78	70	9	22	58	39	53
76	75	21	58	19	55	34	79	61	28
5	50	77	36	20	32	75	70	90	10
56	75	49	52	82	13	67	66	40	85
43	42	27	15	2	63	51	75	50	45
79	23	20	50	87	41	43	10	78	45
1	70	33	74	37	21	26	36	88	10
31	89	52	36	75	55	54	9	47	82
37	51	78	21	59	5	24	90	44	70
33	27	6	84	39	69	59	50	12	66
52	50	35	74	57	87	30	13	24	44
88	31	25	57	59	19	86	66	26	70
34	23	21	30	53	52	65	3	56	33
45	82	69	3	47	10	74	76	20	15
78	19	50	86	69	52	71	47	5	20
2	87	57	12	13	24	78	36	37	75
16	51	74	15	70	12	6	71	85	55
23	85	24	84	82	64	25	86	21	20
70	51	28	26	64	34	75	13	65	57
71	34	21	37	62	76	38	16	46	3
61	70	29	90	43	73	19	14	18	12
71	8	46	70	62	9	34	80	86	50
20	53	86	46	70	9	19	35	68	47
18	2	36	65	90	80	54	34	31	22
54	31	14	52	28	11	86	79	53	21
68	15	46	44	64	70	88	22	81	45
31	12	33	77	6	64	29	18	55	68
4	89	6	5	34	71	87	33	1	60
58	23	52	83	6	74	59	44	1	42
58	21	71	1	43	81	82	63	31	25
37	81	36	33	38	58	29	84	68	77
87	46	65	88	13	84	57	31	33	15
69	5	88	7	41	38	66	63	10	16
3	52	54	41	86	66	28	31	83	65
22	26	64	89	61	60	71	48	20	25
30	84	22	73	28	43	39	59	17	49
9	65	86	53	74	2	22	15	46	34
27	8	19	5	50	26	35	16	68	15
3	34	24	85	78	7	19	9	2	82
54	27	60	35	71	84	52	1	59	86
63	19	64	28	60	14	45	78	48	6
68	65	88	27	53	19	41	45	70	5
9	52	81	18	31	22	56	63	78	65
59	45	80	34	40	3	7	71	86	43
85	45	66	51	55	58	52	62	60	3
77	40	61	28	65	48	8	1	90	14
7	63	49	14	24	89	3	42	28	81
80	11	10	48	73	20	15	64	21	2
11	68	31	9	30	25	61	22	78	73
69	49	40	53	10	32	88	55	74	29
11	25	29	20	56	37	42	65	46	74
43	2	85	38	8	32	27	54	36	50
27	88	60	22	73	65	42	10	57	50
90	40	76	7	48	46	28	82	35	58
86	45	59	13	36	80	49	19	29	62
32	19	80	33	22	50	35	76	85	14
90	53	31	17	19	57	46	52	44	29
26	62	59	7	33	46	34	2	57	44
52	14	9	87	62	2	40	79	34	11
52	51	40	31	38	78	80	85	77	21
55	16	1	17	36	33	22	69	61	60
46	60	29	41	49	38	86	50	51	11
70	53	23	82	37	80	76	38	50	4
69	77	87	52	81	10	53	51	73	64
14	12	38	61	88	89	29	2	55	33
42	87	3	16	28	30	78	81	80	1
73	69	76	21	2	57	71	6	31	30
42	16	6	10	81	26	36	40	21	86
49	3	4	65	66	62	26	81	23	60
43	36	59	14	58	21	51	17	9	75
67	29	65	60	81	26	36	72	47	48
84	28	86	19	66	25	68	31	37	36
24	61	62	82	52	51	43	58	3	60
9	17	71	20	40	57	24	32	90	19
64	22	55	4	43	34	2	63	81	8
65	44	83	31	42	56	46	68	81	15
32	87	40	54	31	88	69	10	26	56
23	35	77	75	21	69	18	48	60	5
63	13	86	9	51	67	74	55	75	3
65	40	1	18	87	82	14	63	71	3
48	60	49	78	83	34	1	54	19	3
30	50	40	49	65	73	37	48	38	81
49	30	6	36	18	8	81	9	85	31
6	68	66	58	45	50	39	22	29	1
48	29	39	53	12	37	16	42	75	14
66	30	65	80	51	88	59	9	47	35
25	54	1	55	68	34	5	59	7	72
6	22	28	8	38	13	30	45	58	46
80	11	75	41	87	52	9	57	63	77
74	25	10	61	64	39	63	82	28	5
78	48	68	41	77	30	39	82	56	10
82	14	62	5	49	79	48	58	73	75
23	45	46	87	48	70	7	65	90	75
39	41	18	35	8	6	32	87	78	17
88	54	24	32	42	14	67	61	15	51
64	60	9	57	37	29	48	38	21	13
66	50	37	17	64	29	53	16	56	36
72	18	41	44	77	82	3	75	64	78
48	1	39	12	23	76	14	41	64	52
85	9	71	26	35	65	28	12	80	23
16	1	56	87	13	31	2	6	73	83
79	80	87	21	6	89	48	52	8	86
76	34	51	41	66	8	50	38	61	29
48	14	16	47	79	8	77	24	87	35
85	66	75	76	17	34	62	19	58	23
89	62	43	22	80	19	65	20	4	9
7	48	9	39	1	59	57	4	51	62
87	84	49	82	28	2	13	4	21	66
64	17	53	1	85	31	77	65	28	38
18	39	57	66	17	63	35	13	86	2
81	15	5	43	48	36	55	76	38	40
39	10	50	53	35	32	56	57	5	69
56	59	27	48	80	76	74	53	32	20
40	90	63	42	89	52	62	56	69	12
71	89	58	31	32	3	19	45	44	6
61	80	8	44	60	40	79	31	15	30
60	43	59	34	77	61	85	29	70	18
29	19	88	82	28	90	24	22	53	79
59	57	44	28	52	89	5	10	30	73
13	77	67	12	26	4	3	63	82	65
20	33	29	2	43	19	11	78	66	30
13	86	32	63	64	1	53	87	56	57
76	32	1	19	66	60	37	81	41	51
45	35	83	30	20	12	88	59	71	25
84	88	33	28	14	36	12	35	24	78
17	74	66	70	24	85	38	42	29	88
3	38	55	45	74	59	69	22	28	10
64	25	56	61	39	36	48	43	90	7
21	24	66	51	49	50	64	7	57	29
5	87	3	54	57	80	74	27	33	90
11	28	60	40	90	7	78	85	45	59
28	67	53	82	77	15	24	85	4	42
67	37	62	5	7	69	24	41	46	14
65	47	2	53	56	80	69	22	14	86
56	5	75	50	83	16	31	66	9	59
46	4	33	25	80	76	9	59	42	66
74	67	68	85	6	66	52	80	50	42
13	38	2	83	57	78	29	70	54	89
1	10	54	46	82	51	43	81	67	41
2	7	84	32	59	79	39	71	23	9
35	90	70	22	57	81	5	36	40	39
9	35	38	31	13	79	78	8	61	51
70	32	88	12	23	27	5	61	17	7
39	48	47	3	20	84	1	64	54	70
63	18	72	68	20	32	2	8	44	56
31	59	87	79	23	30	40	56	74	63
15	28	14	50	77	79	86	27	76	59
76	44	83	26	11	5	25	89	40	41
88	41	53	71	11	89	16	4	39	56
9	11	65	72	70	88	66	19	30	50
4	51	63	69	75	20	49	70	71	10
47	33	70	13	4	23	3	22	14	7
22	37	39	45	35	8	59	75	76	5
25	1	50	2	27	55	51	14	63	90
82	15	32	47	79	57	4	61	42	24
21	3	47	39	36	68	74	89	67	49
71	29	83	63	44	79	80	19	64	15
73	16	42	55	90	29	17	60	7	38
16	68	19	4	36	15	31	90	26	25
69	30	75	65	12	19	21	61	80	57
65	21	71	8	46	15	74	81	43	55
22	86	7	55	18	42	77	36	56	41
45	57	62	42	56	46	87	29	14	16
5	54	48	56	3	59	85	4	6	40
1	13	66	78	26	43	27	8	21	6
20	16	76	37	69	12	41	57	27	86
40	1	88	66	75	41	25	48	55	76
26	63	27	79	77	17	44	9	41	64
38	54	75	35	86	62	87	81	84	49
35	22	19	59	76	79	7	2	10	20
42	9	28	81	70	7	79	73	8	30
11	40	75	12	20	50	5	18	19	54
58	60	10	61	44	24	5	73	42	1
31	78	43	81	80	75	5	76	45	51
10	17	81	45	27	62	57	52	8	68
58	50	35	83	86	31	49	85	20	37
33	65	39	69	9	68	11	57	18	35
48	67	33	52	66	35	59	15	25	37
44	4	1	21	56	57	58	47	52	7
7	57	32	35	25	36	75	82	38	61
63	23	41	21	83	24	68	64	9	4
51	61	35	17	2	37	19	78	55	76
3	7	87	49	9	83	51	55	1	64
39	52	83	32	17	56	1	53	65	6
10	86	54	21	52	56	68	45	20	76
48	2	41	55	17	46	34	29	53	23
79	50	47	82	89	12	13	18	72	63
24	19	13	59	35	6	48	81	18	53
5	74	9	6	88	22	48	4	40	57
65	58	12	78	64	83	56	88	80	89
27	36	17	4	26	90	53	45	13	43
28	41	35	2	51	43	71	44	24	34
18	45	81	39	23	21	63	25	77	70
45	5	75	37	39	64	67	22	46	18
82	15	60	17	23	88	70	58	79	72
64	44	53	86	33	83	18	62	32	47
49	44	27	80	54	8	14	45	3	81
21	84	4	13	78	15	75	81	74	86
15	32	45	68	79	41	47	62	12	3
89	6	22	87	12	75	76	3	84	15
16	32	55	77	13	26	18	50	53	28
25	22	87	54	69	68	21	16	62	4
19	89	70	3	31	68	42	12	1	23
42	26	87	41	14	72	71	74	76	75
90	24	69	27	49	76	60	88	59	19
8	67	77	57	25	60	89	18	55	62
21	87	86	54	29	25	5	46	36	83
10	82	33	89	8	15	1	38	84	85
40	14	44	77	13	67	75	22	30	63
9	66	39	43	27	84	85	40	20	60
49	7	86	47	18	76	41	85	44	89
25	10	9	34	27	73	77	4	74	14
1	84	7	5	60	85	73	75	88	32
74	79	77	39	29	80	40	62	13	8
84	33	42	90	1	26	5	67	74	57
32	43	52	35	83	66	18	2	55	73
22	45	76	84	17	35	68	85	27	62
90	28	68	23	38	84	3	70	54	88
50	88	3	26	39	36	4	29	19	72
88	76	19	42	80	86	8	55	59	53
63	64	4	85	6	90	23	73	67	65
21	87	66	32	50	33	16	90	82	8
71	40	14	62	79	61	5	24	11	67
85	88	87	29	45	59	67	20	27	71
29	27	36	57	70	4	31	63	1	28
66	13	81	80	22	47	86	30	39	73
36	7	16	31	37	42	86	44	68	83
54	22	16	66	59	71	14	26	7	3
67	63	14	4	77	69	87	52	35	41
64	55	30	71	23	48	89	70	47	24
22	89	29	2	66	84	59	87	64	80
67	77	68	40	52	89	4	56	20	15
69	90	24	26	38	63	62	57	11	50
5	50	20	78	9	46	51	21	12	90
24	36	62	23	50	4	61	64	3	72
51	74	37	68	28	33	30	45	61	2
17	62	75	52	36	55	37	5	73	89
38	68	86	36	31	23	89	13	90	32
85	46	87	33	43	89	74	60	64	78
12	89	25	22	54	47	16	20	10	41
55	38	51	3	76	83	75	32	41	9
30	79	35	80	66	58	13	62	26	57
10	78	19	49	24	57	67	23	79	77
16	24	3	48	71	11	58	73	82	4
39	43	59	86	38	77	79	8	10	14
29	67	81	68	39	53	26	2	72	50
73	36	54	70	78	56	5	53	87	85
53	54	30	3	67	43	58	90	31	20
16	74	58	54	48	21	43	89	55	56
8	44	86	3	18	70	89	26	46	33
90	58	29	4	70	71	44	20	14	30
83	17	40	11	56	27	80	87	13	9
39	82	77	56	58	84	22	38	75	60
78	74	10	8	83	43	54	5	46	30
40	69	87	22	68	85	54	36	37	76
58	32	7	3	27	28	55	31	46	5
41	65	74	57	31	16	70	15	47	87
50	39	90	75	61	40	77	30	1	69
34	57	12	1	72	63	78	64	75	62
33	86	2	9	61	22	25	12	11	14
65	59	17	90	77	5	39	47	3	29
79	36	47	30	35	44	48	11	40	23
66	40	42	87	53	52	15	44	2	65
25	76	17	18	30	63	43	59	6	77
73	57	51	80	46	75	41	49	83	7
38	84	53	9	28	1	65	41	46	23
59	16	20	84	62	61	52	42	87	74
31	58	25	84	51	43	19	29	11	83
83	22	54	36	45	28	24	4	1	87
2	77	81	86	64	36	70	17	13	12
58	37	87	42	89	86	27	18	85	47
74	70	50	44	53	3	33	47	20	90
86	49	32	88	64	28	42	56	5	55
17	51	69	59	36	87	78	63	46	9
62	58	61	53	29	59	43	40	76	14
79	77	52	81	61	36	87	26	20	9
30	31	27	38	62	73	29	66	17	23
75	69	57	77	76	49	60	38	17	80
23	42	83	85	9	73	66	24	19	72
64	42	47	75	36	55	63	67	46	70
74	8	69	25	51	45	43	23	2	48
61	14	53	77	4	6	18	89	40	21
17	63	52	5	79	62	25	14	86	32
76	71	36	45	9	41	70	48	6	58
67	72	51	56	33	50	7	83	58	75
41	22	44	7	51	30	65	86	26	29
72	74	90	61	80	7	15	17	46	29
50	19	41	26	80	32	20	67	49	70
32	89	53	16	43	68	10	25	34	6
48	17	86	26	3	74	54	87	37	31
65	71	26	16	66	79	58	12	88	78
64	89	61	2	24	78	53	85	49	71
82	70	59	5	44	67	58	47	2	56
26	34	84	60	35	89	47	90	81	39
24	60	58	72	49	84	9	17	5	6
88	2	22	31	80	51	77	28	70	10
52	85	33	36	79	17	73	40	6	14
13	47	21	81	9	33	39	83	46	37
11	85	57	69	58	42	19	45	72	90
14	45	3	90	40	55	46	7	22	16
72	60	32	6	74	88	12	47	10	26
59	44	22	51	56	49	78	35	81	14
20	74	90	76	63	84	50	72	32	81
71	51	33	66	50	64	77	73	43	32
90	16	12	59	27	13	7	72	56	8
51	84	44	54	63	2	76	42	29	65
66	48	5	85	19	33	55	83	63	44
42	66	63	2	52	48	68	3	47	40
87	84	42	40	26	31	69	39	72	38
45	28	30	20	49	46	32	12	10	67
75	80	8	17	33	13	63	76	89	15
35	34	12	47	87	17	37	1	24	11
76	18	1	40	45	5	58	22	86	79
48	39	26	51	67	68	30	81	3	2
6	28	38	15	5	46	40	43	33	17
23	83	57	74	42	90	50	68	30	31
1	48	42	78	26	88	45	55	12	29
72	24	57	5	36	6	88	63	78	23
33	44	54	30	4	74	70	5	2	10
5	83	56	18	11	66	44	49	14	29
24	27	88	75	89	26	25	44	17	14
38	41	4	82	66	54	32	73	79	8
10	34	18	11	19	48	90	16	43	4
30	36	4	67	69	21	59	15	3	60
2	82	44	75	84	81	80	10	72	69
3	4	88	27	11	80	83	33	55	37
86	48	34	81	25	64	61	89	82	49
52	28	19	6	21	8	48	86	11	39
42	57	56	79	50	87	19	2	63	10
66	79	44	81	48	46	12	51	17	73
33	57	76	6	52	45	64	50	27	74
31	39	65	23	89	57	19	48	78	71
89	77	60	10	75	7	69	74	78	8
32	73	59	85	44	31	66	63	47	29
42	69	27	30	7	33	10	5	74	43
15	78	19	51	48	32	77	57	1	20
23	89	42	55	88	21	9	15	7	31
50	88	2	68	55	81	75	52	78	36
82	9	90	60	5	79	41	18	14	87
19	85	1	49	39	34	30	83	48	6
24	57	53	62	29	36	78	58	87	89
8	79	5	30	89	55	39	56	20	15
70	78	45	9	8	10	89	20	5	12
23	5	79	72	15	39	71	12	81	42
58	35	54	70	32	18	50	10	42	30
49	32	76	59	9	29	77	35	84	50
58	63	21	76	33	89	51	14	70	17
76	68	34	50	11	4	56	51	47	14
5	50	88	51	14	22	20	26	82	32
30	57	9	68	42	80	31	33	1	12
30	37	20	47	72	10	49	64	52	76
87	46	43	74	11	10	67	73	33	24
86	64	80	17	18	21	59	84	33	28
53	28	31	10	5	63	39	82	76	41
77	7	43	37	33	5	66	6	10	84
60	46	86	40	65	77	75	29	9	39
87	54	35	90	52	19	62	8	31	24
59	65	22	67	78	48	60	55	2	15
76	82	30	85	10	12	6	69	29	19
53	40	15	30	86	21	73	90	48	52
86	63	77	10	38	27	65	42	54	14
51	25	77	63	73	58	29	66	13	47
52	65	40	14	48	23	85	19	29	68
26	83	87	39	3	75	36	18	89	85
54	52	61	8	77	43	51	15	73	44
35	48	54	78	56	16	55	73	29	70
88	22	61	64	50	3	15	8	27	70
74	50	67	25	56	44	76	60	2	51
14	73	65	89	87	9	11	55	57	77
36	13	7	75	9	53	32	10	26	42
54	60	14	49	37	61	78	45	41	52
55	21	76	69	57	35	60	81	4	74
85	35	30	76	7	90	63	61	71	77
5	57	81	10	12	86	6	51	16	55
20	41	37	48	57	17	9	81	78	38
45	77	78	68	2	16	60	53	65	13
73	19	77	22	30	52	76	9	44	36
56	90	77	12	84	73	59	78	46	71
20	39	6	54	65	14	29	61	2	60
90	49	79	86	73	56	21	84	80	83
79	43	90	41	48	25	34	36	53	30
15	21	55	10	43	8	36	14	89	52
57	66	59	77	29	69	55	86	35	39
50	61	68	11	29	67	62	12	13	38
27	1	68	59	9	69	56	25	34	80
12	26	77	60	52	67	47	70	89	44
35	32	15	37	72	64	39	6	59	36
30	47	63	29	58	12	82	15	88	2
63	67	74	89	64	56	85	1	39	18
89	85	50	2	82	64	65	8	66	29
57	42	72	3	45	28	7	38	24	66
80	27	10	21	76	54	1	35	16	73
28	42	49	55	69	38	12	66	72	11
56	27	72	12	35	25	79	75	14	46
37	31	38	10	80	71	9	12	81	13
46	73	22	63	30	88	19	52	18	10
44	62	10	19	72	87	90	58	2	84
68	47	67	78	66	27	46	20	55	73
51	73	12	27	32	38	33	86	81	68
50	26	75	22	70	36	27	29	64	73
20	28	25	14	31	58	18	42	55	15
79	83	31	49	60	23	47	4	82	37
6	35	54	21	24	17	64	49	16	1
32	21	9	66	25	36	13	15	75	86
33	87	53	25	40	23	4	50	28	13
31	20	45	1	78	51	60	70	6	88
69	81	3	27	80	70	7	64	65	75
67	37	59	68	48	36	57	52	80	25
25	2	49	8	36	47	77	51	19	61
45	25	88	87	23	46	90	86	32	60
25	10	78	27	48	84	80	31	87	9
16	82	73	51	52	41	35	39	34	83
35	3	16	21	41	75	60	45	53	82
58	71	37	17	56	46	61	60	63	28
87	7	4	66	49	45	12	39	73	9
16	18	44	12	86	58	59	36	20	14
69	40	37	66	36	39	14	48	5	42
18	86	48	8	61	15	65	25	24	63
12	81	65	74	29	48	24	47	9	3
56	7	83	6	66	78	86	41	30	54
54	49	10	12	16	7	14	53	68	64
52	55	24	26	18	5	78	4	27	67
68	47	53	41	84	19	18	83	44	36
59	19	20	58	88	73	26	82	52	29
29	60	26	3	20	46	59	31	70	85
19	53	27	82	72	67	81	73	33	36
14	15	4	5	32	46	25	16	10	53
88	57	15	80	45	1	24	5	48	46
18	20	57	23	37	84	53	52	31	15
38	21	45	47	17	78	27	61	67	43
30	20	46	79	50	48	29	81	32	33
30	40	38	8	67	86	9	71	24	31
35	69	12	70	45	20	75	90	47	34
39	89	36	18	22	58	70	6	76	69
25	9	78	35	49	2	8	51	53	61
36	3	77	55	10	84	7	81	27	67
50	7	3	22	41	19	85	51	80	43
43	23	73	64	54	46	26	31	84	37
32	68	41	83	2	28	30	56	36	31
65	3	36	73	10	56	89	7	43	38
22	19	32	67	13	7	71	80	57	38
52	58	40	42	83	49	82	78	2	80
42	26	5	77	67	56	34	69	65	60
38	24	1	30	83	49	12	33	11	25
46	16	47	43	12	58	75	21	4	2
7	87	51	35	32	57	55	80	81	44
21	26	86	45	50	6	55	87	42	52
11	69	74	22	13	4	56	88	39	81
80	47	37	39	63	20	82	53	33	72
63	35	14	7	6	52	62	1	36	15
61	32	73	67	17	60	7	16	19	24
50	32	78	29	63	27	82	14	70	81
86	46	82	25	5	71	65	73	59	80
88	83	36	53	20	74	11	68	24	76
85	38	58	87	2	83	49	59	52	86
15	58	35	76	12	55	50	81	59	14
71	77	82	1	78	72	67	87	48	42
55	75	60	37	84	64	28	7	76	11
48	31	9	66	17	38	8	63	41	28
65	86	76	45	58	72	11	42	73	66
57	40	31	32	18	81	26	30	88	64
84	81	68	43	41	77	9	90	38	26
6	73	33	67	66	63	78	70	83	58
49	19	63	52	87	6	86	62	21	26
41	86	43	6	39	35	20	10	22	19
31	35	71	1	27	69	57	58	85	6
35	33	86	46	56	29	37	24	21	67
63	44	64	58	77	81	39	8	53	89
65	87	14	57	54	40	83	35	17	56
37	4	45	36	59	21	40	15	41	32
84	38	6	70	45	54	39	62	47	7
50	57	26	9	82	30	18	87	52	75
54	60	48	36	2	18	56	89	26	7
36	67	64	52	44	26	79	53	43	61
90	41	47	38	59	40	28	19	60	8
30	70	5	22	8	75	23	49	28	80
28	25	1	58	89	88	49	76	27	35
22	87	26	60	58	17	52	54	33	34
42	3	14	72	5	24	11	70	80	36
71	73	37	29	19	41	77	80	74	13
55	30	4	15	51	22	78	58	86	84
11	81	64	18	14	5	71	8	50	9
36	50	86	88	27	78	43	61	54	21
63	73	55	86	6	20	44	35	30	76
37	13	33	30	51	36	59	53	17	45
14	44	13	82	70	38	84	61	86	53
54	74	44	75	37	12	86	5	10	38
64	7	67	89	40	90	70	83	71	54
26	60	54	6	75	67	23	50	65	36
22	77	51	54	48	90	86	74	84	41
55	62	59	65	1	22	61	16	90	72
45	24	64	33	37	71	1	18	20	76
86	75	50	13	63	8	77	34	30	69
73	41	66	16	36	13	70	60	9	46
57	37	62	33	76	73	24	84	28	43
7	14	71	37	78	35	42	84	65	8
72	86	57	54	16	65	27	75	89	58
60	72	52	7	59	89	48	25	13	76
23	51	31	67	45	72	82	79	43	32
26	63	49	64	56	80	79	25	58	66
63	42	48	1	76	81	39	71	66	40
27	65	5	39	38	78	90	43	58	6
6	23	75	60	54	49	33	7	46	19
9	46	56	10	43	90	51	34	4	73
16	82	21	22	76	86	87	29	62	48
2	70	3	81	87	64	7	89	26	30
72	54	89	22	48	58	88	86	13	44
18	40	12	79	25	14	53	58	70	22
31	44	49	76	67	42	55	6	57	74
51	43	63	37	88	39	73	32	67	34
47	86	78	46	28	84	52	2	56	62
19	58	56	2	10	31	34	53	27	73
40	47	3	38	59	21	77	66	64	58
6	87	39	64	1	5	31	85	55	52
6	2	23	10	68	56	87	88	78	41
62	4	53	46	6	33	1	32	27	52
77	15	62	28	18	55	26	82	10	74
51	52	13	75	76	11	27	58	46	33
22	80	38	54	43	70	61	40	27	87
6	87	60	76	36	64	75	26	58	89
19	70	67	9	89	46	15	24	30	61
74	76	13	18	8	4	60	67	33	37
63	30	48	39	20	22	1	29	61	77
76	64	90	40	9	57	29	43	19	35
21	14	79	48	19	12	42	84	68	65
15	17	19	9	6	10	7	86	25	11
38	15	37	7	23	13	11	27	9	87
1	11	16	48	47	9	29	85	8	6
17	39	69	63	30	27	82	44	7	76
10	30	6	43	44	63	33	85	1	36
47	62	3	30	75	77	11	61	81	82
37	20	7	55	62	38	49	30	23	69
38	88	29	62	89	13	81	77	10	90
31	33	79	25	19	5	60	82	4	72
38	52	13	86	59	16	43	23	17	51
51	14	15	39	59	48	13	50	90	29
87	1	6	60	85	90	17	21	18	44
19	61	71	25	80	52	70	69	38	45
49	12	51	9	87	8	40	53	35	54
2	46	78	67	3	23	44	82	64	15
55	27	11	35	87	58	70	36	56	79
5	28	35	37	21	2	9	38	40	56
40	80	12	13	55	85	19	31	56	65
58	67	27	31	57	85	36	73	51	71
8	83	57	21	29	78	51	89	15	90
85	11	62	39	29	42	58	82	83	2
73	78	53	9	11	14	75	69	1	37
35	57	59	80	28	89	36	18	5	49
88	83	33	12	75	71	68	80	26	73
8	33	55	1	62	65	27	41	12	3
68	19	29	41	35	46	40	30	65	31
12	88	3	39	66	14	41	19	86	16
53	73	58	89	71	2	62	74	11	52
44	37	79	70	49	29	33	32	27	77
48	3	35	51	6	56	10	53	43	71
14	29	53	47	55	69	80	66	31	81
69	15	68	45	23	10	38	25	40	26
21	74	10	82	65	85	27	59	73	5
13	50	79	16	90	61	67	14	89	44
64	46	49	35	77	57	67	72	48	4
73	27	77	55	31	35	11	65	58	25
19	41	36	89	54	61	10	40	49	85
18	51	16	58	63	89	61	88	82	17
38	88	68	55	39	76	64	44	78	72
19	32	56	25	26	82	12	44	4	37
79	69	34	27	31	39	15	88	60	20
66	49	19	30	68	22	67	70	62	61
28	11	72	14	78	87	79	31	63	55
34	51	16	47	86	55	2	24	74	64
2	10	62	61	1	19	50	66	16	41
11	55	53	46	72	3	4	61	8	29
16	69	51	15	48	36	55	34	65	80
7	37	63	44	89	82	86	39	84	53
33	61	71	44	80	88	8	83	62	40
30	82	41	43	40	47	24	71	29	54
82	5	57	73	34	21	15	49	68	89
79	33	22	69	48	83	47	82	73	75
17	54	58	36	44	8	49	55	28	72
58	14	1	69	37	59	28	76	81	84
23	65	58	19	12	41	50	9	10	2
15	75	44	6	68	54	24	43	32	11
83	60	14	24	13	23	22	6	89	77
29	80	60	36	67	51	37	55	12	44
5	27	1	50	60	15	26	44	84	47
81	83	71	88	3	53	42	9	37	36
84	50	78	69	57	38	53	52	10	48
50	59	19	52	76	9	40	47	68	84
57	63	47	13	74	23	11	39	51	3
43	3	14	4	90	64	36	13	65	23
58	50	47	48	45	54	90	1	57	44
14	7	18	64	49	15	72	45	44	8
87	31	64	59	88	53	69	12	79	18
26	90	1	14	84	70	10	47	74	61
32	89	33	52	35	1	86	12	79	73
8	29	82	42	49	35	40	22	1	77
39	20	55	10	58	86	87	17	9	18
25	35	42	66	31	80	3	52	65	57
3	70	46	26	82	44	79	83	35	2
88	70	51	25	39	7	71	64	65	14
57	74	53	58	90	5	86	38	9	27
70	28	26	76	30	90	18	73	20	12
70	51	88	49	59	29	12	40	67	20
23	22	38	13	2	80	70	40	18	49
79	38	86	18	12	83	88	21	60	14
86	52	71	41	79	56	44	20	6	61
71	80	37	3	53	13	52	33	9	87
46	78	36	80	16	4	55	7	57	50
15	16	58	28	63	36	24	30	53	48
43	55	82	15	86	88	60	36	6	77
82	52	55	32	5	68	73	33	77	14
61	42	80	57	83	40	7	86	88	64
46	65	49	58	26	47	80	27	86	19
24	65	70	14	64	46	23	89	51	36
1	32	10	23	20	86	26	77	78	5
56	75	49	55	76	82	26	45	84	80
14	49	25	11	79	51	57	15	63	84
2	1	36	44	48	39	68	49	17	40
82	12	48	87	78	86	66	43	46	14
32	89	50	38	83	86	46	2	52	27
87	54	47	58	31	79	67	11	44	5
85	90	46	16	84	75	43	50	20	12
11	30	56	89	65	23	16	4	86	10
89	58	47	33	16	20	76	3	23	9
33	51	58	41	49	52	54	12	71	7
90	59	67	30	71	33	29	4	41	17
11	87	69	81	23	60	52	31	14	88
53	76	44	67	64	47	24	35	46	18
33	63	54	57	79	6	32	67	69	46
67	20	57	6	61	27	73	5	35	33
36	73	83	14	63	13	90	64	72	88
52	4	9	45	42	83	1	64	5	53
50	44	70	80	1	84	18	23	61	43
90	81	66	15	24	35	1	30	61	49
37	89	20	25	66	23	62	15	65	38
13	58	51	63	62	23	66	47	25	40
67	1	53	36	79	57	8	45	6	78
22	90	48	26	6	31	9	30	58	20
45	75	37	31	21	25	80	40	4	76
15	34	30	80	4	39	9	43	54	7
21	71	27	80	39	29	19	43	62	25
28	39	90	72	41	56	46	77	24	62
74	75	6	13	85	53	90	43	20	48
86	12	48	7	66	10	49	72	77	50
79	52	85	87	77	39	65	28	84	42
38	77	72	86	17	66	12	73	45	44
13	18	16	51	63	2	8	85	42	9
18	21	78	41	79	57	50	5	43	61
90	72	28	55	38	65	23	42	87	15
64	89	57	79	58	43	71	42	47	87
7	65	41	48	54	89	61	73	14	57
58	23	64	21	76	14	12	85	38	48
68	18	40	43	45	63	20	72	55	35
13	73	81	33	8	53	5	37	46	17
16	57	13	8	90	76	45	4	63	65
79	65	2	67	50	39	25	71	7	55
56	61	60	51	15	24	10	70	65	63
56	5	57	18	73	90	64	46	66	47
53	3	56	28	16	67	84	5	37	11
67	53	82	51	18	65	61	52	78	43
10	43	59	21	61	86	71	56	58	27
3	43	21	8	55	36	54	11	86	84
76	1	21	90	35	47	34	83	66	5
28	10	33	42	20	14	61	3	23	32
9	34	21	35	59	83	62	37	12	41
20	28	44	61	83	80	62	30	2	53
8	90	65	71	72	79	51	25	44	87
39	75	67	27	35	65	30	69	4	22
52	8	88	19	15	57	48	53	24	49
77	45	66	9	65	29	68	19	70	46
11	9	6	17	81	39	61	74	58	20
17	19	78	72	26	22	4	56	28	32
19	90	80	16	57	79	10	36	43	2
11	20	35	8	89	75	47	15	22	59
58	62	28	16	53	83	10	89	45	73
37	16	29	10	45	1	63	2	75	86
21	38	79	70	51	17	86	11	19	16
17	53	15	59	64	7	28	33	70	26
25	81	32	64	52	36	49	7	46	80
18	7	62	40	60	85	45	11	19	50
40	48	49	36	57	81	71	51	41	44
83	86	3	2	18	75	14	53	34	60
83	20	5	15	10	72	87	68	76	51
69	26	19	40	30	57	58	35	27	1
72	66	7	50	33	74	2	48	45	76
76	46	23	1	12	89	52	18	30	62
35	62	55	54	83	90	37	25	63	79
89	19	17	84	88	32	31	11	73	28
67	17	86	41	35	56	20	32	15	19
9	32	17	54	10	84	85	23	57	16
60	29	55	34	11	2	49	38	44	69
24	26	37	75	22	76	23	60	41	11
81	60	41	45	58	53	86	10	75	9
5	56	75	43	40	17	86	83	25	53
17	26	60	20	19	67	30	13	90	85
57	5	50	22	79	7	84	24	75	17
20	6	14	54	1	64	15	61	10	53
90	3	81	4	40	82	78	34	83	62
30	12	76	41	69	4	19	86	45	44
68	33	18	11	19	13	73	55	60	8
45	12	18	73	82	1	23	72	50	28
7	87	5	17	20	37	10	72	1	14
13	27	57	18	70	34	85	79	49	50
17	53	19	15	2	26	40	5	69	63
81	74	6	82	59	30	46	9	42	64
45	50	38	4	56	11	8	19	63	79
31	51	44	90	75	13	50	32	64	47
69	6	9	12	57	18	65	17	51	79
22	37	38	40	65	62	21	81	35	34
57	39	10	53	1	61	64	76	7	84
29	25	9	59	53	75	48	58	38	76
76	45	39	48	13	31	8	75	51	87
32	3	90	30	66	85	6	25	81	44
83	68	65	55	85	21	57	19	26	9
56	70	55	82	64	73	18	25	39	57
83	44	35	65	70	29	66	7	47	84
33	77	14	59	34	65	88	23	26	19
25	8	14	78	31	69	79	53	26	46
54	59	32	35	24	68	77	1	52	88
24	89	90	33	26	23	34	82	10	19
34	54	30	37	49	80	78	62	72	24
61	89	47	13	36	68	4	46	51	85
15	27	1	23	45	39	56	72	71	79
27	57	62	7	86	40	41	49	31	3
36	48	42	28	27	51	17	84	43	82
53	7	58	49	23	24	90	25	12	19
65	90	43	20	68	13	46	53	16	17
79	3	39	43	14	30	74	52	8	29
42	86	59	55	11	28	49	27	32	34
81	13	14	79	10	71	4	27	73	83
57	70	49	46	35	12	19	4	21	37
2	40	47	17	31	58	64	12	68	65
14	21	3	24	62	19	63	45	55	49
77	79	49	41	10	70	6	9	32	5
49	81	53	45	46	65	33	19	87	3
90	51	13	48	57	80	68	65	82	2
86	56	27	24	74	35	54	36	41	66
51	56	35	69	73	63	26	78	84	37
28	44	16	13	77	67	29	76	2	41
28	24	52	78	84	9	45	15	33	66
16	39	10	5	90	51	79	42	36	49
41	45	63	3	20	47	35	44	4	26
83	29	22	71	61	68	63	28	73	7
77	36	79	70	61	90	39	25	35	57
54	60	57	85	27	24	15	31	38	14
69	4	51	24	77	74	65	29	46	67
88	15	8	55	90	58	28	49	74	42
40	24	4	80	41	63	69	11	23	44
82	60	4	47	52	86	88	59	13	24
10	40	83	78	61	86	38	25	42	23
48	72	25	41	23	55	83	52	70	89
12	63	87	55	65	41	3	58	40	74
40	21	50	73	16	8	65	31	24	41
57	30	22	82	63	58	28	1	5	73
9	65	33	15	25	74	3	62	12	79
85	20	71	56	51	24	16	42	33	18
66	8	32	43	67	88	26	85	81	44
36	64	38	21	62	6	42	31	58	50
18	13	76	36	47	34	8	63	20	15
11	76	83	2	77	57	71	87	78	85
74	68	81	44	35	31	72	39	33	40
85	59	3	51	20	48	35	30	79	86
28	65	57	55	54	86	63	37	32	61
37	36	7	42	73	72	32	25	69	40
30	38	24	2	84	90	13	4	85	62
51	29	18	46	14	58	85	5	50	88
29	23	34	19	25	44	82	43	62	80
4	47	41	77	23	80	14	9	82	53
26	10	2	78	40	21	69	17	82	50
56	76	30	38	33	40	80	83	25	35
70	58	11	44	45	19	68	43	28	53
13	36	47	63	61	32	81	74	57	11
57	38	17	23	69	46	16	82	40	6
57	4	59	11	89	53	42	80	67	79
56	32	44	46	16	66	41	58	33	79
71	39	58	21	13	23	1	16	40	26
23	60	37	30	14	58	43	11	32	55
44	25	12	18	31	19	8	50	13	33
30	66	62	32	56	67	22	54	18	83
35	87	39	67	42	17	90	69	43	13
20	79	72	35	28	70	9	81	5	83
6	53	75	41	7	22	32	24	36	57
58	71	77	8	55	63	47	45	68	54
78	73	10	17	22	46	68	74	70	19
35	87	67	79	88	38	74	50	29	54
12	67	88	56	51	39	54	66	83	63
80	14	83	69	10	71	53	12	22	42
81	51	2	88	31	24	53	25	35	1
27	2	74	37	6	43	36	19	69	46
5	39	73	43	64	90	51	55	16	61
51	23	87	45	69	89	8	6	81	40
77	33	34	3	7	52	22	84	20	39
29	11	2	8	65	6	23	61	16	19
42	54	1	25	5	65	34	16	7	46
56	10	32	33	44	43	23	60	76	69
7	55	61	26	10	68	90	16	83	23
41	35	89	5	44	34	8	42	33	76
61	46	14	13	44	80	41	83	4	49
56	88	67	8	61	35	60	79	34	45
57	7	84	51	8	38	39	13	30	85
54	42	66	31	74	81	88	24	70	50
47	87	54	20	49	18	64	25	9	14
56	11	55	51	38	45	25	23	78	52
36	20	37	27	76	1	7	44	50	87
60	47	63	8	15	32	34	4	68	85
90	8	83	9	62	27	61	48	18	46
85	49	76	86	29	67	83	3	63	56
13	78	47	72	6	40	3	41	44	10
62	38	88	54	46	9	44	42	2	28
72	59	82	64	48	42	55	31	58	1
63	88	7	89	85	71	48	52	54	86
45	9	40	21	67	62	48	54	52	49
3	31	44	5	43	72	45	50	76	10
83	39	34	59	17	38	68	51	65	5
44	48	3	24	26	69	90	88	53	19
7	52	67	24	45	18	64	80	78	79
14	43	83	58	75	18	89	4	28	26
24	47	38	35	72	7	1	66	40	43
9	40	75	24	11	8	78	14	76	65
9	1	72	46	39	62	41	33	71	53
41	50	37	4	51	55	59	1	68	71
72	78	49	58	19	90	75	32	64	74
89	37	72	53	56	20	70	84	13	44
83	34	10	63	90	18	17	64	72	69
76	70	18	34	43	36	24	45	33	29
15	54	85	80	26	21	81	46	57	55
44	80	36	57	81	28	29	90	86	20
8	86	4	84	51	66	13	2	39	58
58	2	36	80	81	44	33	85	52	65
26	64	30	14	48	65	17	75	60	51
72	43	51	60	1	74	25	35	22	71
8	67	23	49	51	61	30	42	26	64
90	76	61	32	27	1	31	18	39	89
41	13	40	1	31	50	57	11	58	55
14	40	15	73	49	47	43	54	4	62
35	51	20	57	44	24	17	23	43	22
35	12	87	88	4	26	3	37	23	50
3	14	47	5	27	57	52	20	36	77
21	16	58	64	10	20	6	26	59	54
9	69	8	6	28	44	3	4	41	23
54	48	45	49	61	36	85	40	89	16
35	81	42	55	23	34	18	36	50	30
69	29	62	72	32	60	17	35	16	48
11	25	38	89	57	39	5	56	34	27
7	41	5	37	83	69	25	54	53	31
83	18	20	60	88	75	86	39	90	76
45	1	81	53	7	73	17	86	30	8
70	63	6	31	46	23	10	88	47	69
64	7	76	53	2	50	1	6	29	80
58	76	36	69	65	72	29	19	55	51
26	28	15	36	31	9	18	52	3	62
40	22	73	37	53	62	25	8	32	52
60	67	78	43	9	66	17	38	39	85
86	76	77	74	3	70	14	1	31	6
62	44	57	46	53	65	56	64	28	42
40	62	85	22	43	11	80	84	38	12
32	68	69	76	28	80	88	40	50	26
82	49	28	76	64	68	72	60	25	10
86	67	2	88	27	85	24	53	58	5
19	38	23	79	66	73	71	1	27	72
70	62	14	4	78	72	8	73	60	34
12	22	50	44	57	45	37	55	86	26
47	45	58	88	82	67	10	28	32	87
32	2	7	80	16	21	14	26	10	6
4	1	16	3	62	72	48	50	21	53
51	10	40	71	34	13	21	26	57	84
66	47	10	35	52	61	29	72	32	27
26	85	44	38	3	29	27	73	83	13
65	36	75	30	19	50	46	10	87	35
2	69	19	83	90	5	15	68	63	89
53	23	16	87	89	76	80	8	65	22
15	69	20	24	18	52	59	1	27	39
90	16	89	67	22	15	17	27	31	58
59	7	80	71	85	54	64	22	13	36
40	88	1	36	89	41	42	84	67	72
14	55	47	23	43	85	73	8	49	19
29	63	23	12	89	41	28	42	26	58
87	29	70	66	61	73	36	38	12	48
86	13	72	60	3	44	45	79	59	41
5	71	65	2	19	11	10	59	37	68
62	42	7	88	66	87	15	30	20	28
55	69	81	49	12	66	35	82	57	47
68	31	63	87	36	18	82	6	46	67
62	20	19	61	4	53	75	12	72	29
5	80	59	69	41	67	55	16	13	17
37	77	18	5	86	8	13	90	17	34
4	7	27	76	47	22	6	70	52	85
12	47	14	69	50	46	87	83	40	15
44	68	90	64	66	87	50	58	55	3
89	27	12	49	40	71	46	75	41	82
46	10	2	3	41	60	55	68	74	24
84	39	76	1	49	50	22	12	52	28
40	20	6	52	76	86	25	45	84	74
73	57	70	2	47	74	3	71	75	86
69	77	35	76	5	57	79	34	85	31
48	13	60	24	6	20	59	31	63	67
17	90	48	84	41	77	13	86	21	36
46	6	15	64	85	82	68	43	42	59
78	41	65	50	54	67	2	73	18	23
52	70	30	42	29	56	20	41	34	28
82	10	3	59	61	12	17	89	66	25
79	63	7	89	88	28	19	3	76	77
50	21	79	84	77	23	62	1	35	24
31	4	5	29	68	85	6	2	84	27
46	36	19	45	71	12	48	86	82	20
61	54	74	35	19	82	8	24	38	49
9	37	60	8	68	1	41	14	50	46
1	37	58	20	42	78	90	40	21	6
84	9	1	7	57	76	36	65	23	50
9	26	11	2	72	22	74	19	25	52
71	2	90	58	25	15	49	56	64	46
24	39	73	21	20	29	90	79	28	57
89	13	66	56	71	64	85	6	62	55
52	61	44	80	34	25	78	22	54	14
5	44	72	67	14	12	39	74	33	24
28	86	58	32	55	41	75	61	53	46
63	61	54	53	60	59	50	77	26	35
1	16	64	51	90	88	63	23	70	30
44	72	67	63	35	15	45	76	7	34
8	9	84	45	5	63	70	48	27	33
33	16	65	56	69	61	82	84	58	85
16	19	38	31	69	22	88	28	5	1
41	76	44	64	14	60	89	50	3	83
43	25	66	54	13	48	71	42	40	85
55	85	44	10	83	51	25	40	34	45
49	24	74	72	80	90	23	19	25	12
83	17	6	19	18	11	74	39	73	30
80	85	59	54	42	3	11	51	77	82
52	77	85	2	72	69	22	66	88	24
71	13	27	86	14	12	57	38	2	10
75	63	29	32	34	70	54	84	89	52
47	18	12	41	48	10	87	90	23	88
26	6	36	44	59	15	88	73	13	39
84	53	8	18	85	66	78	4	57	35
65	89	70	84	12	54	34	42	19	38
41	64	88	28	51	22	65	86	78	66
41	43	26	52	61	14	19	76	55	23
56	73	19	8	9	63	32	21	20	12
85	48	54	42	6	26	75	37	43	86
47	62	68	12	23	1	22	89	48	34
7	41	44	75	31	12	34	71	73	19
48	84	43	1	54	58	36	24	71	38
77	32	87	74	5	44	52	30	2	37
65	53	34	85	76	67	74	57	19	83
52	63	81	32	68	3	54	65	12	34
54	35	19	73	43	71	23	4	13	62
9	17	33	65	88	62	5	55	3	59
44	6	89	71	52	1	70	48	62	31
71	42	59	12	10	27	52	90	34	4
46	13	67	73	26	58	34	71	16	11
3	42	8	4	23	2	9	82	41	53
67	49	36	31	44	61	9	13	32	85
88	36	69	43	67	32	33	79	2	21
19	21	66	80	71	4	34	84	90	28
42	26	10	60	68	29	47	24	22	67
78	2	3	32	49	47	37	64	58	1
2	50	27	67	29	53	68	7	37	80
59	28	27	81	4	52	30	80	51	72
81	20	72	59	37	38	5	49	52	50
9	62	38	46	63	73	82	12	43	83
71	67	84	39	1	77	70	55	30	54
46	13	63	9	7	30	85	2	34	39
38	89	57	43	27	76	66	68	78	32
7	36	19	81	13	46	87	65	76	15
11	4	17	62	57	46	31	33	64	61
83	40	29	48	39	77	35	34	19	26
53	75	32	33	66	1	39	87	70	89
74	33	3	10	68	38	41	57	26	15
11	19	83	68	1	6	18	24	63	20
89	79	25	17	54	49	14	18	73	23
29	81	41	49	89	12	50	23	14	54
90	68	69	70	47	29	19	66	77	57
67	65	77	1	31	84	29	90	24	68
19	71	20	83	11	72	61	40	64	78
6	84	34	10	76	57	50	3	51	2
30	10	14	32	69	77	87	61	66	74
24	11	22	66	39	56	13	53	55	12
61	66	12	21	37	42	79	30	33	41
19	4	1	5	62	82	85	47	17	74
85	62	37	78	58	11	54	41	67	28
82	17	5	86	58	43	1	35	39	90
16	86	43	82	7	19	27	41	4	25
83	54	32	6	26	16	50	85	46	63
4	81	51	21	77	49	46	40	88	89
48	40	7	30	77	80	88	39	54	46
56	8	7	90	11	59	84	62	34	51
1	20	77	52	44	75	11	19	76	4
80	53	17	23	74	50	60	33	45	38
60	37	81	29	2	19	16	5	50	28
17	46	84	80	88	31	44	41	47	29
50	36	12	89	14	10	55	75	1	62
65	4	88	40	18	10	31	7	6	30
44	72	57	33	28	24	10	21	6	14
76	89	22	75	66	23	43	51	58	5
65	15	63	59	34	30	47	31	54	36
68	65	14	3	57	59	61	7	90	36
36	34	33	11	23	31	43	54	61	74
46	65	55	43	45	54	29	19	90	12
39	74	58	3	86	51	6	38	59	81
84	49	59	39	72	60	78	34	90	40
66	30	34	57	87	79	46	80	13	45
46	79	32	36	82	73	84	85	9	74
1	29	6	59	63	41	10	69	3	19
42	89	82	80	53	60	54	46	86	17
50	41	7	66	90	83	60	48	33	70
22	8	6	58	86	42	16	10	38	28
45	73	32	33	40	62	16	36	56	28
49	7	66	26	69	59	32	51	4	68
59	43	22	26	82	37	63	90	76	52
22	37	59	40	41	11	33	71	46	6
39	26	12	29	65	73	60	41	11	8
39	63	26	2	25	5	44	16	87	62
17	90	75	12	7	81	47	27	18	33
10	16	5	64	32	63	72	70	90	23
40	63	71	87	32	70	26	61	90	69
60	32	57	10	2	81	84	37	58	34
24	5	83	1	61	87	72	11	50	8
7	31	78	5	32	76	17	88	60	55
72	73	48	79	59	5	80	69	37	66
1	62	47	61	33	26	63	34	74	65
61	60	75	3	51	7	64	85	77	6
31	6	87	73	90	32	81	69	28	55
63	5	88	28	43	34	4	22	41	85
72	33	86	18	79	14	5	3	62	27
37	49	44	47	57	3	85	1	18	56
10	42	23	30	52	18	38	24	37	77
65	74	25	47	5	85	31	81	71	18
77	72	10	71	34	64	69	56	8	90
9	44	11	29	40	33	43	53	37	71
13	4	19	14	42	12	60	57	15	17
27	19	65	49	57	75	24	31	90	32
61	44	74	66	72	34	42	55	57	64
73	25	56	88	41	48	11	52	22	60
14	53	55	67	45	41	63	36	2	37
76	72	36	10	22	83	37	46	57	2
62	81	13	64	80	61	15	75	78	23
32	82	40	20	33	75	48	3	25	10
85	81	40	42	71	11	89	44	12	53
53	90	32	46	86	88	11	70	27	30
69	58	16	30	22	78	81	84	32	17
5	66	39	42	22	4	60	71	33	76
88	73	36	52	64	85	5	12	77	48
80	7	74	56	67	50	14	89	32	63
55	80	83	65	3	12	72	52	48	30
5	16	35	8	20	76	52	58	51	2
39	64	3	41	52	55	37	7	82	58
59	54	14	9	81	39	58	82	5	11
44	36	34	32	58	71	37	49	77	85
3	17	57	43	61	5	50	71	66	54
16	71	64	3	85	45	28	88	66	58
35	15	7	79	40	42	17	61	31	49
80	75	71	13	18	16	46	20	38	57
83	53	82	8	3	46	73	89	39	14
54	32	19	86	17	29	16	62	47	45
25	15	67	38	57	85	40	86	24	80
79	2	72	17	27	63	3	55	87	26
61	4	63	7	83	71	11	90	17	21
64	60	83	20	19	89	76	41	75	13
57	10	89	18	88	38	2	25	80	40
70	75	69	36	89	46	23	39	52	13
53	58	10	77	1	59	15	79	60	13
63	17	45	30	20	72	42	77	51	3
65	79	30	7	6	64	71	17	2	13
76	84	90	14	68	89	2	3	70	19
65	15	83	54	81	85	16	75	31	82
46	36	6	4	18	26	27	9	44	71
47	68	77	29	54	1	28	76	75	10
13	6	17	43	12	74	63	4	31	3
84	79	40	16	89	70	14	8	15	49
76	74	23	55	24	10	65	90	12	70
36	2	85	66	87	63	9	78	70	30
61	66	6	38	18	12	46	81	17	54
46	58	71	13	60	16	31	14	20	73
27	14	4	42	31	26	13	43	30	49
10	74	32	58	78	42	73	75	72	89
33	46	25	38	84	74	41	54	81	19
78	6	48	68	45	21	40	29	79	51
22	2	70	67	4	66	73	37	54	55
43	32	87	55	13	83	60	24	25	42
4	89	58	73	62	46	74	6	36	81
76	72	42	77	40	90	59	61	29	70
41	83	70	44	53	6	36	19	90	56
82	9	73	54	34	66	18	39	10	47
56	24	60	30	87	18	68	20	8	1
67	57	23	73	37	14	52	56	6	15
81	59	62	20	74	33	17	4	70	73
35	11	70	13	71	74	64	29	28	77
82	76	22	44	27	21	68	31	89	25
2	36	50	21	39	69	60	78	49	29
42	38	83	70	27	56	41	31	25	44
38	87	88	13	86	6	39	78	11	19
61	77	84	47	2	72	31	11	70	29
45	48	44	8	47	23	31	42	82	62
77	6	52	69	20	88	28	57	27	85
68	80	81	23	87	63	74	65	16	24
77	71	56	48	69	44	37	5	45	14
4	6	88	23	30	72	52	50	53	66
32	22	5	63	41	82	24	6	64	36
46	26	39	34	79	23	11	25	6	78
16	84	18	19	36	14	61	4	74	23
34	38	16	36	54	24	22	65	40	73
59	15	45	20	54	23	57	4	62	60
64	50	18	10	2	4	41	31	45	28
4	10	34	23	85	71	72	15	90	39
64	2	34	83	50	86	26	1	66	32
37	11	27	57	81	64	83	38	17	49
70	85	9	22	27	72	62	35	75	71
47	60	15	78	56	37	48	73	88	36
3	89	27	41	1	13	43	76	65	31
84	75	77	35	41	68	14	27	31	17
85	40	51	26	2	74	37	50	38	53
60	29	16	36	47	13	74	79	88	10
36	27	44	59	74	49	56	38	47	62
69	11	57	1	15	58	48	21	51	37
3	24	75	50	89	8	14	60	77	22
25	35	38	23	31	58	79	29	16	59
25	45	28	3	22	7	57	37	39	78
12	48	63	30	25	75	35	21	76	13
55	1	67	50	60	80	76	3	6	52
38	30	3	65	34	66	37	1	80	86
81	82	46	58	1	84	78	80	15	11
90	68	64	79	42	76	50	67	47	83
34	90	49	39	10	32	70	80	57	21
84	31	52	36	60	75	73	71	5	4
16	87	68	76	51	48	23	75	63	21
47	23	54	15	11	66	22	62	76	30
79	52	22	49	82	90	74	10	53	55
68	51	3	54	37	70	71	50	76	72
90	25	48	40	51	76	10	43	63	39
54	11	49	20	34	23	88	31	28	32
42	60	48	32	78	84	57	77	43	17
58	80	50	90	42	65	14	38	48	17
73	53	45	81	50	4	85	32	65	57
39	15	5	11	84	78	8	2	44	80
79	45	87	52	44	53	29	56	84	76
26	23	61	76	32	39	35	62	81	15
61	8	78	51	64	1	66	44	68	41
47	62	66	71	28	40	23	2	69	43
25	22	56	36	70	4	13	12	59	90
1	70	24	60	14	36	35	41	67	39
22	17	27	63	59	51	79	47	57	80
53	14	25	76	26	87	40	8	85	19
74	12	84	42	48	90	38	54	32	72
75	68	74	41	57	17	47	35	7	10
13	90	15	47	64	24	41	37	6	75
53	68	25	79	12	10	8	16	81	90
23	39	63	4	84	35	18	87	14	20
29	43	62	21	46	54	9	83	51	69
62	19	57	7	73	16	63	53	77	3
62	24	63	16	48	83	17	47	37	90
33	60	71	75	31	72	16	1	47	28
2	69	32	9	30	45	13	82	23	63
76	17	86	37	79	33	20	90	55	14
88	67	36	23	82	85	61	78	46	70
16	67	15	38	71	44	17	72	14	6
2	29	58	52	28	15	62	65	3	16
45	12	18	65	77	16	40	67	70	39
61	5	79	78	7	20	16	36	69	8
47	38	22	25	78	31	43	80	41	87
86	56	35	6	62	61	25	54	16	36
70	60	13	17	84	82	35	18	30	62
32	68	52	18	10	63	13	57	87	80
7	54	57	52	10	55	85	32	20	30
73	41	18	76	33	62	59	16	65	52
39	78	12	40	14	3	28	86	25	8
75	55	2	41	85	6	87	47	34	62
57	73	85	84	71	39	18	34	3	90
51	26	60	66	8	35	65	34	5	80
15	61	38	6	46	66	21	25	89	4
25	17	19	72	63	22	11	35	37	13
61	88	15	32	35	60	84	87	21	20
45	60	26	64	50	68	19	22	74	66
62	39	26	63	21	43	85	75	73	69
65	81	79	89	1	86	80	42	5	36
1	32	19	45	89	38	71	77	86	21
17	3	13	54	89	62	70	68	37	21
88	50	65	46	35	33	29	24	9	74
50	57	40	26	15	55	42	45	17	67
70	57	34	20	59	5	21	90	72	10
28	55	83	82	24	43	44	88	81	62
63	33	71	81	37	40	62	26	2	89
21	15	51	53	65	79	82	17	24	6
57	10	79	73	65	33	84	25	80	90
69	79	71	89	13	12	16	20	67	61
36	45	49	4	24	41	71	83	7	62
23	53	21	29	35	32	27	44	18	68
67	34	83	29	6	60	45	57	70	23
2	17	35	47	76	62	48	32	34	21
77	27	46	61	36	34	75	8	9	28
71	14	62	32	40	20	51	72	11	9
37	79	12	38	63	80	5	35	69	14
30	1	65	36	62	40	58	88	78	69
68	36	13	74	38	70	64	23	75	71
25	57	24	84	74	30	81	34	37	43
60	66	15	6	5	37	1	2	4	71
50	25	17	33	53	14	60	88	65	66
12	86	17	39	25	34	23	46	54	30
17	61	51	84	42	67	7	58	78	12
26	66	79	41	34	47	16	36	88	27
54	19	33	85	63	66	2	76	23	25
33	71	42	15	14	69	37	50	89	19
17	19	18	60	76	43	70	79	38	46
41	79	69	26	31	90	34	75	55	64
46	47	88	8	83	39	35	12	64	80
17	64	36	56	52	86	55	40	51	33
54	66	1	48	79	33	43	90	16	13
12	55	31	51	64	50	45	60	30	28
71	48	66	80	10	73	68	53	39	50
41	62	30	66	22	11	65	39	80	8
42	13	87	56	46	11	3	27	24	47
57	50	24	5	62	32	55	79	36	29
53	54	63	48	5	57	61	13	33	39
68	2	52	18	83	76	74	31	44	48
13	33	57	37	34	90	89	59	50	35
42	1	76	75	36	16	33	46	30	7
42	29	51	13	22	3	58	82	39	23
46	54	63	59	90	41	72	30	17	60
35	6	54	24	11	51	85	4	77	53
13	18	32	9	58	16	65	22	7	78
33	22	54	39	8	67	58	4	43	75
49	44	8	55	66	4	39	72	75	82
30	43	61	7	74	73	27	42	32	48
85	41	34	2	36	80	68	43	74	38
44	45	65	55	30	2	84	37	1	86
5	10	19	4	18	76	40	38	65	84
81	53	33	69	6	37	40	4	15	68
77	7	2	8	16	68	47	72	66	50
66	83	31	49	82	38	9	5	56	33
89	82	60	20	54	84	30	38	28	51
68	86	8	64	45	43	4	13	78	29
34	42	3	65	79	49	10	62	66	13
10	38	26	4	72	16	76	66	68	62
79	20	51	1	62	10	86	11	75	54
90	19	43	3	28	32	6	42	7	23
78	57	70	40	16	84	23	89	8	58
78	27	88	58	67	63	54	4	36	13
25	37	45	54	18	56	29	38	32	84
64	37	6	61	1	90	89	35	25	29
30	64	45	67	78	61	44	60	15	89
73	9	76	71	52	14	72	18	67	15
1	47	29	56	46	84	54	66	25	36
58	22	26	52	20	83	7	65	6	49
79	90	5	51	4	88	76	41	81	67
53	73	80	37	70	77	15	10	90	81
36	44	32	84	65	57	34	28	61	4
77	66	49	69	58	46	14	38	41	76
58	1	53	77	37	30	20	79	13	18
21	44	64	85	26	68	32	24	81	36
76	31	65	84	19	24	4	59	34	29
88	9	50	39	29	69	6	22	36	25
10	5	85	61	78	38	68	24	52	33
23	35	9	36	73	18	12	83	41	16
56	26	39	28	55	14	48	9	52	50
24	63	54	32	53	66	45	20	13	60
82	19	71	39	38	22	79	9	47	13
78	5	84	17	74	13	23	71	39	88
76	64	75	83	33	86	62	40	52	68
87	90	20	53	10	18	63	38	8	39
30	16	58	61	24	13	29	15	43	57
53	14	88	38	11	75	57	26	4	68
36	25	33	7	51	26	41	3	60	68
15	52	49	16	2	75	26	57	50	12
10	53	48	5	86	2	68	1	21	23
5	20	18	83	73	39	21	15	58	44
30	71	53	56	89	26	31	2	37	42
50	90	54	58	34	83	51	8	47	77
20	6	64	51	40	15	48	56	3	54
45	38	58	49	70	84	76	88	54	40
9	79	21	85	33	59	46	68	69	17
60	77	39	7	78	67	87	25	26	84
56	32	40	8	7	73	89	34	80	76
67	22	17	78	24	57	87	8	3	5
82	41	49	17	6	15	83	77	69	76
75	7	63	80	77	66	50	36	74	5
41	8	11	77	44	14	22	53	37	30
87	64	15	4	19	22	63	52	78	35
56	30	47	68	34	78	40	58	79	67
74	56	46	13	88	4	14	57	63	38
26	3	28	45	71	5	25	20	8	9
76	46	74	26	64	52	44	11	59	62
64	90	89	14	63	54	35	10	42	25
52	46	4	88	30	27	5	47	56	9
77	39	63	71	33	3	46	27	1	82
25	20	49	43	9	70	67	48	6	90
19	56	15	87	12	69	14	54	30	41
16	68	14	21	29	6	44	2	85	10
76	42	86	68	89	3	80	11	38	60
39	20	66	6	76	37	13	90	23	51
87	61	13	39	2	55	1	75	26	63
32	48	40	89	36	55	54	47	73	72
33	69	49	61	76	65	26	79	57	29
73	78	43	5	37	45	50	86	69	26
18	90	3	74	60	10	13	29	20	47
9	57	69	84	30	39	86	11	33	43
17	84	62	82	11	29	63	14	47	28
66	21	20	48	30	38	57	69	25	10
58	73	19	22	9	35	3	74	46	90
8	61	86	40	16	20	71	68	49	67
81	83	49	67	51	55	66	20	41	68
85	36	58	76	26	82	51	83	52	63
69	24	7	19	68	29	40	27	44	53
37	51	20	3	29	21	52	11	87	54
17	12	73	46	33	9	81	44	74	89
49	37	10	54	55	46	61	12	75	8
55	51	58	69	50	88	44	72	40	27
61	83	47	65	67	73	46	26	36	76
41	65	72	12	29	48	34	17	69	78
28	54	16	65	13	21	71	24	45	86
67	78	30	71	17	24	66	5	52	80
59	18	55	58	74	82	35	21	57	30
29	61	35	45	80	34	3	39	81	74
22	89	80	59	8	58	20	15	84	71
23	89	7	40	74	55	28	58	27	25
36	75	26	35	85	54	38	29	7	48
26	46	5	49	33	74	88	67	43	12
81	80	8	6	62	69	47	32	48	61
90	41	21	40	14	33	2	67	72	36
6	56	64	16	7	62	41	73	49	35
72	60	63	79	80	56	73	34	66	83
48	64	7	73	74	75	69	82	8	84
75	47	86	5	78	66	44	63	64	10
33	58	21	1	75	78	57	23	71	42
29	21	72	38	65	25	15	32	45	10
34	14	60	30	7	12	77	50	86	67
87	43	36	73	55	44	77	74	40	21
22	63	41	18	32	45	40	7	17	35
63	60	47	2	70	39	48	86	4	38
31	3	79	45	23	25	81	55	9	33
58	55	78	57	15	10	8	38	40	66
28	54	84	80	61	88	89	50	20	25
33	89	30	54	39	55	44	6	57	25
12	80	1	21	70	66	45	10	23	61
39	86	58	70	35	60	10	38	62	14
87	66	23	40	75	19	69	90	60	52
24	30	18	55	44	70	81	3	56	1
29	28	67	90	52	19	54	32	55	47
46	84	69	24	38	16	61	9	7	26
51	60	41	33	73	3	40	90	52	83
5	90	61	62	45	18	84	83	60	34
48	25	58	34	42	40	38	47	23	71
90	34	85	78	50	23	75	5	63	7
9	18	58	27	85	75	21	25	50	4
12	46	7	45	1	3	38	72	73	59
63	6	35	27	84	76	83	22	36	88
43	20	67	46	4	52	61	34	35	36
58	76	19	87	29	67	8	31	22	89
83	29	53	77	24	14	57	69	17	34
10	61	53	34	8	57	70	25	50	63
25	57	79	67	5	11	47	51	41	1
84	69	1	62	82	5	88	50	68	12
27	15	50	41	22	62	57	18	56	8
89	81	61	14	8	47	82	2	45	16
81	5	34	58	19	74	83	46	86	15
84	50	67	73	19	1	11	3	32	30
82	8	33	81	58	78	37	31	63	38
73	49	2	4	83	53	59	70	50	67
86	35	79	18	8	71	28	5	54	39
49	52	43	63	14	73	12	56	65	57
28	33	25	49	84	64	82	5	53	45
69	73	72	5	63	86	80	90	47	9
13	23	21	88	49	62	69	70	35	89
15	30	62	7	33	14	89	49	73	17
53	50	82	40	18	75	58	52	8	81
44	48	9	72	20	89	50	43	87	40
10	55	40	3	72	87	8	59	23	24
87	37	32	5	50	88	42	36	10	34
16	59	77	76	14	19	51	84	33	57
77	80	61	58	62	48	89	82	46	5
60	42	1	90	58	44	68	88	11	19
71	59	37	77	40	69	7	15	76	6
41	50	89	30	55	27	48	62	37	80
77	87	19	37	47	54	73	79	4	42
14	58	63	9	2	11	7	89	69	42
56	78	7	47	27	54	61	66	26	50
53	85	41	40	77	20	49	29	50	87
5	28	27	2	78	62	85	77	45	56
52	84	37	44	33	41	25	82	24	42
84	63	51	20	89	78	60	44	7	73
52	17	82	39	34	36	13	58	24	7
37	46	70	2	3	61	50	7	40	36
22	63	6	37	64	55	34	72	90	7
55	25	22	40	85	28	32	74	26	44
42	19	84	69	61	49	39	5	48	7
63	74	53	77	10	22	50	38	54	16
27	11	35	66	38	50	52	34	83	7
51	12	65	47	5	49	39	17	36	45
49	19	16	32	59	58	31	62	26	70
45	16	44	27	26	66	84	62	40	78
80	50	52	19	87	77	73	12	55	26
40	75	19	35	11	66	54	55	50	60
65	77	24	43	80	38	30	16	29	14
49	10	69	13	8	21	54	45	1	55
60	82	71	55	80	37	15	86	4	54
54	52	30	82	20	1	21	22	41	68
4	21	46	35	26	54	56	50	32	39
14	90	76	56	70	78	27	23	7	53
46	73	72	69	45	84	34	36	53	55
32	7	23	70	13	54	57	83	55	33
77	90	34	16	88	12	89	9	37	31
2	36	50	39	88	57	34	35	16	55
69	66	72	58	60	3	40	12	39	44
46	24	70	33	88	48	53	56	55	54
25	61	47	53	24	80	54	32	55	34
65	90	88	3	63	44	21	80	40	34
16	59	65	34	41	51	38	87	42	18
35	42	15	77	69	14	72	9	70	40
64	1	14	43	36	20	87	8	25	2
20	66	45	11	31	50	55	16	32	54
78	73	8	18	49	33	80	34	37	11
45	68	24	72	32	46	26	2	76	36
19	64	23	73	81	32	55	18	85	4
61	35	53	42	17	54	55	58	41	50
26	16	84	44	42	36	6	25	38	89
49	72	36	18	62	90	78	50	60	40
50	3	41	1	14	33	53	48	47	16
83	46	19	71	11	70	49	39	79	88
3	42	54	41	58	36	76	45	8	11
24	84	80	6	29	62	58	35	26	5
68	35	67	74	47	39	48	65	18	33
50	42	55	30	74	22	32	27	46	13
8	75	87	52	59	37	57	29	40	25
32	17	23	41	33	78	83	3	53	9
12	51	58	78	13	57	4	27	46	79
63	85	74	56	1	16	45	15	14	10
22	25	88	14	35	29	34	44	78	56
25	62	45	3	29	84	31	82	80	26
3	80	59	43	19	35	26	40	23	77
59	89	45	90	64	86	68	4	83	75
76	29	63	41	6	8	65	51	85	52
29	59	33	72	62	56	44	54	38	13
47	24	59	82	6	31	75	65	55	43
2	67	14	74	87	37	12	62	59	25
40	55	13	90	65	6	71	59	74	46
86	14	60	2	72	16	45	44	33	65
10	5	11	49	32	45	81	48	79	12
39	58	54	81	38	11	48	37	33	84
74	62	15	31	10	7	8	67	85	71
75	21	42	50	12	73	84	45	22	34
77	83	23	3	19	1	71	16	27	37
33	1	44	43	70	58	89	46	50	36
27	74	51	43	82	13	46	48	24	36
11	5	70	13	61	59	22	9	68	49
63	25	4	67	61	66	70	18	48	6
37	26	53	54	1	12	48	68	58	73
35	14	85	70	53	82	16	7	55	64
5	36	85	60	76	8	4	48	47	68
6	65	76	81	48	58	10	7	61	79
28	42	69	17	24	11	3	9	59	8
80	36	87	61	35	65	74	51	20	13
62	73	55	76	51	77	86	81	52	25
62	34	38	30	44	59	8	67	26	79
59	8	51	40	23	73	21	29	88	32
38	31	59	34	67	25	22	49	46	86
31	82	42	88	62	37	63	80	33	36
41	61	24	9	55	31	47	14	80	17
30	44	76	63	78	46	34	42	22	25
85	81	55	23	22	19	3	24	27	66
89	60	30	21	44	25	6	67	55	49
19	32	31	9	44	72	23	74	78	63
79	34	15	11	52	53	42	37	30	2
84	63	58	89	51	2	62	35	12	29
13	20	82	43	7	26	65	44	23	17
6	60	82	87	79	16	52	90	38	36
58	70	27	71	39	51	29	80	33	19
17	75	58	53	40	46	70	15	20	63
90	61	80	72	84	16	11	2	23	10
25	28	84	32	66	54	47	80	11	43
61	46	57	76	27	10	2	45	43	30
20	48	58	1	38	35	61	54	90	7
37	42	18	5	17	69	14	84	58	70
71	36	5	38	7	8	76	68	87	4
51	55	43	38	80	32	49	37	11	22
86	87	3	34	79	69	63	70	44	31
75	59	70	2	54	18	56	57	43	71
50	49	7	26	1	22	66	56	62	18
87	1	9	18	8	57	80	21	11	89
21	46	12	28	76	54	84	7	63	40
6	10	59	11	55	70	74	46	90	5
86	28	85	2	56	71	6	8	35	47
56	75	50	64	18	29	72	38	26	88
55	31	54	57	69	81	90	10	82	21
79	13	29	35	52	62	49	64	19	85
34	67	73	27	39	80	1	32	62	26
69	15	41	26	16	62	77	11	46	89
87	59	88	11	79	43	14	89	83	9
16	48	5	64	65	54	20	45	60	3
67	74	33	11	41	68	79	85	13	73
60	14	12	1	74	8	58	2	79	17
3	82	72	66	35	6	13	4	59	64
27	75	87	74	83	86	62	69	57	85
81	37	44	55	9	72	27	11	75	34
22	44	37	33	25	51	74	69	36	85
55	62	28	33	86	68	76	50	10	44
40	79	59	9	44	11	55	23	7	51
76	62	41	14	81	15	72	77	64	88
82	54	21	12	67	16	78	80	75	36
86	60	41	5	50	38	13	25	75	84
36	66	53	47	13	23	89	12	78	1
75	47	87	9	14	2	28	7	71	42
58	39	3	76	69	16	88	24	15	21
16	69	35	68	39	63	73	46	59	24
63	5	43	77	64	67	34	19	65	86
14	78	34	60	10	75	76	62	18	33
87	78	16	13	76	59	69	3	89	74
60	61	38	69	75	68	14	10	47	77
86	74	15	89	78	47	23	4	29	2
5	11	28	21	34	72	12	42	61	25
12	22	61	21	30	50	64	69	17	37
61	7	66	79	76	82	72	9	12	40
85	51	89	42	54	7	41	36	29	61
4	11	81	42	54	8	9	60	47	13
72	38	12	35	85	33	6	22	45	84
80	84	50	18	83	11	44	26	81	87
73	20	37	49	27	74	29	59	33	38
57	22	81	31	53	19	58	41	14	24
18	60	43	38	64	8	33	81	48	22
51	64	25	6	3	50	61	77	60	17
20	47	65	21	87	18	35	68	52	42
82	88	70	62	5	73	86	41	49	3
26	4	23	65	67	81	73	54	43	30
79	73	60	58	5	21	90	83	37	67
86	65	27	29	18	12	33	83	62	73
6	58	61	41	8	24	52	78	9	75
42	14	63	41	71	85	77	54	8	11
72	34	4	7	53	12	66	18	45	57
7	75	29	84	82	19	83	11	80	89
53	8	56	85	67	45	81	75	52	32
26	78	51	12	85	49	9	8	90	25
66	31	29	57	70	17	40	65	85	10
12	45	80	20	77	26	32	54	56	68
9	8	82	13	77	62	42	50	30	74
89	24	6	2	42	87	34	64	58	16
2	32	21	79	48	52	55	7	60	77
20	10	86	19	58	52	32	13	62	69
42	44	36	51	81	46	65	34	26	41
61	70	9	19	54	53	62	35	2	73
10	33	43	35	58	25	68	75	5	9
23	75	7	88	25	73	63	84	89	87
50	88	72	43	3	48	51	18	55	37
73	58	72	18	35	64	76	13	37	23
59	15	79	83	85	73	81	47	82	53
17	58	53	79	54	66	42	63	59	62
61	43	50	48	57	2	62	39	59	31
8	38	85	90	77	67	56	71	9	52
22	54	31	11	40	58	21	63	37	15
46	70	56	40	69	88	90	65	87	34
89	88	47	9	1	76	67	45	46	68
29	89	34	26	36	72	45	41	47	68
72	28	18	20	11	17	76	51	53	68
46	86	43	22	39	58	74	56	45	18
59	54	32	12	23	43	3	67	39	47
46	79	36	76	14	10	65	33	41	40
1	36	21	45	53	12	38	62	49	40
25	50	75	71	37	28	62	78	80	82
82	77	16	33	20	10	24	88	34	37
47	46	29	73	41	84	66	59	18	71
19	18	63	79	77	89	31	56	25	16
14	9	77	70	24	61	36	34	84	39
39	64	7	53	3	49	55	31	87	69
36	69	61	17	57	66	2	50	42	40
83	64	8	15	27	79	76	43	30	85
58	88	86	76	69	71	85	26	61	3
13	57	15	67	61	65	18	69	46	55
61	68	6	87	14	23	50	1	81	85
29	41	25	45	60	90	9	64	33	57
17	73	43	71	25	14	47	44	45	75
22	16	54	24	10	12	53	67	57	4
87	24	2	48	16	67	55	49	68	69
66	24	81	3	51	82	47	90	35	16
42	19	67	48	6	8	69	90	66	63
54	59	63	28	20	56	71	44	41	66
17	82	65	6	85	66	53	13	68	72
46	1	84	73	40	68	85	81	55	2
20	68	69	24	82	6	52	35	27	90
81	19	29	3	22	80	67	62	61	28
24	45	37	26	18	13	71	73	50	43
57	8	40	76	17	70	49	36	33	30
79	29	56	81	24	41	28	11	10	82
84	87	35	86	58	26	54	47	81	4
74	43	6	44	20	55	47	11	42	29
77	5	45	82	27	33	10	48	44	16
72	51	43	40	26	31	67	62	13	64
45	38	8	90	12	42	83	24	29	9
10	1	9	77	75	3	46	90	18	72
45	86	63	4	34	71	33	53	20	89
72	60	3	85	25	41	14	42	88	86
27	42	78	83	89	46	84	14	58	54
13	33	46	22	90	68	7	64	35	77
77	19	70	57	13	53	2	43	51	12
73	61	38	63	25	14	43	10	55	84
33	77	49	71	30	66	67	19	34	52
79	35	16	49	26	42	2	25	80	8
79	19	58	16	9	44	59	51	61	48
51	7	30	63	82	48	8	61	88	57
38	5	63	19	34	47	72	66	62	4
17	23	22	64	10	66	12	29	82	49
31	52	20	85	12	47	32	38	2	18
59	47	53	48	6	23	33	85	54	37
9	80	1	60	48	52	15	57	37	88
78	39	15	34	9	66	77	47	88	41
15	52	17	89	67	78	25	59	21	83
77	46	68	32	7	5	37	89	10	36
31	87	50	62	36	18	68	82	48	42
67	14	15	3	57	83	85	69	71	52
46	85	87	35	55	84	12	40	27	10
20	18	14	41	66	2	28	47	70	1
33	25	74	61	44	50	87	10	84	69
74	79	43	17	83	7	21	53	40	56
17	37	49	78	35	56	45	10	39	63
89	42	31	77	24	32	68	69	56	48
89	3	49	39	50	60	66	71	42	7
73	18	44	23	37	85	89	68	17	72
27	43	62	73	77	15	44	1	82	69
75	30	55	64	23	52	47	82	73	80
1	87	63	32	23	65	77	34	90	73
85	45	69	75	61	48	29	73	66	10
18	81	69	60	5	64	84	24	50	22
68	63	21	36	12	70	38	57	49	34
22	90	85	26	79	74	63	80	64	4
78	5	19	28	43	51	38	40	35	41
8	40	18	16	27	59	1	48	23	86
1	18	55	61	34	80	26	82	75	35
76	25	83	47	63	52	40	6	90	1
9	29	28	7	67	49	26	18	43	68
26	28	23	75	85	77	69	31	72	48
14	37	5	90	65	3	83	59	79	66
16	56	39	44	50	47	71	84	26	43
85	81	49	61	47	44	27	65	78	2
44	27	48	85	90	88	89	66	9	67
50	14	18	57	67	44	60	62	29	63
24	35	49	27	33	63	43	90	47	48
58	53	57	41	46	43	66	23	63	34
2	56	20	23	19	68	52	79	76	40
74	69	14	47	18	24	5	35	72	63
8	20	52	42	43	88	57	53	73	85
60	72	15	38	53	3	87	2	86	61
61	1	51	69	30	39	19	82	3	60
57	9	41	1	48	79	62	24	33	34
65	10	27	37	86	64	89	21	8	39
11	60	43	28	6	66	3	90	48	26
85	81	70	64	62	10	5	61	48	2
59	14	80	31	67	3	32	19	74	46
53	88	56	10	43	51	21	87	66	3
16	32	60	73	23	35	83	53	6	86
8	57	63	58	87	2	40	80	70	72