29	43	38	49	32	53	1	64	36	77
56	18	10	15	21	8	30	14	37	68
65	82	59	53	51	33	61	73	24	20
88	68	89	33	62	30	74	75	7	39
23	80	40	39	53	74	49	90	18	75
3	70	4	43	32	8	60	62	22	38
50	24	53	36	3	4	28	78	77	12
21	55	36	65	49	25	17	4	8	74
58	76	41	65	63	87	68	83	21	30
42	16	54	28	62	37	64	27	18	33
49	54	74	10	3	23	76	25	1	75
8	15	41	69	9	82	66	4	57	73
31	11	70	66	30	61	44	23	1	86
59	79	87	50	14	8	39	57	67	55
63	44	16	50	1	25	22	29	43	3
31	5	86	75	42	36	28	56	24	69
50	52	41	54	3	16	34	80	90	11
15	81	88	73	8	25	76	9	41	78
24	75	44	42	49	47	68	53	10	52
16	47	44	45	72	52	84	38	43	80
70	85	50	86	8	61	40	59	67	31
71	7	46	30	50	85	56	31	74	6
51	82	53	2	13	84	66	16	6	87
62	60	3	88	37	51	19	10	64	14
72	78	54	18	9	53	59	23	1	75
4	58	17	51	65	52	69	42	30	33
39	60	25	15	3	64	50	12	82	47
66	17	82	80	2	62	26	40	50	27
73	54	84	40	5	11	31	65	1	12
57	77	10	73	90	11	61	37	52	14
6	21	38	9	53	41	24	64	80	14
62	24	70	34	82	54	76	45	84	44
52	63	20	18	51	28	25	75	88	43
37	18	77	65	25	80	72	90	3	8
62	34	7	57	41	83	44	66	33	27
43	67	28	71	46	48	42	75	47	14
33	49	17	57	72	9	79	35	13	10
82	61	58	19	34	40	6	18	27	2
87	55	48	72	75	63	66	6	42	86
89	67	26	18	4	10	17	47	35	30
8	79	21	12	68	23	51	24	74	2
74	18	2	64	4	33	8	53	72	42
83	80	5	71	46	48	81	35	38	40
45	14	77	12	17	66	41	48	19	88
82	48	52	19	53	22	84	50	85	36
16	12	46	41	21	80	26	38	31	55
43	64	4	88	49	17	13	70	76	89
60	43	62	78	80	15	64	46	71	49
63	19	58	25	29	40	17	41	18	10
75	54	2	8	65	22	77	82	61	87
44	42	60	85	74	81	53	66	30	80
45	17	23	48	50	46	41	38	1	3
12	65	62	77	24	66	38	32	28	22
3	46	10	2	55	67	82	17	16	7
2	39	36	51	42	24	35	79	46	9
32	67	74	58	70	81	33	56	31	44
80	58	18	87	55	23	31	27	59	70
16	74	64	84	22	39	4	35	76	56
50	62	82	43	67	24	29	21	9	33
64	15	77	21	5	70	52	34	27	35
10	14	40	1	9	72	78	83	42	76
74	67	58	24	4	66	90	37	33	50
55	85	64	22	70	19	72	7	54	67
65	13	81	60	63	50	59	15	90	27
74	51	86	73	53	23	36	62	47	29
3	83	4	6	27	81	57	28	62	68
8	9	53	52	30	59	26	41	56	54
23	81	63	40	17	24	75	39	68	71
44	18	6	38	34	31	54	69	13	71
25	16	5	73	29	64	74	52	67	51
1	86	48	75	41	11	70	47	80	30
52	4	13	23	54	34	75	85	7	62
70	19	36	72	54	58	69	46	80	32
26	33	29	74	82	83	16	25	89	41
27	82	69	26	73	48	35	59	68	11
79	5	20	49	2	46	90	62	33	30
36	17	21	41	81	25	56	64	61	13
12	8	24	35	59	54	64	57	58	49
17	50	43	15	51	89	82	69	74	5
87	55	56	62	39	11	28	40	30	9
78	73	54	20	10	56	37	2	50	11
22	69	41	87	52	8	35	44	1	12
71	84	68	40	31	72	14	7	34	76
34	44	13	66	56	90	63	33	26	79
62	7	68	59	54	31	86	65	42	4
4	25	62	47	31	34	36	8	60	13
63	80	48	39	71	83	65	3	32	82
10	77	84	86	50	16	20	5	74	52
40	1	35	29	18	70	88	58	67	57
68	31	52	14	70	45	28	63	58	29
80	1	23	71	9	76	43	33	54	26
53	59	11	55	10	85	90	25	82	88
61	7	22	27	42	78	12	11	28	46
72	47	26	23	24	16	80	20	67	10
13	9	41	39	48	82	58	6	52	21
52	77	75	9	87	74	85	19	90	44
16	28	70	1	65	60	20	36	33	3
32	39	73	35	78	68	66	21	89	12
82	21	13	64	42	81	38	68	6	77
39	14	10	54	4	22	90	71	16	36
73	68	56	40	51	29	30	63	32	34
3	87	20	66	11	75	80	46	52	62
47	1	72	82	44	61	5	10	60	26
6	40	59	3	65	7	5	86	19	39
76	81	26	62	10	67	52	16	14	28
53	14	17	19	10	2	78	29	23	24
20	62	69	74	5	51	27	42	59	64
80	15	56	54	60	13	58	4	71	30
84	33	37	56	79	25	11	10	4	89
40	33	61	4	44	7	39	26	9	14
57	73	22	18	6	85	81	47	58	53
87	90	60	31	9	8	88	46	15	85
49	22	44	78	18	57	82	83	70	2
2	36	29	76	44	89	39	12	47	66
89	87	5	20	84	78	32	61	90	12
21	74	20	1	13	18	41	83	88	53
1	53	27	59	60	30	68	28	4	65
41	8	32	39	50	60	1	68	59	84
41	6	69	43	13	65	52	20	83	16
37	33	32	45	89	69	55	90	84	50
66	20	81	47	1	73	53	24	23	79
25	74	49	58	65	53	9	69	50	8
30	9	13	73	28	88	43	37	55	6
58	63	46	33	49	51	74	65	78	17
9	38	63	20	25	64	84	5	76	22
69	32	81	37	73	77	89	78	82	60
56	24	32	48	65	59	43	19	23	55
50	67	18	80	30	39	66	33	82	77
87	19	6	36	14	83	54	56	24	23
86	35	68	5	48	69	87	50	62	32
58	77	27	7	36	18	30	43	72	62
17	40	81	54	3	27	1	7	51	82
42	56	25	26	2	66	90	83	55	37
51	81	39	48	41	33	5	8	80	76
37	41	58	6	18	23	42	44	56	5
40	55	8	23	30	83	38	48	25	86
81	26	78	75	6	25	27	77	47	28
78	41	29	6	54	65	72	87	2	71
62	85	25	15	88	77	57	5	27	14
9	31	2	60	33	76	61	22	82	23
72	49	46	25	22	44	75	86	51	53
78	81	2	86	38	88	16	21	18	73
87	72	76	81	73	18	44	24	14	31
9	88	69	74	37	55	15	32	70	87
42	88	50	67	62	19	22	16	82	83
71	5	36	59	29	34	32	61	82	63
37	26	2	16	70	85	22	31	9	8
19	70	73	86	33	72	49	43	41	6
66	13	20	80	40	64	61	18	42	86
16	12	70	3	17	55	47	83	40	27
42	58	89	13	43	86	63	50	33	27
53	49	36	51	62	56	89	59	31	24
35	32	86	31	88	27	43	25	16	10
73	58	31	89	42	68	60	90	65	7
10	42	2	41	46	44	80	84	16	78
24	19	14	60	30	89	44	53	82	90
50	41	39	64	7	34	13	3	21	5
83	71	64	38	63	9	57	61	19	2
43	58	47	78	70	53	81	88	82	63
64	12	42	37	9	76	23	43	36	88
79	84	74	10	13	51	89	80	69	48
5	34	79	2	72	63	48	80	12	37
39	71	37	41	32	75	56	57	59	30
89	28	34	59	4	75	29	17	57	52
12	1	28	88	52	22	81	86	82	36
75	1	3	64	16	55	29	87	66	77
80	5	82	54	4	18	84	22	66	15
47	50	75	32	55	11	13	17	66	67
27	6	43	4	64	21	32	67	85	14
70	3	89	39	45	28	57	14	37	69
89	77	28	85	42	57	16	66	2	9
23	83	89	12	4	51	38	42	61	33
23	37	82	6	86	59	83	7	56	66
23	33	48	46	56	43	84	71	74	62
34	9	18	56	14	17	31	38	10	53
3	31	65	35	74	10	53	68	67	28
67	48	51	74	72	69	47	10	56	46
62	43	40	79	78	67	74	75	58	89
66	37	44	26	85	45	38	65	16	17
57	17	81	56	30	62	84	49	27	5
9	5	15	33	34	86	39	25	79	49
68	47	3	73	42	37	24	44	22	76
36	12	57	45	28	81	23	87	35	24
59	37	76	72	10	8	11	15	18	25
46	83	10	7	3	77	8	58	54	49
9	77	21	18	86	80	5	88	28	82
23	15	26	44	55	2	54	16	43	7
9	1	45	75	30	74	20	16	62	87
77	21	84	60	34	32	26	43	59	55
56	74	10	64	84	65	71	12	63	58
78	73	72	83	1	42	64	10	35	76
20	64	24	88	13	10	5	49	67	16
78	74	8	36	84	71	45	80	50	28
24	3	35	41	29	75	42	37	82	50
53	60	3	35	17	59	89	39	14	48
88	53	55	13	28	11	49	42	76	7
6	43	33	21	57	25	52	7	49	51
82	21	79	45	72	27	35	36	2	59
63	78	12	67	79	45	50	59	69	4
34	61	23	43	3	64	38	78	25	14
22	24	2	61	62	72	60	10	42	19
21	40	12	36	77	39	84	5	73	8
15	25	54	40	44	34	28	75	84	67
28	50	20	59	11	87	36	83	35	55
88	50	9	14	81	57	11	37	24	17
60	58	45	87	18	53	54	85	37	24
12	62	81	76	20	19	4	85	66	86
34	40	41	33	15	30	21	11	22	5
76	66	25	87	48	27	21	64	4	88
30	77	87	9	1	14	88	7	63	57
82	1	25	58	42	46	75	77	5	14
67	81	35	60	25	56	6	29	49	61
77	53	76	11	73	25	41	59	83	56
74	37	4	88	63	38	32	76	79	85
80	5	11	27	74	50	75	72	55	40
10	37	22	33	88	29	24	83	66	18
31	45	30	60	46	22	44	42	34	32
45	34	61	14	4	89	51	32	74	21
77	85	50	60	56	7	15	58	35	21
73	69	31	3	53	2	48	57	23	1
62	16	77	59	43	12	65	36	20	48
30	53	5	48	82	89	46	55	14	20
57	83	60	32	35	9	54	75	70	88
78	72	84	41	68	49	80	2	71	39
47	49	81	86	63	46	56	17	43	53
68	58	52	63	15	18	72	79	84	47
71	31	37	76	49	24	16	80	72	8
43	67	47	3	32	21	77	41	50	69
30	75	74	23	63	67	45	58	12	83
46	83	56	81	22	27	40	90	43	10
51	48	75	34	55	42	61	73	56	67
14	41	49	51	58	40	62	42	25	21
56	11	78	29	70	88	7	71	2	90
3	53	58	81	48	40	18	60	63	8
82	62	45	25	57	49	90	53	21	8
80	5	38	42	68	50	43	61	37	32
49	18	63	59	25	40	19	83	82	23
6	11	3	75	34	44	40	89	21	68
8	51	46	22	20	58	12	14	70	31
69	51	46	42	55	48	50	22	70	84
43	78	54	19	83	81	37	21	50	1
88	19	47	52	12	73	6	69	51	16
32	3	8	20	77	24	46	82	61	2
3	74	78	37	61	11	12	16	2	59
2	84	11	32	41	17	74	54	55	57
32	31	84	50	55	78	10	60	83	30
6	32	8	71	33	52	2	3	79	61
37	19	75	71	18	2	15	32	29	68
5	48	25	73	61	59	68	18	22	58
56	82	23	51	9	90	62	85	47	58
65	51	55	35	18	14	42	84	24	70
68	71	41	20	85	21	13	53	75	12
32	22	9	5	77	23	52	58	46	16
48	41	39	11	85	59	86	7	67	61
15	30	67	54	77	76	59	13	17	57
23	38	12	60	72	31	36	2	14	30
41	47	78	52	60	12	2	13	6	45
15	52	48	50	89	59	23	27	31	30
43	31	66	38	23	28	55	8	7	57
68	52	69	37	46	21	85	89	41	74
70	53	82	27	40	19	36	5	78	2
1	36	82	80	46	64	74	51	26	3
57	17	84	9	62	74	80	20	69	71
43	37	13	10	55	75	66	7	31	52
17	31	12	57	84	74	24	76	3	82
54	34	48	59	22	73	55	17	87	67
5	33	52	56	66	74	47	4	55	40
34	63	12	2	79	76	61	30	36	27
37	29	3	11	47	35	83	20	87	5
42	77	80	28	70	83	14	18	51	89
19	86	26	54	13	77	89	63	67	61
8	69	14	82	68	51	27	37	1	2
6	16	40	25	79	60	32	86	89	28
33	23	72	5	14	22	10	34	2	73
80	26	57	76	32	54	49	73	18	9
42	6	75	88	59	45	82	20	13	23
28	39	38	11	23	45	53	74	81	55
80	48	17	12	40	51	76	64	18	82
65	13	83	5	53	4	74	79	19	3
43	21	76	78	24	18	13	75	59	83
45	80	66	46	32	26	8	57	86	9
73	24	75	11	7	82	79	14	55	65
85	38	14	74	67	73	23	17	8	2
16	24	78	39	85	64	65	86	17	34
56	39	36	18	43	49	12	53	19	72
26	75	90	84	64	54	69	73	60	30
57	64	34	87	55	1	80	5	68	71
5	25	67	62	90	54	12	63	48	33
6	49	81	4	16	23	33	70	13	20
25	4	16	18	84	37	75	13	30	55
87	65	48	52	6	23	10	37	34	28
5	58	11	12	41	74	88	33	26	90
28	53	8	26	75	22	71	84	31	5
73	84	31	70	90	11	36	45	55	21
62	28	32	57	70	64	22	73	78	36
73	65	23	34	2	86	30	17	71	72
5	31	87	74	45	50	56	28	11	10
90	63	23	69	78	76	47	55	54	87
31	60	32	87	86	37	38	53	69	26
58	43	9	22	87	52	19	69	26	31
56	28	6	30	12	20	31	40	59	47
34	5	82	23	81	42	69	35	6	25
34	78	71	75	86	40	29	56	61	3
72	83	9	85	68	81	29	66	42	54
79	9	15	32	75	6	2	30	12	49
85	71	4	14	8	35	56	84	40	13
65	59	76	7	2	68	89	86	77	14
62	41	11	46	83	52	51	90	5	71
80	25	61	30	85	81	71	13	77	48
44	87	74	50	85	15	31	54	72	56
3	11	48	87	22	40	15	16	90	83
17	77	80	82	74	3	89	50	33	90
25	71	8	78	14	62	16	40	74	32
63	30	24	79	67	44	5	73	51	25
71	62	15	37	20	84	65	75	53	72
33	7	45	76	1	83	46	2	26	37
44	79	24	61	56	35	41	26	90	32
31	7	49	38	72	54	83	73	76	45
74	34	17	55	52	23	66	10	86	60
12	69	36	74	78	31	32	1	81	72
8	49	42	23	6	17	25	46	56	43
79	68	11	20	82	25	62	43	27	67
14	43	63	67	18	50	85	2	32	31
79	41	36	28	12	42	44	60	35	81
8	28	46	72	15	9	86	10	41	77
69	15	44	7	23	76	25	16	50	31
35	52	33	28	90	85	89	72	44	77
83	11	8	71	12	58	45	69	42	87
21	55	23	15	40	73	52	85	66	89
18	38	47	50	3	53	56	89	19	41
17	16	43	36	56	15	53	35	8	60
48	18	68	77	17	19	29	67	5	23
35	50	74	43	31	52	85	71	42	46
15	30	40	27	24	39	74	80	70	29
22	71	66	36	65	3	52	80	33	43
87	89	36	5	70	58	53	79	37	67
14	77	79	5	83	50	69	20	10	19
47	11	78	14	62	85	49	44	15	30
63	46	31	56	6	33	80	41	57	2
60	26	35	88	9	18	33	83	2	69
73	51	4	10	71	2	63	18	11	61
29	8	62	7	83	47	44	89	36	52
84	55	77	1	3	32	88	90	89	65
6	54	65	76	31	60	80	50	41	71
24	65	72	77	36	29	81	64	8	50
13	52	24	11	73	37	59	67	64	80
20	79	49	5	81	37	76	52	65	44
22	30	45	12	46	65	67	37	85	61
85	49	7	44	87	55	65	23	37	60
3	58	30	47	14	80	65	51	44	31
15	27	23	79	76	43	83	73	71	90
20	17	60	43	30	48	52	82	35	79
80	14	30	28	66	36	65	20	4	18
11	18	88	39	50	30	25	54	9	85
51	64	11	27	8	16	70	78	83	63
59	72	7	71	20	73	49	37	16	66
29	72	30	47	77	4	41	31	83	14
16	31	2	65	79	71	19	84	42	50
64	53	1	20	29	40	44	23	8	35
13	60	41	1	35	49	39	78	20	15
76	64	30	34	7	33	48	73	13	55
50	3	17	47	61	87	39	60	38	35
34	9	22	77	41	63	68	86	13	49
22	80	27	65	37	2	44	14	52	36
50	53	46	66	5	70	42	60	71	77
78	15	72	49	43	18	68	79	74	7
4	36	33	24	26	55	52	68	1	9
27	59	84	70	38	41	78	12	29	20
87	16	43	35	75	27	48	34	44	4
38	76	15	8	22	10	89	47	42	18
8	67	39	25	45	80	49	79	86	76
84	47	67	71	44	25	17	85	66	5
31	62	47	21	38	20	44	86	42	57
59	83	21	7	64	12	66	42	68	36
12	86	74	53	66	11	33	64	77	7
88	28	25	4	7	32	36	75	65	73
82	34	26	7	68	22	58	72	24	40
36	67	39	47	6	37	76	68	19	87
31	10	28	16	39	70	78	48	22	18
36	53	24	7	20	83	42	31	46	35
69	2	33	75	48	49	38	26	81	16
11	47	81	13	24	34	35	22	63	60
52	86	8	83	12	6	27	9	29	39
90	34	86	22	58	19	54	57	83	45
3	78	76	65	35	62	80	60	49	41
13	34	4	31	62	49	5	81	77	32
60	39	52	41	75	87	3	62	77	17
5	54	43	59	12	11	50	86	36	63
58	89	75	40	43	46	28	3	23	14
23	37	48	6	74	52	30	45	28	44
65	86	14	62	21	69	78	17	10	41
51	25	20	42	37	85	38	43	72	77
70	26	31	81	44	67	60	61	6	49
67	25	44	1	53	2	31	21	50	56
27	15	89	59	4	35	14	48	77	69
58	32	45	18	38	69	46	85	62	49
79	80	63	42	17	51	81	47	33	69
1	82	70	78	85	60	5	8	33	67
47	75	28	43	56	71	6	27	25	72
26	21	50	13	66	27	10	89	59	56
57	86	71	2	14	6	9	46	51	19
32	78	14	43	26	72	35	13	49	34
70	44	8	73	58	90	60	34	14	17
33	28	71	52	64	66	70	43	86	11
30	26	83	75	79	24	54	61	71	68
18	90	24	38	28	77	39	62	78	17
37	56	45	25	17	47	79	52	44	48
75	48	40	83	2	59	3	32	5	51
90	80	62	22	32	48	6	3	81	10
30	47	46	17	72	29	13	2	24	79
11	39	65	15	6	35	27	72	81	63
8	12	76	60	43	1	11	28	90	86
33	6	81	40	90	18	39	79	23	89
62	79	48	6	55	29	37	27	15	61
49	31	53	81	12	2	64	50	7	21
86	6	18	27	62	23	22	53	32	16
69	85	18	7	32	24	36	53	74	19
28	79	59	74	80	22	38	89	24	53
65	57	80	29	17	53	49	45	37	79
41	70	81	49	67	17	16	27	12	62
58	53	24	79	81	32	11	87	64	89
72	45	3	51	28	9	44	76	29	36
54	73	71	5	38	68	34	21	70	16
28	3	26	42	10	9	8	64	55	80
45	15	68	59	17	70	32	49	24	28
27	12	24	88	67	51	90	49	11	34
16	56	24	85	73	36	13	26	6	47
18	33	46	55	6	23	45	14	52	58
29	11	43	6	30	39	53	10	72	62
59	87	36	60	64	46	80	71	51	86
15	63	52	75	24	33	77	69	61	47
80	35	6	27	83	43	16	26	32	39
51	73	30	57	1	65	45	76	83	75
17	69	61	8	46	28	88	83	31	14
38	5	30	47	22	18	61	80	66	44
46	62	40	83	55	81	16	71	27	61
5	24	60	72	88	38	80	81	23	12
86	11	38	59	53	71	42	68	70	46
73	79	48	6	85	75	37	76	83	15
45	24	25	80	63	83	56	47	70	68
9	50	48	24	73	47	13	68	72	12
78	15	56	25	8	22	88	63	65	24
76	23	13	48	33	15	51	44	85	70
74	62	37	30	18	64	55	68	40	23
59	13	42	77	84	72	45	60	56	81
18	82	44	63	1	20	75	48	84	66
53	15	27	4	36	45	29	87	29	17
1	42	52	67	28	70	19	26	83	33
68	74	47	84	5	10	23	17	59	78
72	31	47	1	43	74	65	63	24	64
55	6	18	13	33	37	29	71	57	28
70	69	54	76	51	33	62	47	44	17
29	1	87	43	75	47	18	60	71	26
11	80	65	44	7	52	10	64	17	32
40	81	28	66	59	60	75	35	74	20
13	77	29	4	60	35	36	61	44	17
62	79	6	43	76	77	28	59	25	38
24	76	83	35	49	61	14	29	39	41
59	66	56	40	1	65	53	32	39	68
1	17	75	42	88	47	13	64	29	49
26	36	15	8	87	86	63	53	38	47
74	68	38	17	44	59	34	67	56	83
7	45	84	48	15	18	59	30	68	80
9	63	16	88	79	69	33	20	72	90
84	51	73	25	17	89	30	49	40	44
83	28	49	5	46	10	20	68	32	38
9	14	82	65	85	32	74	45	34	18
65	39	4	81	72	13	69	42	67	46
88	48	36	23	50	68	44	35	15	42
40	13	73	25	10	55	31	88	66	22
81	70	66	89	23	33	38	46	51	80
71	9	58	21	32	66	47	41	57	55
2	29	31	32	53	46	54	83	88	17
28	35	74	61	50	42	75	14	46	87
8	41	58	25	60	18	79	83	54	27
85	81	53	64	1	38	24	68	41	71
29	43	48	83	90	13	67	57	42	30
75	59	27	40	81	35	61	37	46	26
11	51	37	43	70	22	38	35	82	60
35	52	84	47	1	34	77	22	62	16
12	5	56	66	27	58	19	52	32	42
1	34	56	47	25	90	31	63	75	52
43	75	7	2	56	49	20	64	80	60
73	27	41	24	6	63	36	43	20	57
1	6	57	77	83	70	15	4	21	46
35	83	89	71	87	84	21	55	54	16
59	30	15	37	76	18	70	90	38	63
72	75	8	4	71	2	55	90	79	66
73	52	61	26	45	53	42	80	85	87
42	80	36	20	69	53	57	44	49	82
68	7	51	32	27	30	43	34	48	40
69	73	54	60	26	38	83	11	13	32
49	44	13	53	40	50	22	32	35	81
14	11	37	87	60	34	20	75	52	77
73	66	25	11	76	89	33	78	20	15
58	49	86	52	80	2	45	68	33	57
64	54	25	89	5	24	74	3	50	47
71	46	37	85	52	51	62	67	73	31
63	20	56	72	5	39	82	44	69	4
19	37	35	86	90	56	62	36	87	3
83	62	85	12	66	21	49	81	64	59
61	86	65	77	24	1	1	1	1	1
25	78	47	53	6	54	37	64	8	62
47	46	28	81	25	61	59	78	16	19
82	7	23	27	85	37	77	28	75	6
69	35	83	29	61	5	6	7	77	70