27	84	52	88	44	29	13	87	15	77
86	72	44	79	56	5	51	29	28	61
63	24	4	75	17	43	79	32	58	33
46	13	81	74	30	21	16	24	88	31
59	22	89	57	82	14	31	20	52	30
72	28	62	74	9	29	48	8	27	89
77	27	65	15	38	35	39	61	63	48
12	45	66	48	35	58	53	64	90	77
90	43	45	16	86	3	41	37	15	60
33	21	74	60	70	75	82	41	73	90
5	40	84	24	12	33	53	38	76	61
76	2	12	8	40	73	71	84	32	46
37	11	61	3	31	69	7	30	5	38
6	36	13	47	65	74	48	43	42	7
4	51	17	79	71	8	66	12	57	3
24	54	71	60	35	30	13	40	5	19
37	39	73	62	54	29	68	11	85	42
88	23	63	8	26	62	19	50	33	87
84	70	26	53	82	32	75	78	20	4
69	84	4	33	12	86	55	77	49	5
83	1	24	85	72	78	87	48	26	31
81	47	17	58	18	88	52	8	72	80
63	49	56	50	34	27	40	12	74	21
65	54	84	19	7	80	62	57	32	83
86	62	18	44	69	85	1	59	49	76
63	6	81	58	1	46	77	75	66	86
72	59	29	63	54	86	52	61	9	55
88	63	23	67	3	1	61	48	35	32
36	47	84	28	90	7	89	40	1	79
1	84	19	59	68	49	18	32	90	54
48	59	19	11	62	83	3	29	34	30
61	63	52	49	54	27	88	48	39	66
67	80	32	43	42	77	33	40	37	60
11	85	46	36	62	43	33	67	45	87
12	7	83	56	18	38	85	67	86	87
76	30	70	31	59	89	7	52	44	43
44	57	26	19	87	88	72	33	16	74
33	8	32	68	27	38	75	65	31	59
30	36	37	66	55	90	59	85	41	34
10	78	22	17	59	15	50	56	61	11
14	30	87	90	31	69	22	3	46	10
35	15	37	39	17	58	14	10	52	74
71	6	17	58	80	84	12	23	7	8
20	38	14	57	90	70	40	84	87	33
54	23	85	37	41	29	63	2	80	45
30	13	57	2	49	75	45	65	16	3
29	20	7	50	72	40	51	76	59	39
60	25	15	32	64	76	56	85	8	38
12	67	50	9	26	32	38	42	21	6
77	76	85	78	28	51	14	12	5	36
10	12	56	72	49	89	40	30	17	41
22	37	54	14	3	53	72	33	52	28
3	30	46	90	84	78	50	38	34	82
51	10	20	46	22	16	67	1	52	75
23	72	53	4	27	67	73	50	35	13
84	39	12	47	44	5	30	34	73	31
77	41	68	32	76	27	6	26	63	36
35	72	50	29	70	79	53	7	64	14
14	15	1	47	90	16	7	6	52	62
5	35	73	44	67	68	53	2	86	19
21	76	60	90	1	28	45	10	64	82
74	87	81	66	50	86	54	39	51	4
12	34	11	57	52	3	67	10	44	17
89	34	41	83	71	58	90	39	33	6
29	53	25	69	18	19	22	63	84	32
13	70	55	28	30	85	77	58	59	56
75	67	64	79	51	30	90	69	86	36
12	8	53	27	20	38	75	33	78	60
5	46	47	84	76	25	80	79	4	16
5	86	15	44	21	71	69	52	54	28
1	22	20	69	54	44	82	73	65	28
32	80	29	20	7	72	11	5	39	8
35	89	83	42	62	69	38	55	31	65
2	69	20	37	21	86	11	27	25	1
55	62	58	47	16	64	36	51	57	52
64	6	34	28	57	43	33	54	70	89
2	11	88	57	53	71	49	79	34	44
34	82	84	36	18	26	1	59	64	35
44	75	43	10	54	14	77	4	72	65
58	71	50	84	24	27	14	53	83	75
50	80	54	20	38	35	25	22	11	40
85	80	63	65	50	68	25	20	69	73
10	57	47	20	68	89	65	11	31	51
1	53	32	77	88	26	81	19	44	18
84	37	54	68	5	71	12	6	30	20
19	49	63	68	12	45	67	44	40	89
67	71	22	6	2	53	63	17	36	52
56	23	35	88	82	6	21	37	67	62
75	41	51	65	60	72	45	57	20	68
88	1	56	10	27	30	86	44	42	17
28	75	22	5	45	77	6	41	53	32
26	74	55	67	56	50	62	53	86	6
85	12	33	41	49	22	60	66	11	6
3	66	37	40	86	76	8	64	80	81
53	24	7	15	38	4	37	33	59	67
84	48	78	61	41	77	8	32	25	85
79	48	78	14	9	28	61	62	31	21
71	42	36	84	16	23	44	2	81	74
6	15	64	45	48	56	20	24	86	65
35	64	22	26	77	32	88	52	71	27
86	19	64	73	14	60	5	42	48	32
26	73	60	2	28	45	27	88	76	42
1	40	80	3	33	10	74	65	23	89
90	71	56	58	72	26	53	37	75	18
17	74	5	84	22	11	15	51	26	87
86	57	80	90	36	34	84	16	4	37
13	19	54	28	34	74	76	10	24	68
79	69	72	55	13	22	34	66	38	4
28	53	40	49	81	43	47	15	85	55
85	32	60	51	9	77	45	61	66	67
44	86	7	73	10	89	81	61	72	83
12	20	17	70	90	7	26	22	56	69
15	35	24	41	78	18	40	83	82	47
66	3	26	47	88	5	15	22	40	21
74	83	21	22	86	25	1	34	66	18
8	32	49	22	63	81	86	46	79	50
72	25	8	7	40	23	90	69	67	86
46	32	57	39	78	45	43	28	10	11
61	82	89	44	52	51	70	10	60	62
70	12	66	14	22	84	78	21	82	72
30	59	82	16	84	77	14	87	51	46
3	81	63	42	80	49	89	24	47	77
17	8	81	46	32	89	3	57	18	5
84	2	79	33	62	35	14	73	83	13
8	12	50	2	64	53	23	25	34	85
60	32	61	59	42	25	35	88	4	81
14	17	61	63	74	12	39	33	45	68
42	4	76	24	13	71	72	48	85	7
8	16	80	15	10	44	48	20	70	17
65	39	83	61	48	71	52	62	57	37
74	45	10	42	31	71	51	77	55	60
12	53	43	25	66	71	69	17	84	82
80	62	89	31	20	48	71	12	5	69
73	6	58	57	56	18	43	41	35	81
57	15	30	52	22	55	28	29	41	36
9	31	47	89	67	8	69	70	90	88
89	69	82	79	10	61	68	28	48	74
60	24	42	26	54	79	65	70	80	78
90	30	66	16	17	38	27	47	48	73
80	17	35	3	72	46	60	15	51	82
40	34	23	8	20	11	76	67	52	80
32	70	78	79	29	31	69	26	8	48
87	40	18	20	36	66	38	83	4	75
21	63	50	22	74	46	48	43	38	49
84	42	61	8	57	15	54	81	4	34
27	62	31	61	78	3	36	10	4	90
3	81	38	16	43	11	28	62	63	71
21	5	2	50	90	78	46	69	3	84
16	53	47	79	17	32	1	71	59	8
67	20	10	83	26	60	24	45	64	78
27	6	30	31	47	16	37	86	17	53
11	45	3	61	49	46	60	69	2	78
79	41	2	13	37	21	32	20	63	22
47	84	25	65	2	26	33	10	9	88
68	48	20	18	90	33	45	49	66	16
25	88	45	58	81	65	20	29	55	70
78	62	66	13	21	58	68	33	35	6
53	16	2	40	38	81	35	75	3	50
47	36	84	66	1	21	22	12	28	78
79	36	15	16	17	19	35	21	41	20
90	42	51	79	49	29	58	34	88	63
6	8	2	28	21	13	89	38	30	43
34	80	87	8	2	35	44	46	49	55
84	13	48	72	78	53	2	47	63	17
38	70	7	33	24	51	22	69	35	4
7	48	41	90	32	14	63	68	64	42
10	82	89	57	3	16	60	69	62	81
78	9	22	28	19	16	56	71	29	81
24	28	73	50	19	8	1	43	47	83
12	56	11	46	47	74	66	83	78	1
69	65	37	31	21	59	83	33	25	57
10	84	7	75	24	74	37	20	48	29
32	24	46	84	52	4	47	67	62	39
61	28	8	57	34	22	12	29	51	26
33	65	50	24	73	35	6	27	72	30
61	29	15	3	36	21	7	10	88	85
40	75	42	29	83	59	11	38	88	67
21	90	45	59	23	50	8	10	34	41
63	9	50	73	76	33	12	38	30	67
35	88	56	2	24	15	21	37	51	90
49	65	13	51	57	7	41	55	42	15
8	40	9	5	17	73	75	76	15	89
73	10	19	52	13	49	81	47	62	43
8	47	3	6	11	75	12	33	79	19
10	71	25	3	60	50	28	18	72	84
8	77	44	53	59	54	9	7	34	69
56	21	5	53	7	19	87	74	2	14
78	73	30	45	24	53	22	18	86	10
5	17	22	84	40	62	63	83	38	57
85	80	3	11	51	23	34	72	44	32
49	51	52	7	67	80	59	78	73	69
65	23	64	57	69	71	63	32	51	45
85	53	29	84	74	83	23	72	69	13
67	5	46	75	65	41	23	53	14	84
24	78	89	51	29	23	73	39	32	16
41	53	78	45	44	28	21	67	34	26
82	71	8	10	50	63	6	81	69	41
57	53	56	12	90	79	52	37	27	30
33	2	57	71	31	64	90	36	11	35
42	83	26	39	40	67	74	34	53	81
17	12	78	43	72	45	7	56	65	22
21	35	86	9	27	56	57	7	43	30
21	17	81	90	69	54	6	48	20	55
62	86	39	80	58	40	53	63	64	12
41	59	73	48	24	2	27	63	20	36
12	21	62	67	1	47	53	8	63	17
30	16	53	48	29	15	84	65	63	83
55	69	43	68	57	38	22	49	20	77
7	56	49	27	40	67	81	66	35	75
4	48	68	34	25	57	31	40	11	36
76	56	35	83	72	53	59	43	24	18
84	49	4	73	59	14	21	70	79	19
71	27	70	3	30	78	25	10	61	56
47	59	35	4	1	13	6	38	71	36
4	79	39	37	35	31	82	84	41	85
83	59	45	43	14	46	88	20	12	37
90	21	58	59	44	54	39	28	22	30
40	44	72	51	87	29	46	8	14	31
7	46	10	73	57	74	5	33	89	81
13	11	7	50	57	28	77	87	82	81
29	77	15	50	33	44	79	64	78	52
11	83	47	77	76	18	75	56	27	68
45	37	40	35	63	59	65	30	21	22
89	57	18	4	22	59	5	88	48	28
38	7	71	63	89	25	56	76	44	41
85	53	8	22	77	86	72	83	62	12
7	56	16	27	54	82	80	90	40	13
53	40	63	33	7	31	58	61	32	68
83	13	21	58	54	47	9	25	22	31
9	85	44	27	65	64	14	86	72	59
44	42	35	12	84	23	81	63	59	15
31	79	55	65	7	89	2	82	69	61
39	29	83	19	20	35	84	17	59	80
87	75	27	90	49	70	44	35	5	51
19	50	38	67	44	82	90	10	64	69
80	79	8	76	46	12	45	27	40	50
13	62	85	29	18	4	79	61	73	20
85	55	31	75	68	13	71	73	80	77
23	1	78	30	32	53	83	3	46	4
27	16	45	67	23	41	42	38	2	84
2	53	10	29	79	6	62	3	57	58
14	59	34	37	55	16	57	89	24	6
89	9	82	72	7	50	84	29	27	86
37	12	16	7	89	65	78	70	34	61
38	31	24	55	41	81	69	71	16	47
10	21	53	72	76	73	20	68	40	90
42	11	71	21	49	9	13	35	30	3
60	10	44	87	36	34	78	25	37	47
36	33	14	71	18	89	31	20	38	11
64	57	90	60	47	5	55	1	59	88
69	75	86	8	28	33	15	47	37	36
33	21	69	18	10	78	45	80	5	88
27	34	4	72	14	82	36	90	12	20
44	67	46	1	53	69	15	62	28	5
90	20	86	47	35	22	61	40	75	69
63	78	5	65	28	16	60	55	27	25
6	7	60	1	22	49	72	3	18	29
38	40	45	25	85	81	62	37	79	77
41	26	57	2	51	47	42	29	64	60
57	1	41	47	28	33	70	46	3	80
79	44	76	88	45	60	86	22	83	48
32	51	10	79	2	38	76	80	25	59
89	48	76	31	70	68	78	72	2	62
38	36	29	64	78	48	87	46	77	88
3	2	46	7	8	88	69	31	51	41
75	49	34	40	78	71	22	70	76	68
40	70	48	83	38	9	4	79	68	39
51	43	38	40	25	45	55	5	63	7
23	75	7	50	70	10	60	85	74	38
23	63	34	58	86	77	67	48	90	4
47	63	53	41	27	38	60	88	78	15
81	83	61	12	32	8	26	87	56	78
63	82	31	47	5	56	1	76	39	24
22	55	17	37	3	11	38	88	18	25
3	67	24	58	25	51	87	90	28	70
70	85	37	43	27	46	8	66	13	62
62	6	72	49	24	13	4	50	82	75
50	65	85	4	82	18	29	28	25	3
85	22	25	35	48	32	72	2	14	82
31	55	65	46	38	22	83	78	24	39
10	16	85	38	59	5	42	74	88	22
58	17	50	52	53	75	51	20	38	70
3	23	28	56	57	84	4	59	45	24
35	63	13	32	49	71	8	57	19	33
25	90	62	86	19	56	44	66	77	50
38	9	7	50	73	43	74	13	61	4
20	61	4	50	77	63	57	8	48	6
24	34	17	39	84	83	66	47	19	28
27	81	36	46	44	59	24	62	84	1
10	26	59	31	82	69	28	71	38	2
2	78	16	1	46	29	65	47	5	19
57	47	89	83	36	90	63	22	73	82
35	30	9	52	66	13	56	48	33	79
19	68	14	28	88	26	34	2	18	10
38	77	88	50	75	64	22	56	28	8
85	50	30	8	69	65	42	14	64	13
87	56	40	39	63	30	82	23	74	45
19	5	2	43	78	82	6	60	54	90
9	81	14	51	86	30	28	55	27	84
6	2	48	9	61	39	76	28	4	63
44	80	42	16	7	6	81	15	40	9
18	88	84	13	25	44	83	54	70	45
48	41	81	86	3	60	20	58	15	79
78	6	31	4	81	15	46	86	5	14
12	7	49	4	14	9	40	8	2	58
73	86	18	8	27	50	14	55	19	3
58	18	63	1	3	77	79	74	78	23
52	53	29	89	70	19	59	83	33	48
12	29	48	53	51	44	26	90	22	73
75	11	79	33	21	88	9	40	48	6
65	74	15	32	12	86	55	2	62	23
44	43	4	7	57	28	83	55	71	56
82	87	47	83	20	41	14	63	22	45
59	21	15	12	10	4	83	64	72	70
15	72	13	39	54	89	38	50	71	29
51	89	69	40	37	21	56	81	8	90
31	54	71	76	79	6	2	42	67	12
71	76	38	9	74	13	11	2	54	19
69	7	6	23	15	37	65	89	52	2
19	37	22	47	14	82	11	75	69	53
15	60	18	47	19	13	73	46	85	3
30	56	5	33	51	22	78	21	84	29
66	63	36	32	52	87	73	49	89	53
71	47	73	51	32	45	36	31	62	42
40	28	59	27	11	22	87	81	66	71
26	68	16	40	70	9	49	57	17	20
55	82	34	2	5	72	19	64	11	36
43	16	61	65	2	6	3	72	27	30
71	30	5	16	25	14	40	48	79	47
34	19	53	58	23	84	2	47	15	42
38	62	71	76	69	12	14	49	46	32
6	14	16	77	88	86	35	65	25	84
49	29	17	43	18	25	53	58	51	36
1	7	87	78	79	22	14	72	5	10
54	87	79	3	86	70	76	57	65	10
44	62	70	8	88	32	14	5	59	61
77	3	61	43	17	65	23	76	37	6
82	47	6	67	72	73	17	54	12	43
6	75	58	40	71	14	68	77	41	57
87	42	59	48	60	75	38	67	58	28
21	49	80	22	74	47	86	12	10	33
62	69	44	83	84	3	66	6	16	89
70	37	6	20	29	7	83	24	89	44
19	7	75	6	81	30	67	43	36	74
26	1	47	78	90	31	43	82	71	58
80	8	55	26	58	59	52	9	82	23
20	18	58	5	30	23	15	22	16	59
46	87	72	2	9	21	75	45	76	36
65	16	25	20	30	53	83	73	12	45
90	53	13	85	10	52	60	65	79	3
44	42	19	49	64	58	1	24	3	85
26	29	27	49	4	17	78	69	58	48
80	32	21	48	46	67	36	53	51	16
8	90	53	66	25	50	27	67	23	89
26	83	2	79	37	29	32	68	61	58
28	46	33	76	62	58	71	85	79	27
11	2	68	20	78	6	29	66	70	38
42	3	61	89	69	18	46	28	79	81
76	8	20	41	44	51	42	62	82	81
12	74	3	66	33	43	63	88	57	77
51	34	85	10	15	33	84	5	71	25
12	58	3	34	10	19	75	28	85	59
68	43	49	85	11	14	52	22	63	70
58	38	50	45	69	52	79	81	18	28
62	53	54	49	86	63	10	33	22	64
58	67	63	9	17	55	23	33	78	57
52	42	47	30	80	17	7	60	78	72
47	83	88	44	60	23	48	73	2	80
89	57	41	1	17	52	7	14	6	54
77	37	4	27	48	41	19	81	89	80
65	62	7	58	87	20	48	11	24	90
73	60	31	39	9	62	13	84	2	25
79	86	4	26	80	36	40	82	83	15
58	4	69	61	75	60	52	43	21	51
33	67	55	51	75	63	68	89	78	23
45	47	21	13	59	62	35	40	65	58
8	48	81	86	5	58	1	75	47	60
79	9	21	30	36	28	66	48	14	84
52	49	29	43	44	27	80	6	57	90
67	86	38	90	58	51	68	59	21	53
46	80	34	51	54	62	26	69	6	8
3	63	79	53	41	4	51	39	66	61
35	43	53	64	59	15	37	66	71	78
8	86	75	67	72	51	30	6	18	87
56	64	48	54	28	31	78	18	45	62
24	9	1	6	33	16	90	78	36	43
29	74	77	53	64	90	63	37	48	86
31	8	18	51	17	33	59	65	69	56
82	71	11	55	63	84	52	68	18	57
30	84	9	77	89	56	64	73	24	49
49	34	86	90	42	59	76	27	30	66
70	44	19	82	65	71	55	12	49	85
32	40	74	36	30	76	23	39	1	58
8	37	72	44	48	42	3	40	1	17
2	17	43	7	41	3	26	15	49	74
29	51	77	12	23	76	61	84	32	71
50	40	81	64	63	58	32	46	30	26
45	14	36	63	72	82	70	48	66	37
23	10	65	1	19	45	71	90	39	85
42	34	44	21	66	61	5	47	16	29
79	85	61	32	63	6	1	35	26	16
26	90	51	46	17	30	86	20	31	13
58	75	40	37	29	55	45	67	23	12
36	46	86	1	48	34	8	80	57	32
16	26	38	57	55	20	13	80	42	76
45	5	53	25	46	85	43	30	88	83
6	12	65	7	69	58	11	33	67	75
69	78	7	9	12	61	26	28	6	79
37	64	86	50	10	56	3	78	23	30
33	27	66	5	8	2	79	30	65	3
1	22	28	75	10	11	81	61	15	2
38	2	51	75	59	80	68	71	46	47
37	24	73	65	87	42	40	13	62	20
49	87	46	11	25	36	68	42	69	33
66	47	10	49	1	29	61	13	90	70
5	23	6	86	81	76	33	73	72	68
25	41	21	28	78	73	68	15	34	38
73	70	43	55	66	4	40	50	47	82
81	35	11	83	40	43	33	71	23	13
69	46	84	73	13	72	30	5	68	8
79	82	12	43	85	1	7	64	48	53
35	85	13	41	5	50	47	76	1	25
89	82	15	75	43	25	1	16	68	85
33	75	42	20	16	83	90	53	57	9
18	52	89	20	10	88	85	43	21	7
90	3	50	21	68	81	66	13	24	55
85	2	9	22	18	51	83	56	66	28
17	76	37	48	40	38	13	25	60	23
18	52	67	40	13	26	72	69	25	23
40	66	83	45	2	36	14	57	42	12
56	27	53	32	59	58	30	51	18	1
52	29	19	44	84	43	21	68	8	28
59	16	71	90	56	30	4	80	86	51
32	71	10	7	8	6	22	13	53	75
66	51	7	67	36	13	88	54	38	46
25	9	46	75	54	19	63	20	53	88
42	13	87	66	68	8	76	38	48	65
42	28	37	69	20	57	60	88	11	61
84	86	72	22	49	66	78	27	30	15
15	68	56	55	63	48	87	71	25	2
84	76	24	36	29	52	14	58	77	21
58	82	54	7	87	22	59	4	5	32
77	23	51	70	20	79	7	64	85	43
86	8	38	29	75	47	37	71	88	39
1	32	82	41	83	12	67	33	25	70
75	74	14	87	35	47	39	40	16	7
52	49	71	22	54	34	7	16	62	4
68	24	32	70	30	43	17	80	54	18
33	34	9	14	60	28	7	77	40	76
33	80	48	37	88	42	79	53	34	1
47	86	26	62	75	81	21	70	85	27
39	78	44	63	80	77	11	32	65	23
10	38	26	19	27	64	51	12	65	88
58	25	30	2	20	64	16	65	76	79
84	38	69	35	90	23	70	87	44	37
5	86	48	68	20	27	88	1	36	34
57	6	29	3	82	41	61	81	51	38
6	72	81	16	55	39	57	54	27	51
81	87	78	75	71	32	29	7	86	2
54	77	21	43	36	15	62	10	8	19
60	50	13	80	55	79	58	43	4	45
53	73	24	70	65	20	11	52	29	68
15	47	46	90	12	24	26	28	63	57
39	85	66	2	53	26	88	9	44	23
60	68	88	36	49	2	8	69	30	31
47	27	61	41	21	13	60	46	87	30
83	13	74	78	85	2	9	40	43	63
57	13	79	81	12	54	50	48	4	60
67	2	68	64	26	57	77	80	59	48
40	52	3	30	57	77	35	50	62	83
39	70	30	88	72	27	2	90	37	23
73	66	58	9	89	8	33	49	62	82
75	62	20	43	83	57	52	81	76	72
88	42	60	18	90	23	63	80	31	33
66	45	3	51	50	79	32	46	76	58
90	66	31	43	69	74	38	36	75	12
79	34	37	31	14	77	2	10	56	48
89	39	65	41	86	72	35	74	12	21
9	30	55	5	29	89	86	50	20	12
29	90	76	37	80	26	47	8	33	16
55	49	18	16	26	31	29	25	46	82
33	90	78	7	70	32	81	67	40	51
26	88	7	14	85	29	11	34	17	78
33	42	46	81	64	73	82	40	21	69
55	15	42	34	67	50	73	19	35	86
3	60	68	9	27	50	90	21	79	81
66	86	88	31	32	74	56	77	78	12
11	90	89	8	38	60	10	9	27	70
43	10	25	65	78	38	80	66	17	34
21	75	64	43	14	45	83	77	46	60
1	43	80	89	59	46	12	28	18	75
54	43	40	65	68	84	34	11	22	44
1	55	28	35	50	69	13	32	49	12
87	13	48	58	2	23	34	11	79	39
72	64	42	7	36	46	70	71	61	79
21	75	38	58	29	77	72	49	37	12
2	20	73	65	79	71	51	19	12	18
70	85	5	78	49	74	82	2	54	89
25	71	90	47	17	76	7	42	70	16
43	17	26	67	28	39	74	68	42	46
62	85	82	35	54	46	53	75	24	26
57	60	53	65	78	44	38	5	69	21
56	33	8	22	50	4	64	17	57	72
18	27	51	1	47	20	69	48	5	41
76	89	81	87	74	21	46	71	25	29
52	67	36	84	38	4	83	26	16	41
23	84	50	79	61	42	36	27	31	85
68	90	45	20	4	54	36	76	61	50
82	63	60	77	13	24	59	37	31	41
51	8	23	64	44	87	28	50	46	58
14	25	67	2	5	89	36	27	38	55
49	17	14	60	12	59	63	80	81	22
67	48	32	24	8	58	50	15	77	3
13	7	25	19	15	68	54	39	2	38
30	76	3	86	27	70	87	46	51	49
2	81	26	28	12	27	29	73	13	49
43	79	67	10	49	39	52	64	28	63
66	80	20	78	52	69	18	64	24	21
3	30	22	26	2	18	89	24	67	49
88	5	32	71	85	3	89	41	16	19
72	25	75	48	61	36	85	23	43	19
74	1	25	56	61	28	15	48	8	54
19	27	33	83	26	87	42	35	37	11
47	66	22	51	85	29	75	64	24	53
4	14	90	33	37	45	51	25	42	28
86	58	66	22	28	8	2	90	72	79
6	27	62	46	30	11	17	8	7	81
73	68	36	86	51	8	90	3	69	65
48	16	42	45	12	70	58	66	80	75
40	47	22	56	48	44	65	64	67	70
72	27	55	50	5	60	45	42	36	85
32	89	72	70	82	56	59	39	10	60
51	27	42	47	88	90	63	31	82	70
60	26	2	67	88	42	76	64	70	33
68	51	31	49	75	57	58	89	71	45
37	64	15	23	32	29	71	62	20	27
41	47	43	13	16	24	65	55	89	33
24	81	46	3	10	44	42	9	8	4
7	82	68	3	48	57	47	34	41	53
33	75	89	27	65	85	30	40	59	38
72	63	54	39	51	33	78	22	73	49
3	60	41	85	70	29	55	27	86	48
70	84	48	26	29	2	40	60	20	41
73	19	88	16	35	26	58	32	6	15
61	64	49	87	7	74	34	30	15	62
55	50	15	63	64	60	48	84	10	85
87	86	67	60	51	84	90	18	66	5
19	11	54	4	60	46	26	67	47	5
85	24	60	4	23	67	37	73	84	49
49	86	67	5	14	16	45	87	66	61
16	89	56	67	73	35	26	30	45	27
15	22	63	56	21	20	88	89	46	67
34	53	21	56	37	36	78	65	90	49
15	82	87	40	62	26	75	89	29	30
86	18	43	22	3	36	47	21	12	5
65	17	76	23	49	0	0	0	0	0
70	22	38	59	72	28	45	52	6	61
32	49	6	39	76	83	82	47	78	85
52	12	10	90	71	40	68	17	11	3
83	1	30	36	4	77	74	23	45	46
84	40	9	32	68	77	12	55	66	20
55	62	67	61	48	42	4	23	75	12
46	86	18	2	47	67	81	26	40	29
68	12	33	39	45	90	56	72	25	46
56	71	41	78	74	37	21	17	75	77
61	77	38	34	70	2	24	78	15	27
31	16	1	61	65	30	67	5	15	52
21	69	55	63	30	15	7	82	71	44
55	89	73	70	1	54	11	71	51	25
1	86	61	70	13	41	59	32	83	19
55	45	52	34	44	84	80	51	6	20
25	11	38	52	65	7	5	8	15	76
75	10	43	16	81	62	34	51	6	37
85	77	19	73	27	48	78	44	33	25
81	39	63	77	7	60	89	76	43	25
39	74	62	65	87	32	21	18	14	46
21	22	69	43	62	40	30	27	63	66
13	8	41	58	75	35	57	31	30	52
36	72	71	21	37	4	76	63	26	60
7	54	52	69	60	71	48	59	26	70
64	34	29	26	17	79	63	57	62	61
10	55	38	9	7	3	20	76	26	1
68	8	83	47	1	28	32	10	39	13
31	61	35	68	57	41	82	4	22	28
58	5	89	39	76	38	9	70	12	88
67	73	7	79	64	55	32	23	50	87
42	8	39	84	52	46	55	37	35	59
17	74	37	80	79	70	33	61	42	34
17	61	69	60	76	35	80	81	21	88
76	16	67	9	78	47	12	42	61	73
56	38	41	61	43	37	26	84	29	73
68	89	74	77	79	12	8	75	2	73
41	54	65	80	31	79	51	82	39	76
32	50	27	26	21	16	25	77	56	59
76	40	20	2	34	62	53	33	12	46
14	39	29	23	3	12	78	80	48	74
71	72	54	60	58	3	1	7	55	90
17	37	16	70	21	4	59	12	48	74
35	65	61	68	50	19	43	13	32	1
39	51	63	16	62	70	21	69	26	87
62	28	45	35	59	15	87	10	23	49
16	88	24	90	86	50	80	41	19	5
18	33	77	5	65	7	52	2	3	24
24	28	50	74	51	33	11	48	83	84
89	86	18	27	85	75	72	4	29	45
47	51	43	39	9	42	20	8	71	88
29	53	62	11	64	30	32	12	4	87
43	63	67	71	42	66	41	56	57	34
80	8	5	68	70	59	44	22	24	38
43	2	54	73	75	71	9	48	77	14
3	76	77	41	19	83	52	8	59	24
84	63	50	14	51	28	46	25	21	39
51	28	27	80	89	18	3	4	90	69
38	31	30	28	41	16	20	29	3	56
83	27	62	17	43	32	37	13	1	22
88	57	2	65	80	41	51	42	17	26
36	86	62	30	22	34	1	83	15	70
85	37	14	53	45	35	55	49	44	7
28	83	23	60	32	24	40	18	89	52
41	66	28	55	87	68	37	80	59	77
14	85	54	63	73	5	13	61	37	30
77	47	20	10	70	64	16	18	5	55
53	43	51	74	26	9	31	73	44	70
78	18	80	85	50	66	38	61	12	82
59	21	35	84	14	47	60	22	90	33
65	89	1	66	35	19	10	59	54	49
68	25	82	69	90	17	86	64	72	47
40	51	84	62	34	41	54	88	5	52
23	18	89	12	71	56	14	58	68	70
62	38	60	48	6	36	83	72	63	29
20	89	47	7	3	37	56	65	21	24
74	32	87	12	64	43	11	56	50	27
48	20	56	88	61	54	12	41	70	10
76	70	58	12	45	50	29	21	51	14
65	45	61	12	81	74	76	6	56	52
39	20	54	59	37	33	7	3	52	48
47	49	36	69	66	62	87	75	71	20
47	69	35	19	16	83	57	12	75	65
54	85	74	28	25	10	44	33	15	61
27	74	85	79	22	57	54	49	32	82
31	7	50	23	82	9	37	62	6	20
21	66	79	81	43	42	76	46	62	44
35	42	78	2	71	40	27	74	45	58
17	64	4	88	55	18	69	57	5	74
11	18	71	23	15	88	59	89	55	45
54	65	11	70	19	81	69	28	18	12
8	66	22	18	79	17	35	1	45	51
12	40	71	81	34	35	89	46	85	43
63	34	87	47	57	84	21	79	10	22
72	84	34	83	73	4	85	27	52	90
15	62	17	41	87	54	90	68	38	66
70	28	81	76	27	41	56	55	40	19
5	81	34	59	17	20	84	54	53	36
48	69	2	59	53	60	34	58	44	63
11	39	54	18	34	81	35	15	55	33
74	73	66	6	78	14	84	62	60	71
71	16	12	62	72	32	83	77	30	46
65	72	44	2	27	64	82	1	49	58
61	15	73	75	30	31	1	8	16	23
17	41	34	53	49	18	52	9	29	59
41	65	6	48	18	69	57	49	2	54
47	65	6	60	71	40	81	66	3	76
15	49	32	7	28	67	30	25	74	9
36	27	1	61	72	29	84	22	87	7
18	31	46	58	85	37	13	35	29	55
35	89	61	85	79	52	25	27	36	24
52	87	5	6	34	57	81	82	70	45
7	59	61	29	88	25	45	58	83	55
10	62	57	5	85	22	2	88	16	7
90	53	73	88	60	63	28	36	80	33
53	42	20	44	64	15	78	90	57	77
44	20	4	81	47	31	15	12	43	51
32	66	79	34	69	80	24	41	37	26
16	9	48	81	62	82	41	21	45	20
33	1	4	62	80	13	41	7	27	14
82	41	1	32	89	14	22	70	85	56
22	16	60	37	73	89	39	44	31	84
65	60	10	31	14	90	75	12	66	33
61	1	50	25	44	83	89	3	80	71
13	18	28	1	23	3	32	29	44	81
85	51	65	29	33	56	27	39	14	40
48	45	58	84	88	30	86	35	4	53
75	25	57	20	52	37	48	22	44	9
87	23	61	33	59	21	46	52	22	85
83	17	4	3	58	60	42	13	80	85
63	50	3	73	87	23	24	47	82	78
87	71	88	79	20	61	13	75	77	40
89	53	90	38	14	42	28	74	87	85
72	74	87	49	67	75	7	23	46	36
45	52	87	4	74	47	20	68	82	89
17	75	56	67	30	74	48	18	53	90
7	62	76	65	27	84	19	46	6	12
69	33	86	73	88	30	51	49	27	74
45	74	33	73	54	72	75	56	22	12
70	84	44	53	49	8	73	78	39	32
65	15	50	33	27	43	38	84	66	21
20	53	49	38	62	89	90	73	76	42
33	79	61	67	72	75	74	47	24	70
61	67	37	43	86	1	2	4	81	26
1	90	24	83	61	65	8	26	47	11
42	67	66	74	37	46	87	21	20	80
56	21	13	85	5	20	7	26	51	44
35	7	85	33	40	60	74	25	19	2
23	60	56	41	25	62	28	72	59	66
2	84	10	20	21	16	14	32	49	34
30	24	55	71	75	81	6	37	78	11
23	65	83	79	36	61	67	13	5	11
46	68	87	9	44	54	74	84	19	23
72	22	46	58	70	51	74	19	23	66
33	29	1	48	71	6	36	66	17	39
22	11	65	84	5	1	56	3	71	13
56	82	34	8	33	76	48	42	26	21
73	10	72	64	78	80	68	53	36	85
75	3	12	63	46	8	64	83	4	87
37	48	64	69	43	47	9	3	22	71
89	17	9	27	23	41	78	57	10	70
17	18	40	86	25	21	19	57	85	32
39	36	30	81	29	21	58	68	3	11
53	34	67	82	35	39	4	62	64	50
35	42	84	11	78	6	82	85	47	22
5	23	36	25	41	65	46	22	64	31
86	26	35	55	52	21	48	54	2	45
87	66	21	19	86	72	80	18	79	75
21	77	55	12	14	60	70	89	25	28
32	50	68	30	5	82	29	61	81	25
72	17	3	51	27	55	37	53	26	21
11	61	3	9	83	29	45	13	20	36
17	78	22	24	42	9	41	82	75	89
11	77	62	2	65	17	48	31	80	70
30	21	53	20	27	32	84	39	23	65
89	31	81	84	33	22	79	14	17	72
64	35	9	86	58	56	8	63	51	30
51	17	18	75	83	67	61	30	76	62
22	4	88	58	53	86	42	47	76	69
83	70	90	40	18	58	57	50	63	31
14	27	21	22	56	76	88	42	26	82
54	57	79	49	74	77	37	63	13	36
37	18	13	5	80	66	3	25	54	84
12	3	78	20	51	30	67	2	15	13
11	50	64	28	1	79	7	26	21	78
44	89	21	66	82	87	85	51	6	23
71	70	65	76	68	60	81	31	48	49
78	31	69	4	19	26	3	87	27	30
44	13	50	82	89	53	72	37	47	21
53	28	38	5	64	83	87	23	75	43
65	3	81	25	38	9	79	14	28	20
57	23	46	8	17	49	48	66	21	81
67	58	33	82	59	75	81	80	32	70
62	22	56	75	24	32	9	58	26	80
44	89	30	50	17	39	10	26	43	21
54	8	61	37	44	59	58	78	63	73
31	81	85	16	12	47	5	4	86	26
5	46	38	49	55	89	24	59	16	71
29	64	46	28	56	21	74	39	78	80
71	66	38	31	78	3	16	84	74	25
3	24	42	53	64	80	78	83	71	25
84	70	33	14	35	1	71	64	57	60
29	71	5	76	85	56	84	6	70	86
22	45	55	46	81	56	77	12	4	27
72	16	34	51	4	32	45	13	28	85
62	4	40	10	55	76	15	88	35	81
69	33	61	68	36	8	34	27	84	54
59	25	38	76	53	80	73	63	31	40
56	50	63	35	52	27	51	49	3	43
84	6	73	43	7	77	34	35	10	55
25	1	24	29	18	13	70	35	73	78
77	19	32	57	30	53	3	73	37	79
10	27	84	6	49	29	56	4	75	22
65	41	67	9	63	52	74	66	20	60
28	68	52	12	9	25	66	85	78	82
8	40	14	29	39	10	67	59	28	50
67	41	30	86	71	22	54	68	65	12
37	38	28	78	1	87	65	63	43	27
83	73	7	81	6	57	25	21	3	79
6	84	89	29	87	41	35	78	24	4
79	36	5	35	86	68	17	61	52	13
3	4	53	11	80	35	59	68	87	47
15	82	26	16	51	54	30	83	27	49
73	76	57	18	41	53	9	77	10	4
85	8	57	78	22	45	77	25	37	36
47	85	31	74	10	81	84	18	89	6
13	84	23	19	70	45	85	56	67	87
43	72	29	14	21	9	17	30	15	54
14	8	74	68	39	24	75	63	34	90
62	81	42	28	21	18	12	8	69	25
74	47	48	10	73	25	63	82	78	34
78	4	38	25	37	65	53	23	81	87
78	17	21	47	43	62	59	16	81	54
29	42	54	41	51	25	57	85	38	17
1	24	25	12	31	87	89	52	56	26
50	86	43	65	32	63	77	64	18	16
4	66	10	62	79	45	38	69	47	75
46	52	43	2	65	54	45	3	5	8
19	78	72	34	23	85	32	47	44	29
21	38	28	59	85	75	73	40	53	55
63	49	17	50	89	88	29	67	83	57
9	42	67	45	35	1	20	62	22	43
81	76	50	26	53	39	64	65	62	3
72	82	88	24	67	50	58	78	14	46
23	55	41	82	65	49	69	84	76	85
4	9	44	28	31	77	72	42	16	20
80	21	23	22	7	64	88	40	35	85
4	3	24	65	9	22	69	7	79	5
34	25	35	90	70	31	46	42	71	29
81	86	83	47	50	53	20	87	30	43
40	31	68	38	7	79	17	28	44	36
65	39	37	51	41	16	33	19	66	54
3	15	54	17	89	74	18	65	77	69
14	31	80	74	7	88	47	78	15	46
7	28	13	32	8	62	73	5	64	11
6	83	39	1	24	25	18	75	14	54
15	41	1	61	28	67	54	79	24	14
70	46	88	77	83	48	74	13	20	15
50	27	29	87	86	22	46	65	83	74
50	2	68	11	29	87	77	73	75	69
78	76	14	71	26	21	1	73	67	64
41	54	67	23	9	37	17	42	51	11
58	43	44	82	20	71	36	37	10	26
72	89	19	88	77	8	74	2	17	83
79	15	1	39	23	2	7	17	51	30
78	55	87	84	9	75	40	19	61	60
1	74	80	16	28	10	88	52	83	8
22	4	32	43	29	57	50	14	46	72
29	82	31	67	71	77	73	22	87	35
61	37	19	58	32	64	51	23	88	26
51	15	10	68	8	73	26	65	40	11
24	6	44	59	36	60	54	72	24	71
65	37	61	39	76	38	11	63	80	77
60	78	13	35	89	83	36	27	46	21
52	89	78	69	29	75	56	70	4	77
3	4	19	46	8	18	81	20	69	45
66	56	83	78	30	22	16	64	27	54
57	16	59	77	52	72	86	79	3	76
66	31	74	17	41	24	80	10	51	39
73	54	46	59	14	8	69	66	40	82
61	34	74	87	11	48	33	15	20	81
58	28	45	83	55	41	67	74	61	48
74	40	27	69	1	19	11	24	26	42
31	35	63	76	46	23	32	14	45	56
57	15	75	78	68	63	29	42	5	28
55	70	40	47	39	61	57	21	16	58
63	44	80	74	14	36	83	68	37	31
28	65	24	18	87	39	36	1	85	22
69	41	74	53	77	85	1	14	90	10
19	6	12	31	30	27	67	76	47	55
46	58	33	67	53	44	76	38	73	86
8	81	34	65	33	53	13	87	79	30
4	20	17	61	10	70	9	2	49	29
57	8	31	21	74	79	40	33	1	49
45	7	77	63	17	31	24	76	34	70
72	13	42	10	83	58	76	12	34	20
73	64	74	31	63	79	89	48	62	88
30	90	67	13	83	37	43	19	41	24
1	80	4	10	72	67	89	11	87	41
28	30	73	15	11	55	56	42	14	71
73	33	67	23	70	37	72	44	6	10
35	12	49	3	56	88	25	83	30	51
38	85	12	76	61	33	49	19	39	4
22	24	87	74	61	79	29	10	11	8
57	5	33	24	19	71	67	38	12	72
52	41	79	62	65	10	55	72	28	45
53	83	38	10	26	86	42	71	31	55
45	62	33	21	54	12	85	34	82	26
15	27	30	87	69	71	16	59	14	33
84	23	13	22	52	18	31	36	40	79
78	45	74	83	43	71	33	82	29	54
47	66	61	63	45	30	43	31	74	9
23	44	19	24	79	85	28	14	70	82
41	63	85	39	59	43	75	73	58	4
59	28	4	88	14	26	42	16	41	85
53	45	33	57	35	15	61	68	1	77
18	29	54	32	59	69	23	68	5	34
34	36	80	43	33	8	1	70	10	11
20	62	54	30	43	68	21	9	46	61
30	38	87	28	26	88	23	13	2	68
39	90	18	37	14	30	61	74	79	77
79	57	38	17	43	90	21	33	68	75
49	63	82	51	47	28	19	34	76	58
11	6	37	31	82	2	33	35	69	22
39	90	15	13	8	74	55	35	58	65
25	53	58	74	29	50	32	81	27	73
75	4	79	17	64	82	49	32	63	43
48	14	26	42	44	53	58	2	29	38
15	85	48	67	79	25	19	26	10	62
12	37	63	49	75	17	19	23	10	47
47	87	58	81	53	66	7	69	84	71
14	57	33	17	67	78	74	66	12	49
72	38	24	28	66	81	12	51	9	3
18	10	44	52	70	45	3	31	71	9
72	86	59	23	4	16	33	52	78	89
76	68	50	62	70	12	56	58	37	80
81	53	25	90	16	11	57	67	36	30
80	63	78	39	33	4	6	18	87	14
47	55	20	12	76	58	21	9	83	24
76	60	33	24	34	11	20	15	12	78
16	78	63	1	67	28	40	80	14	22
88	41	12	61	10	39	67	16	5	56
59	79	70	44	9	87	69	62	39	23
81	80	1	20	50	10	25	22	85	17
60	3	42	21	11	51	82	37	85	66
45	63	90	43	29	86	14	44	68	32
29	4	40	85	45	6	55	59	43	31
20	16	42	50	35	44	55	76	57	63
30	75	55	54	83	44	15	46	13	17
30	67	4	58	21	83	71	1	90	86
4	82	53	32	67	43	41	37	77	22
25	31	2	24	15	67	41	29	7	4
24	23	89	27	41	57	74	60	50	43
10	13	45	39	5	26	64	82	87	32
55	52	25	60	75	68	26	50	35	28
55	32	56	9	35	38	84	14	48	59
88	40	59	37	57	83	78	76	32	82
59	60	13	78	61	25	20	34	71	64
48	44	58	11	62	24	60	61	25	45
62	80	85	25	10	17	81	68	27	59
62	74	65	75	19	60	33	41	18	30
33	60	70	66	56	87	9	37	25	18
83	17	47	48	34	22	54	44	25	58
7	37	61	71	16	45	2	18	12	58
43	77	19	63	82	48	12	70	41	69
55	50	41	15	86	45	72	11	75	16
36	47	90	79	87	19	77	70	46	68
10	12	82	69	24	60	11	81	1	44
39	37	46	84	6	69	21	42	16	66
51	39	87	14	74	19	11	3	54	47
67	70	17	24	6	16	19	7	1	31
24	74	39	20	77	38	45	23	13	67
43	71	57	13	15	55	72	86	20	1
89	87	20	42	24	52	53	19	70	81
48	25	89	66	58	83	46	74	88	79
57	63	53	44	50	21	16	45	28	75
55	22	51	78	27	19	14	60	77	8
3	13	80	49	7	24	48	72	59	53
74	10	55	5	82	88	12	50	75	89
33	84	49	21	44	22	57	13	78	90
42	15	72	13	3	56	65	10	60	9
12	4	42	5	85	8	28	87	48	45
2	18	20	40	62	43	9	69	37	41
59	11	53	17	19	63	51	86	73	80
31	75	42	67	17	19	44	25	55	3
20	62	24	84	7	54	59	48	68	10
72	20	25	73	39	75	31	65	71	62
57	15	58	87	79	90	80	13	52	67
13	71	69	49	54	30	17	81	70	74
27	67	75	25	69	81	66	64	2	11
21	8	31	14	67	56	61	12	19	78
33	56	1	6	27	16	62	80	8	70
43	72	36	59	55	63	8	11	49	27
41	48	51	25	33	71	63	5	40	34
1	12	46	28	65	78	57	3	37	39
51	68	12	76	8	2	21	78	60	80
51	8	68	5	28	54	10	2	86	84
23	5	52	69	47	70	77	20	89	38
69	1	81	14	20	71	76	82	44	5
79	21	77	18	57	2	17	66	36	74
77	68	69	46	27	50	86	36	3	71
50	51	46	67	81	90	57	35	1	85
63	31	22	90	41	72	78	87	25	67
90	80	24	69	51	75	36	19	48	84
5	23	53	70	18	86	75	49	19	50
48	62	71	75	66	49	51	4	38	85
82	86	35	64	53	80	39	31	21	89
66	82	88	51	27	80	8	79	5	69
6	59	63	38	10	42	24	82	57	20
53	87	49	58	72	63	17	44	71	41
45	36	16	55	75	64	5	84	56	28
24	73	45	10	44	53	58	37	69	4
31	74	71	47	64	5	42	17	4	65
61	84	65	75	35	42	89	66	54	83
31	18	49	11	43	44	70	15	45	57
4	71	70	10	77	79	86	49	40	76
29	70	12	34	51	33	79	59	23	16
76	50	57	26	66	31	65	55	87	63
47	28	74	25	60	34	69	43	83	84
43	80	66	45	31	74	72	58	42	22
36	13	22	30	68	32	70	89	20	53
24	5	72	69	71	52	63	86	61	68
52	13	36	57	53	48	72	37	47	67
1	53	35	66	40	8	50	90	67	83
3	30	51	16	42	25	89	50	60	22
22	73	33	83	48	82	30	55	32	54
86	69	3	24	65	14	26	40	16	11
4	70	37	24	89	67	26	76	72	66
80	25	83	3	9	90	81	88	79	28
33	4	6	54	82	52	16	12	62	13
16	32	4	1	7	18	89	54	66	53
7	65	82	62	31	13	10	40	37	43
31	54	20	46	76	28	79	30	34	36
20	85	67	88	52	46	83	27	72	44
87	44	69	66	40	36	80	90	55	32
69	24	68	40	22	21	75	78	25	85
45	10	64	74	12	90	30	87	3	77
88	63	86	78	65	2	21	18	90	85
29	18	77	15	61	38	48	84	21	16
66	86	37	78	50	43	35	46	75	53
90	38	6	9	42	73	28	19	57	80
82	85	27	45	76	59	38	90	18	60
15	73	9	34	35	59	1	43	44	32
80	74	55	52	53	71	17	83	14	8
80	45	86	79	53	34	59	64	89	83
30	34	20	56	77	3	48	82	49	24
44	16	1	61	87	28	50	47	24	39
33	80	8	39	16	4	40	70	75	85
41	55	58	30	44	46	32	43	73	29
47	24	44	52	37	86	90	3	22	33
45	2	70	47	10	4	28	70	75	85
45	8	52	4	41	49	25	56	10	83
90	35	43	48	74	53	46	34	25	3
72	36	23	80	67	19	48	79	62	24
7	45	78	76	11	4	37	24	79	82
74	41	57	42	14	52	6	84	79	68
6	39	2	45	10	13	16	63	48	60
80	55	86	66	11	38	19	83	64	60
11	22	9	75	78	34	82	16	76	79
24	48	67	26	64	32	79	72	56	10
25	10	23	45	3	57	78	74	59	5
61	68	37	27	26	86	16	83	52	66
35	25	89	88	49	58	24	84	19	65
44	33	29	65	78	13	43	55	24	38
13	48	11	44	80	53	4	65	3	30
46	76	61	57	48	14	74	9	26	41
48	78	61	10	65	79	22	82	46	39
52	18	54	3	81	14	72	88	42	65
87	71	4	9	51	77	62	49	78	64
16	17	51	62	67	83	77	64	60	21
44	83	35	12	60	8	59	37	49	20
31	27	69	50	28	88	87	66	1	64
81	15	65	12	22	2	76	27	71	87
85	67	2	88	5	12	45	55	57	72
80	45	89	57	8	50	16	21	55	72
18	61	51	45	55	43	29	6	10	24
78	13	44	86	84	40	6	76	62	48
75	44	22	15	50	6	46	33	58	47
48	70	74	35	38	6	32	55	71	87
70	29	37	1	62	54	76	39	85	41
38	28	16	24	61	76	63	68	53	17
13	11	54	89	6	47	56	26	21	3
28	31	56	74	21	26	52	24	53	49
24	19	86	79	46	12	88	1	26	10
37	6	34	52	7	39	8	47	54	80
12	2	15	42	71	33	24	64	34	8
40	14	72	20	75	29	58	89	60	90
86	27	77	85	45	50	12	23	79	21
77	61	20	70	30	41	83	13	56	64
56	69	13	71	25	9	41	29	17	54
89	31	28	48	1	57	52	78	40	81
65	31	30	86	40	47	14	34	61	12
89	57	12	39	44	51	24	29	71	58
60	85	72	53	59	79	76	80	57	84
65	62	27	35	12	13	89	20	57	81
3	6	70	37	23	22	45	73	53	7
45	64	11	44	35	1	88	38	51	25
12	47	58	15	87	54	48	63	56	74
80	17	64	73	42	53	84	90	81	55
34	64	69	8	61	90	54	74	47	81
88	38	15	54	42	10	27	90	61	17
3	8	46	28	1	69	72	9	11	19
5	19	54	23	10	48	24	38	18	72
90	52	20	67	37	82	46	41	75	27
89	64	47	79	61	83	33	43	80	10
65	60	13	50	39	18	26	22	31	9
41	51	63	67	37	25	53	10	80	47
75	48	18	87	38	88	50	9	40	30
65	17	57	66	38	52	10	48	27	14
49	82	73	84	6	43	26	29	86	57
27	67	84	46	72	3	13	37	39	64
35	79	47	53	24	86	73	56	11	38
11	74	33	5	89	75	84	46	30	59
82	15	27	49	54	47	84	36	1	12
68	82	72	59	36	84	66	5	16	37
87	81	46	44	82	67	59	4	64	2
77	52	36	42	30	9	43	11	14	74