82	30	19	51	78	73	56	84	59	45
15	42	43	17	23	39	60	5	9	21
27	42	7	69	71	80	83	39	29	63
27	81	74	28	90	3	15	80	4	50
1	53	68	14	50	12	27	32	21	22
50	41	33	82	3	5	14	6	54	75
15	69	59	74	24	54	49	27	61	64
5	10	38	80	31	65	76	55	62	85
8	35	86	10	85	67	36	14	71	78
17	65	60	90	80	47	67	77	82	33
32	90	1	27	8	65	24	50	56	51
58	67	13	75	2	74	72	6	45	24
24	47	49	62	19	43	11	15	48	5
44	30	43	59	2	53	14	40	72	32
56	6	88	29	46	40	78	11	20	9
25	77	5	59	69	30	3	82	78	47
74	18	68	27	14	64	88	37	69	45
69	53	72	55	83	19	1	62	70	29
79	34	18	2	21	5	10	70	61	26
49	21	15	36	77	45	54	82	81	32
9	19	10	78	56	40	71	28	80	90
79	77	9	29	14	6	74	51	41	8
25	23	11	77	47	32	84	85	24	72
90	14	12	72	39	11	24	9	28	58
78	16	32	54	49	51	84	27	19	65
63	83	18	59	29	35	39	38	68	3
22	71	48	69	59	28	23	39	1	8
42	81	31	48	38	60	55	69	12	27
18	11	47	42	56	61	79	3	16	87
12	90	62	29	84	17	5	16	23	82
89	36	4	69	16	74	71	5	56	80
81	33	48	28	47	43	7	30	71	29
43	74	10	27	52	82	63	58	44	46
53	69	89	84	55	44	59	76	87	79
75	38	70	55	46	84	72	51	41	13
10	18	78	8	16	61	26	80	66	6
68	19	39	69	81	83	77	82	9	50
44	36	10	65	78	32	42	40	27	89
79	32	88	83	42	37	35	14	15	43
43	56	10	20	89	36	90	16	5	35
77	29	80	4	6	83	53	63	15	85
84	81	36	38	29	65	9	76	33	5
35	79	18	46	31	89	90	37	80	65
48	54	76	37	11	32	64	60	58	2
78	24	52	76	53	90	79	34	85	71
4	83	70	9	75	66	54	34	6	19
77	84	79	76	37	33	1	64	14	51
27	46	80	77	25	17	85	39	51	5
62	48	30	49	73	86	59	88	68	50
21	69	9	29	71	79	3	7	58	66
39	16	90	12	38	57	62	47	64	45
25	79	80	32	36	9	27	52	15	63
24	41	80	25	10	63	33	12	22	28
26	41	17	69	60	34	68	38	11	88
60	31	73	41	57	34	12	59	50	39
57	62	86	83	42	44	24	37	79	87
52	81	82	88	67	17	74	53	77	54
28	24	80	75	53	11	56	23	52	21
10	64	27	17	76	23	66	60	80	19
45	58	50	88	18	38	82	64	14	7
61	58	4	18	19	65	42	57	81	86
52	50	3	82	15	29	8	26	63	61
59	50	63	71	79	38	80	89	41	10
27	82	23	46	6	38	90	18	9	64
71	43	64	35	84	1	69	27	25	87
26	24	37	36	89	2	6	71	81	78
68	74	63	55	9	35	89	62	61	60
16	44	50	67	83	58	45	90	24	60
54	8	47	83	86	15	85	77	43	71
21	23	24	88	85	25	46	33	69	73
74	26	55	81	66	33	43	47	3	86
42	3	16	56	87	68	52	11	39	88
21	40	10	71	83	18	15	19	34	45
4	79	46	25	77	74	29	38	61	76
28	27	59	75	43	55	49	60	31	41
24	52	14	44	68	30	42	88	46	64
20	58	67	31	4	61	84	85	87	80
49	31	65	30	58	77	85	82	37	75
18	27	66	24	50	23	67	45	29	73
6	24	71	73	77	11	42	47	29	84
67	15	77	88	68	36	35	8	61	51
79	85	20	87	2	73	26	25	47	33
89	20	50	47	11	81	35	8	80	28
14	90	5	3	16	75	57	40	83	26
24	85	75	30	1	20	35	64	26	83
24	42	10	47	87	48	57	54	85	60
85	89	61	12	13	28	7	66	50	77
11	36	68	62	42	33	81	64	29	79
40	81	63	39	80	18	51	75	50	21
10	1	84	71	72	66	19	21	44	5
77	51	33	11	79	65	3	59	62	90
80	49	63	21	86	53	7	6	23	45
76	17	26	35	30	49	83	39	53	65
36	18	65	70	5	42	16	39	22	10
41	12	62	39	13	29	37	22	1	53
45	50	85	68	70	89	21	44	3	26
52	81	61	85	24	79	58	86	51	40
39	1	14	30	17	36	15	80	4	50
69	77	86	22	55	32	2	40	10	72
12	24	63	76	14	84	90	67	38	36
20	7	26	56	40	89	11	60	30	75
40	38	20	39	59	27	36	18	41	81
88	15	85	44	53	33	68	50	84	6
38	16	66	60	84	90	76	5	39	40
55	8	49	34	18	1	82	58	7	84
34	42	17	24	3	9	71	90	26	30
34	58	68	65	10	66	9	78	42	8
28	65	78	50	41	6	15	72	44	18
63	60	6	34	83	28	42	13	90	41
50	77	90	27	5	38	44	23	34	55
3	69	78	55	75	16	77	20	67	84
8	57	28	37	81	10	65	30	34	1
52	65	48	40	25	35	31	3	68	89
70	69	88	25	55	46	49	40	68	62
84	19	43	33	65	53	82	52	39	70
30	14	35	64	38	25	20	40	51	84
86	9	75	39	59	29	4	68	27	77
29	51	39	78	20	19	42	85	62	35
15	69	81	9	79	61	35	76	18	36
9	11	61	71	7	20	67	69	80	48
87	30	83	22	88	71	24	80	68	12
53	5	40	18	47	38	3	12	23	86
87	26	36	52	18	59	17	1	78	56
23	48	58	38	52	3	37	24	39	6
45	28	66	22	78	11	63	27	29	48
33	63	61	3	54	1	10	53	74	5
32	7	2	30	79	82	19	34	10	23
32	71	84	22	41	56	21	33	13	55
22	8	63	79	24	71	11	60	40	23
73	87	43	41	72	66	15	39	5	1
18	83	66	62	86	20	54	36	39	33
38	87	29	21	36	64	18	79	85	11
16	74	43	63	81	76	3	18	8	45
40	55	81	8	3	62	42	52	35	61
72	13	36	15	62	41	64	8	21	79
55	27	75	52	90	83	40	69	44	47
53	47	55	12	13	50	61	59	65	42
85	31	41	40	9	27	16	76	14	25
51	34	28	67	9	60	37	87	55	84
57	59	74	40	16	54	84	83	52	60
65	85	2	34	74	50	4	16	44	30
13	28	19	36	85	31	65	76	56	64
62	10	13	19	57	75	6	88	70	51
40	8	22	46	72	1	79	51	16	17
84	1	31	43	27	11	8	66	61	17
8	1	60	24	34	21	63	74	39	69
43	5	18	16	77	62	4	68	52	82
52	71	49	33	77	78	51	73	12	82
37	7	70	8	76	9	84	19	83	64
29	81	64	79	80	75	6	24	27	40
24	40	54	35	82	90	41	6	28	15
73	74	30	87	31	24	82	55	85	1
80	72	52	10	79	35	37	67	69	19
54	31	76	45	40	18	72	63	71	41
45	49	39	19	69	85	66	48	90	26
48	83	17	90	4	13	44	18	25	35
59	35	11	87	74	15	50	43	22	61
49	35	55	77	41	16	44	60	11	15
60	63	64	90	14	10	87	66	4	76
71	18	59	69	43	41	56	74	77	35
34	49	52	66	74	14	13	6	70	44
64	80	77	66	21	16	68	82	11	13
4	56	18	46	1	64	85	27	84	37
84	24	80	41	74	82	90	50	77	25
22	11	10	47	40	86	39	70	45	71
3	59	24	56	26	65	46	30	45	77
72	45	66	19	77	23	49	20	2	61
64	76	27	38	29	3	22	66	52	90
42	22	7	48	12	43	33	70	15	17
2	65	42	82	53	88	71	76	47	67
17	33	80	42	20	43	56	26	61	52
33	34	66	73	32	64	39	69	24	62
12	36	47	16	25	56	46	33	34	77
58	18	56	8	49	53	37	80	44	45
2	68	15	90	32	23	69	77	3	55
76	49	31	32	77	79	7	19	9	57
24	64	59	39	78	62	10	76	6	30
13	30	4	83	79	77	82	90	71	19
84	21	22	32	54	34	6	28	90	80
17	23	76	28	69	78	40	4	77	65
73	4	40	18	12	20	38	35	88	11
44	14	4	77	43	83	3	47	81	86
67	80	34	21	20	7	60	12	32	41
71	53	20	16	5	17	56	63	29	34
54	21	43	20	27	35	24	37	12	38
25	3	21	72	13	51	39	12	60	35
89	75	88	82	10	63	41	77	60	43
46	61	36	24	45	75	10	58	41	64
30	42	27	12	45	32	37	77	20	21
9	1	88	50	31	44	79	83	34	8
35	58	46	31	57	88	79	73	66	20
12	87	26	78	4	83	2	15	59	1
42	9	74	32	81	10	67	31	90	5
51	46	71	79	68	31	67	14	4	16
82	33	5	22	47	7	39	11	16	74
28	82	4	64	53	74	48	12	79	59
16	75	1	68	83	78	69	73	5	6
43	2	3	40	41	74	58	55	59	50
72	38	40	23	10	71	61	4	79	81
42	63	87	5	44	59	17	29	60	69
54	84	47	36	16	11	10	67	26	37
78	86	57	7	88	76	35	62	82	27
44	10	9	66	33	12	57	3	15	88
43	87	50	29	76	27	79	67	89	35
6	23	22	33	62	48	47	55	36	84
36	6	90	8	17	39	16	61	81	46
2	71	24	36	61	27	40	56	58	8
2	60	45	86	67	29	33	77	81	7
30	88	2	25	57	8	38	41	53	55
67	22	4	77	70	29	19	9	43	2
57	51	64	13	31	28	78	70	39	87
82	32	70	10	18	36	43	53	69	7
43	20	27	16	48	2	80	22	12	70
73	30	21	52	89	50	41	36	45	81
1	10	69	58	89	3	35	84	37	55
87	25	45	12	40	33	3	83	7	30
38	19	86	23	67	4	33	42	45	43
23	69	18	2	65	8	30	1	43	27
36	40	51	47	73	25	19	12	83	22
33	40	73	19	34	25	12	44	78	66
21	24	18	58	82	37	25	9	52	76
71	83	76	81	88	38	74	61	80	34
82	61	31	38	84	64	49	8	23	78
82	62	28	71	64	83	89	52	27	4
81	58	22	28	89	23	82	39	80	41
41	1	70	25	17	74	20	75	30	16
15	23	82	17	79	54	29	81	31	72
77	84	18	7	81	54	72	34	58	3
89	77	69	41	25	17	83	30	12	39
78	52	29	76	48	44	75	79	90	13
41	34	27	89	48	42	40	33	71	22
1	32	70	84	57	21	87	47	52	36
57	80	66	25	40	15	85	52	72	16
55	17	89	82	1	24	7	69	76	35
77	2	25	30	26	66	75	39	6	36
35	25	51	79	6	47	53	74	20	27
57	67	38	23	45	18	8	9	41	7
22	24	43	85	76	41	70	68	50	86
29	32	53	3	84	9	31	76	69	78
50	52	80	60	14	90	4	77	40	41
56	9	12	73	1	61	19	41	40	42
15	33	7	5	29	8	72	1	20	49
53	11	15	33	51	57	35	70	49	61
75	21	85	24	26	18	65	74	44	27
42	73	6	80	10	3	69	79	55	17
67	13	73	37	85	62	70	20	58	21
47	84	43	16	11	64	83	71	52	45
61	37	33	75	46	68	73	36	5	29
66	46	28	49	14	84	13	62	38	21
62	28	11	26	24	66	82	79	38	13
69	54	44	1	80	55	39	21	48	14
82	62	73	9	6	75	86	37	81	64
63	25	30	18	59	69	58	7	13	72
27	21	77	57	51	49	72	48	10	73
7	62	59	46	28	50	13	71	23	37
18	62	83	69	71	76	19	28	49	73
73	23	76	89	10	39	35	46	24	60
47	90	49	52	27	86	12	59	19	30
17	62	66	75	32	4	89	40	63	58
44	46	17	47	63	65	25	37	59	1
20	51	62	49	26	3	52	64	40	78
66	88	12	6	83	52	19	7	58	82
59	35	8	78	45	18	71	31	49	44
74	90	4	89	10	13	62	39	37	38
35	32	45	76	70	64	19	15	53	74
25	74	27	89	73	35	65	42	53	5
63	55	25	37	14	2	45	29	32	66
57	73	13	41	61	56	37	17	35	26
3	51	52	20	47	48	22	2	85	42
57	15	70	87	28	41	76	32	46	84
56	12	40	43	72	90	86	36	69	44
12	50	10	69	77	52	61	23	64	90
20	87	33	51	7	44	81	34	17	4
27	85	50	24	14	16	81	26	6	46
51	76	34	33	77	27	78	85	57	22
47	40	53	70	28	59	8	34	4	52
51	1	88	23	57	38	33	31	43	90
81	80	61	53	46	68	20	39	32	90
53	24	63	43	79	37	85	44	81	62
73	28	33	17	69	29	51	84	6	39
72	60	31	48	46	47	22	1	27	42
53	76	85	13	23	56	49	75	2	78
21	7	28	35	87	71	85	83	55	60
65	26	90	3	85	25	61	68	5	12
65	86	83	45	44	90	12	23	4	1
4	41	51	88	14	78	16	72	50	55
39	14	49	15	21	46	88	69	32	60
63	16	23	58	4	54	33	30	46	68
1	20	62	2	40	7	18	47	89	76
29	81	33	58	39	82	77	84	41	13
61	43	70	82	1	9	23	53	54	69
33	55	62	34	78	50	16	51	14	4
17	70	36	60	35	82	24	55	23	63
55	27	78	76	62	20	34	4	44	51
46	28	75	85	42	58	83	27	12	43
7	67	83	39	22	24	55	87	8	43
53	47	89	38	9	19	71	43	77	86
50	84	10	43	79	23	53	65	73	89
26	69	33	19	24	31	36	70	61	53
69	74	46	54	16	53	19	58	5	63
15	43	8	66	19	23	65	87	53	51
9	60	25	78	87	21	70	72	61	45
56	63	14	45	11	34	17	21	71	38
37	23	8	57	14	88	4	82	28	34
9	66	75	40	58	28	54	56	19	44
47	29	53	11	62	38	19	61	23	73
74	22	23	16	3	59	44	63	90	2
19	61	23	56	48	14	71	1	6	8
29	78	69	53	56	13	18	40	68	89
72	74	89	20	7	18	61	12	59	42
71	60	1	3	52	5	38	14	59	87
24	73	31	53	61	17	89	62	56	32
17	22	85	18	49	68	37	4	80	23
62	33	40	76	80	20	90	50	45	28
86	56	26	12	65	6	21	87	8	88
32	6	52	57	35	77	16	47	17	30
37	50	25	90	64	65	7	63	46	19
50	38	64	11	35	15	6	90	37	59
8	72	35	61	53	31	16	51	60	62
65	62	64	41	70	23	73	42	26	63
14	6	79	29	7	10	74	33	41	73
44	52	82	75	10	16	86	71	34	80
48	56	40	26	89	68	74	66	2	65
60	37	35	46	24	70	72	17	5	14
28	40	73	16	90	75	10	61	27	71
61	65	5	36	24	85	26	42	8	84
70	80	40	74	13	32	37	38	60	20
14	65	88	70	83	84	25	58	42	76
77	42	84	25	43	5	47	46	50	70
22	50	57	5	43	73	4	62	59	89
56	48	53	42	27	11	21	4	75	87
36	13	89	50	56	66	53	58	21	57
25	15	32	40	39	64	52	6	3	41
31	6	66	23	80	28	5	38	9	75
36	67	40	13	12	20	4	56	51	59
54	43	73	63	26	72	48	4	71	19
62	26	34	10	50	79	41	5	14	43
35	11	37	73	4	51	13	64	68	2
47	20	73	19	80	4	69	43	12	61
79	83	87	63	86	53	32	22	1	7
11	24	3	89	82	41	73	22	54	42
49	79	88	83	39	15	30	77	24	74
28	25	56	81	13	38	24	40	6	34
34	36	18	24	6	63	74	23	55	76
71	45	33	25	31	27	2	5	73	69
32	55	50	78	8	19	81	88	18	67
59	20	3	63	53	61	46	47	18	74
68	28	40	13	75	66	3	71	45	12
54	10	27	31	48	18	64	88	87	84
20	88	31	38	7	79	24	57	35	16
64	21	12	57	34	19	32	47	6	85
38	67	62	6	84	12	63	52	87	49
58	71	3	52	33	11	20	57	64	31
18	46	4	9	69	66	30	75	72	74
38	69	56	59	30	15	39	14	26	35
40	54	45	84	67	56	70	54	2	75
31	9	20	1	86	40	23	3	85	29
31	70	34	28	48	43	3	41	12	56
4	85	10	68	16	50	63	58	25	54
43	6	14	5	46	4	11	84	73	3
25	7	84	43	34	42	29	78	59	61
51	74	54	30	81	4	52	80	90	22
20	37	77	22	44	31	56	50	64	73
41	78	15	54	66	62	6	29	51	30
3	12	5	50	51	49	35	81	40	83
16	72	48	24	61	19	32	37	78	76
72	81	73	77	29	34	27	33	54	68
19	43	81	15	75	57	58	90	73	36
42	66	62	43	20	13	63	5	32	74
57	80	60	10	32	74	79	37	21	16
84	54	53	1	22	21	30	18	37	3
29	68	43	67	7	61	27	2	4	72
64	73	81	28	50	15	7	88	19	22
84	54	18	75	69	86	61	12	74	31
87	61	27	68	20	46	4	74	60	48
1	28	89	14	3	9	35	32	6	48
7	16	79	69	12	37	21	27	65	40
40	16	79	19	7	37	44	61	32	7
28	61	66	77	40	12	41	44	1	43
86	5	33	50	39	21	70	30	64	55
14	7	69	44	36	3	10	90	18	28
1	40	19	80	86	75	53	31	60	38
60	79	52	39	61	20	37	54	59	40
15	81	47	71	10	16	12	65	35	55
76	8	35	27	87	12	38	90	50	55
43	81	32	62	10	82	61	75	23	38
60	66	49	83	45	75	20	47	88	87
38	27	49	77	85	48	53	28	33	37
41	67	58	57	50	3	39	43	42	53
48	9	72	76	47	74	33	61	30	31
64	41	69	75	25	70	11	16	18	28
62	21	30	79	17	63	5	44	86	3
48	41	37	21	67	42	18	47	12	54
29	83	27	43	9	86	36	26	25	34
29	87	38	33	32	82	76	64	26	62
61	47	41	90	72	58	60	50	55	46
3	38	8	18	51	57	44	56	64	7
68	32	19	7	14	66	5	87	75	85
54	86	59	37	41	73	70	58	26	65
61	50	41	6	62	42	59	84	79	28
27	57	34	90	76	66	35	71	12	62
72	3	29	47	28	11	25	34	60	52
22	54	58	16	88	28	69	33	12	78
21	51	64	81	33	18	47	69	84	76
3	24	46	19	87	26	2	30	68	48
39	51	48	16	82	75	52	32	38	22
79	81	8	5	38	13	82	56	87	60
58	20	19	53	48	9	35	72	64	28
44	77	13	59	14	81	8	6	34	9
71	80	54	12	69	40	5	73	42	4
25	11	83	23	42	67	86	81	34	71
35	47	14	29	40	20	34	74	54	22
63	78	40	33	9	88	19	61	8	62
21	20	68	88	23	62	50	29	70	69
2	52	56	43	6	26	12	55	41	73
17	63	52	84	4	57	30	73	48	16
8	50	62	57	25	87	83	14	46	39
89	59	30	62	15	79	18	61	25	31
29	75	5	49	64	67	14	85	52	34
81	33	51	47	16	86	5	35	43	60
24	2	56	76	90	41	55	30	53	89
24	44	54	21	60	62	83	37	52	79
85	59	13	17	82	20	67	71	43	33
47	10	83	32	67	79	81	69	60	18
2	76	8	47	17	23	38	27	83	14
33	28	21	4	72	63	38	89	67	81
64	83	25	19	86	59	26	4	80	2
17	51	61	89	49	22	30	69	72	35
46	53	14	36	81	25	7	55	57	27
53	18	52	61	51	34	67	12	26	23
79	84	30	49	72	52	36	15	71	46
86	8	19	67	57	18	24	74	56	31
88	1	45	49	30	35	28	73	15	38
19	41	20	73	7	87	16	28	10	53
41	73	3	84	44	60	31	57	45	36
51	90	50	70	32	88	11	30	64	44
50	12	35	90	39	21	57	87	36	74
37	90	1	84	14	4	74	82	61	38
27	44	78	50	68	26	12	86	39	49
35	13	38	15	26	56	62	44	50	27
59	43	23	18	58	72	31	64	4	61
38	49	40	5	64	29	76	66	21	36
46	62	30	28	18	9	27	8	1	80
44	51	58	12	25	74	84	52	20	67
19	27	9	21	89	33	25	34	67	7
14	37	76	78	63	62	71	68	2	4
73	38	41	39	80	21	40	74	30	69
75	44	78	70	87	62	53	21	26	8
73	55	88	35	64	26	81	69	42	78
39	3	77	2	45	36	28	43	16	15
59	53	71	58	8	10	66	50	72	86
74	73	39	23	21	59	24	84	30	35
64	89	60	80	70	72	50	45	11	31
33	46	74	26	35	80	30	55	40	89
65	74	49	6	86	4	79	12	67	77
49	47	56	89	8	81	57	51	77	19
25	24	42	4	3	13	17	54	64	27
12	10	72	19	62	26	68	64	54	81
61	28	75	35	19	49	54	23	44	62
78	37	48	19	34	9	90	87	75	53
84	90	67	15	53	66	26	79	60	22
88	44	31	29	16	87	13	86	7	85
46	54	10	28	14	88	43	84	29	87
3	43	20	86	15	75	9	80	8	23
12	33	41	63	56	38	60	29	84	43
59	80	13	60	86	85	39	14	29	87
43	60	72	45	48	39	65	90	47	89
23	18	32	68	90	61	39	21	65	24
40	61	71	70	63	77	34	3	82	45
43	11	73	66	34	41	32	42	6	38
52	46	30	70	2	20	79	64	61	13
29	50	79	2	13	73	12	83	41	43
82	75	85	7	1	27	21	76	3	57
68	9	2	52	11	13	78	79	61	67
10	47	32	22	71	36	50	82	11	12
71	39	51	79	24	46	45	3	68	22
27	25	7	60	54	52	90	76	33	13
71	54	41	5	80	58	40	63	79	29
77	84	66	24	89	39	72	75	14	4
72	24	81	51	33	25	59	1	83	60
9	39	90	54	49	63	69	13	18	35
26	62	81	22	10	82	17	78	47	36
40	71	36	68	34	82	59	88	73	32
30	69	68	55	17	59	88	90	5	49
51	45	5	17	7	42	49	78	21	23
9	15	61	60	82	84	89	21	37	70
77	30	42	6	63	44	76	81	19	85
5	21	35	48	61	18	80	87	30	20
29	66	45	46	67	38	16	80	61	31
49	25	87	42	17	12	61	88	10	90
82	8	29	84	67	62	71	86	34	18
35	31	46	90	12	80	73	79	24	44
67	80	50	34	2	23	46	39	42	10
34	21	85	79	42	8	19	50	45	57
22	12	51	11	34	21	4	27	43	9
22	64	9	8	84	46	79	10	49	21
78	70	9	81	55	24	44	38	18	59
1	12	66	58	67	86	44	37	80	28
74	15	8	10	20	4	47	38	73	70
17	82	30	64	33	23	32	70	9	58
26	84	71	39	74	22	46	69	88	87
60	78	2	64	32	63	54	38	57	40
47	6	42	44	33	52	69	50	38	9
69	40	86	20	8	44	57	89	46	2
25	31	84	53	79	37	52	43	23	50
69	61	86	68	53	28	26	82	9	70
89	54	66	80	76	26	87	34	55	50
32	44	6	16	77	22	57	38	30	29
42	64	15	32	48	71	89	5	59	72
71	81	68	66	36	83	29	34	90	85
73	41	82	39	36	75	76	68	7	71
88	26	86	52	76	51	49	63	64	53
26	39	56	85	64	41	29	84	20	12
60	64	13	87	38	19	32	65	86	84
38	7	78	55	51	48	54	32	15	16
80	58	60	29	16	66	78	86	88	27
3	54	88	22	49	46	58	8	4	77
23	1	28	85	7	51	16	69	38	21
4	27	31	45	88	83	75	90	49	41
38	77	61	73	39	10	11	41	34	18
72	23	74	54	43	41	20	63	15	38
58	52	38	32	55	7	15	6	79	75
80	52	90	71	66	30	14	65	41	87
66	14	49	73	15	52	61	82	38	4
11	54	90	72	34	84	75	8	87	20
1	52	50	23	7	77	88	49	19	57
65	24	19	89	81	28	46	39	71	61
6	43	60	65	90	62	84	15	34	87
12	84	81	40	69	3	47	80	43	58
38	87	11	47	28	59	51	79	80	15
21	71	24	78	38	76	28	46	4	35
83	76	13	47	56	51	64	30	79	27
7	79	71	11	40	28	69	56	23	66
29	24	39	45	18	81	10	57	33	58
62	4	86	55	30	14	31	20	81	23
57	37	72	7	28	41	13	11	40	85
74	11	81	12	63	55	34	62	42	5
28	35	17	70	68	1	22	60	89	65
89	51	84	71	13	56	17	64	69	35
31	53	70	7	50	22	19	15	9	42
3	50	78	37	26	54	71	59	79	13