54	88	87	30	90	23	76	36	1	65
79	58	33	47	66	49	34	44	23	8
1	49	56	5	71	15	54	18	59	10
63	25	5	42	83	41	16	50	53	76
84	43	83	39	60	76	63	26	44	72
87	89	37	59	52	83	72	15	79	30
62	53	60	29	36	7	63	37	61	38
16	69	54	1	2	64	81	59	40	79
72	77	70	17	53	51	22	58	30	50
19	44	51	20	59	71	2	78	29	25
77	8	14	49	75	56	2	72	88	64
27	32	60	69	87	52	40	24	81	45
31	14	69	43	13	35	2	42	62	81
89	58	57	87	9	56	39	90	6	51
9	33	38	55	82	73	36	69	35	34
21	48	24	12	74	20	42	5	89	79
25	69	21	57	15	16	71	28	12	40
66	78	57	88	61	70	38	40	80	48
34	64	41	5	74	3	61	27	26	24
89	68	38	18	60	30	42	33	35	41
25	40	44	69	73	33	43	57	60	17
73	84	7	18	50	63	27	15	62	55
37	31	69	71	33	12	55	27	35	77
26	73	19	29	3	44	48	47	30	75
73	54	44	28	90	7	76	71	77	22
11	5	36	67	79	52	1	78	50	83
81	3	76	79	85	72	22	1	6	90
21	24	90	81	60	22	63	23	69	52
90	2	65	82	21	29	33	83	55	77
4	59	30	81	26	24	71	85	72	41
31	43	24	4	34	65	41	20	36	59
9	73	37	78	32	7	84	49	42	57
47	37	77	57	42	16	74	23	55	56
90	45	20	17	33	7	19	65	71	8
12	54	36	89	76	57	20	22	10	50
24	41	59	26	33	75	62	38	78	40
23	9	82	14	18	2	83	3	5	6
42	44	38	69	84	71	27	82	40	6
86	46	42	15	59	53	87	44	72	1
18	79	78	73	53	40	45	57	37	26
18	82	66	12	26	20	86	89	4	59
3	59	55	37	89	53	62	11	70	44
34	48	64	36	61	60	88	3	37	9
35	82	61	40	66	49	30	19	28	68
1	85	33	59	89	84	83	5	12	29
69	13	85	77	83	72	14	34	46	90
56	54	50	70	32	86	12	3	43	80
65	83	43	42	68	16	50	34	36	26
5	28	77	31	60	11	51	38	26	36
73	77	17	68	71	67	22	21	45	84
77	58	75	89	42	34	53	7	18	74
65	54	53	62	68	50	45	35	36	14
10	78	47	56	67	76	4	41	81	28
85	23	39	16	76	31	50	83	75	25
79	48	14	31	70	61	40	13	5	6
17	68	76	52	66	63	16	12	51	3
14	72	53	15	26	89	35	11	82	85
18	35	60	21	70	5	83	9	22	85
77	1	21	2	56	7	29	35	62	85
78	29	32	47	81	85	66	83	41	7
51	47	45	42	41	40	63	6	62	85
22	1	89	21	72	3	85	79	47	48
40	59	53	14	70	3	29	81	30	64
16	17	89	7	9	25	67	2	52	49
5	22	54	82	41	55	9	27	26	3
54	74	76	16	26	37	38	29	5	20
56	44	51	58	79	4	8	82	84	61
85	22	78	53	70	35	13	72	8	60
19	72	51	25	90	88	18	70	10	43
84	59	58	65	57	42	29	15	3	19
65	38	45	22	57	80	17	62	85	47
19	13	51	53	79	45	54	74	44	27
52	44	83	53	87	85	81	21	29	31
56	86	74	59	5	68	11	42	15	17
88	16	75	78	15	57	22	35	5	6
14	44	17	89	12	63	18	83	40	9
47	33	76	13	48	30	3	37	85	68
54	38	14	35	83	17	69	59	77	34
85	53	65	24	7	26	67	1	21	58
42	38	43	15	56	40	18	9	72	87
28	61	24	44	75	42	4	31	78	49
56	47	6	65	19	55	58	20	67	50
62	49	39	76	8	43	77	21	63	37
71	39	3	60	33	81	56	68	63	77
13	42	88	46	31	18	34	29	3	50
30	71	84	23	72	60	35	38	9	16
66	24	20	87	29	14	53	75	36	31
41	73	7	49	65	31	14	56	32	83
56	18	37	81	48	55	26	5	8	76
1	35	46	57	53	70	11	90	20	3
37	76	68	4	55	30	27	77	60	81
16	62	14	79	25	3	17	37	46	60
30	64	59	27	82	45	56	87	68	11
88	58	65	4	49	55	22	68	1	46
70	46	15	12	83	34	59	7	54	61
69	84	41	38	73	53	24	2	36	23
34	85	86	69	80	40	75	66	64	84
46	58	56	81	48	26	42	41	40	79
45	63	74	4	58	10	51	62	35	40
67	58	32	75	53	48	72	71	17	45
36	26	77	80	64	74	88	10	52	39
75	14	71	76	37	3	7	88	11	24
77	83	76	15	28	29	4	22	9	86
5	36	33	28	17	2	73	62	7	49
41	23	55	8	57	44	25	40	47	29
35	61	36	15	66	5	37	11	29	19
34	63	80	9	68	5	51	73	20	47
58	39	11	87	62	56	12	74	16	29
90	51	55	57	68	70	43	61	56	83
67	14	13	6	32	35	37	25	79	16
53	85	41	70	75	65	17	8	86	25
33	73	64	71	12	38	45	37	70	32
31	38	73	59	25	8	28	69	2	46
25	39	14	23	44	37	3	48	35	60
72	38	85	46	10	58	83	75	32	4
5	51	78	2	38	39	9	6	63	60
69	47	6	46	68	70	32	67	34	55
64	31	43	60	11	15	76	57	24	87
55	72	60	2	39	61	38	40	75	33
54	30	15	71	88	13	43	8	64	29
45	87	22	85	79	62	47	56	43	20
41	33	58	3	34	87	27	48	38	1
8	32	36	30	34	64	38	19	66	70
53	19	27	41	7	78	17	49	10	6
14	63	46	68	20	85	74	16	38	75
35	46	31	59	84	1	61	85	74	54
45	6	70	7	75	67	21	46	41	65
34	81	49	76	50	2	75	32	82	72
41	26	37	23	42	45	24	4	10	33
63	68	26	1	57	14	40	48	60	77
69	2	74	84	34	20	31	80	36	5
43	17	87	60	42	63	24	52	4	67
84	35	23	58	37	25	28	82	61	19
11	62	58	60	89	72	70	36	65	13
13	33	9	78	70	69	34	25	67	29
67	73	48	14	6	8	31	30	25	37
35	66	12	70	48	86	6	72	78	4
79	18	48	6	22	39	62	65	71	9
29	48	50	4	24	32	17	9	67	33
83	27	74	23	57	15	64	11	42	65
37	52	89	36	61	68	44	4	63	40
17	80	50	77	47	30	32	48	78	57
7	85	24	83	44	72	29	23	45	58
12	79	24	68	38	59	17	48	15	56
28	21	48	60	65	11	59	39	63	25
74	18	53	23	12	5	15	19	44	89
20	57	51	22	65	50	6	14	56	81
49	20	51	42	38	21	16	24	30	8
77	81	4	54	20	88	55	53	85	15
23	35	56	47	49	57	67	16	28	42
42	56	16	60	31	81	49	11	21	12
15	57	1	67	68	4	5	47	13	35
26	44	18	30	77	81	47	87	5	9
62	1	59	71	41	43	88	47	19	36
45	33	62	84	12	54	48	38	51	37
75	13	37	48	33	82	19	31	69	8
88	21	90	37	44	32	75	30	45	31
86	28	61	45	90	12	22	77	49	60
13	15	59	82	53	2	22	61	25	27
84	67	73	32	24	47	56	15	59	66
4	35	18	45	52	24	63	6	16	34
81	67	31	38	25	64	4	87	65	2
47	27	32	40	26	8	67	46	71	70
6	32	76	62	59	90	52	8	5	68
7	63	85	29	58	73	26	39	18	70
88	39	25	73	21	31	71	14	38	37
13	47	8	35	29	6	81	2	86	28
52	75	14	3	60	77	25	37	32	48
75	34	16	82	29	81	36	1	63	90
58	71	37	3	72	18	76	47	63	40
14	15	57	72	85	24	70	77	9	37
43	28	38	85	24	7	83	42	32	86
65	9	18	57	82	78	87	58	68	71
69	5	41	38	57	43	83	25	22	24
64	60	41	23	48	54	20	74	45	28
78	83	49	3	22	26	70	21	19	86
12	83	58	65	79	47	73	50	25	61
79	33	71	53	35	74	58	62	24	5
61	49	43	27	46	26	44	59	85	13
45	23	6	34	68	9	14	65	25	16
58	17	27	8	64	18	81	65	72	73
30	84	44	69	4	56	19	71	53	90
59	56	7	55	85	82	40	6	52	73
33	42	89	26	68	1	20	48	66	44
24	67	46	9	66	13	80	25	44	37
62	14	53	80	15	12	76	8	71	74
27	3	70	20	73	82	38	86	50	15
75	24	83	68	31	21	23	55	87	29
47	18	27	1	58	56	63	12	48	42
49	11	59	8	45	29	5	76	12	71
9	87	80	83	88	17	34	46	65	62
2	72	82	33	52	60	65	5	9	88
42	17	74	63	16	40	21	77	39	89
6	33	23	38	28	83	63	86	11	10
17	4	22	43	19	31	26	6	47	89
39	2	77	57	73	50	90	69	62	5
56	79	55	40	28	85	63	5	14	80
84	1	76	34	36	58	23	64	86	68
25	23	84	37	60	64	88	67	35	14
84	14	68	10	38	7	73	83	35	64
78	13	66	47	74	24	69	62	59	5
67	35	42	8	44	33	47	13	60	39
46	8	65	30	11	56	77	33	59	1
15	26	71	31	85	27	37	87	63	81
48	5	23	42	35	18	73	36	88	46
58	16	88	8	27	13	7	61	78	67
34	51	74	53	41	15	38	31	68	29
79	66	90	30	74	69	88	9	6	58
22	75	18	45	34	63	25	2	73	76
52	84	18	70	40	42	9	74	13	75
30	77	80	27	90	40	56	29	45	10
67	30	28	35	45	60	29	9	2	55
7	66	16	67	63	5	11	85	75	48
51	13	64	87	39	57	8	29	44	24
48	85	26	69	77	33	79	67	63	82
34	7	57	35	81	85	44	29	15	59
73	79	23	85	33	13	64	10	32	35
43	27	89	56	4	23	79	41	68	37
14	57	29	83	37	5	6	17	74	22
87	90	71	83	12	78	31	57	53	29
67	46	17	24	45	69	41	77	15	87
52	34	4	68	74	44	41	45	16	6
75	70	11	16	73	47	50	69	40	12
39	49	7	13	28	80	75	77	73	43
46	23	79	38	12	16	21	43	78	64
79	32	5	59	2	45	82	30	50	69
59	14	37	54	8	36	47	15	26	22
17	84	23	82	86	87	41	85	76	45
75	62	43	80	63	25	41	36	59	48
48	32	80	56	61	53	7	26	85	72
44	72	18	62	21	34	24	68	31	58
6	54	81	76	11	28	66	89	39	63
49	67	79	30	76	58	75	73	83	20
38	15	53	88	34	43	30	75	22	6
50	42	85	47	3	55	21	19	58	24
33	50	4	77	1	31	52	12	6	74
19	54	21	40	69	87	37	80	2	62
10	7	58	36	20	68	49	38	5	61
75	32	26	89	68	54	67	7	82	38
49	37	15	66	41	79	75	84	73	9
12	25	4	61	49	50	31	43	17	22
60	29	72	64	38	85	15	81	21	8
27	8	60	24	36	90	79	37	75	38
3	69	58	32	40	84	39	81	6	34
53	57	30	89	15	33	47	24	49	74
74	39	1	88	41	17	87	15	77	75
42	65	71	2	41	20	25	69	23	38
82	25	46	31	84	41	55	30	45	18
63	35	17	83	8	52	2	6	27	55
74	62	14	28	31	55	73	6	3	67
60	78	13	69	22	83	64	71	87	26
80	56	13	37	5	75	10	85	21	4
14	6	53	34	59	70	18	60	1	63
65	78	3	85	31	53	46	12	59	2
18	66	1	74	43	52	14	27	41	79
9	86	45	33	52	31	42	88	41	62
44	31	87	22	73	35	74	40	55	24
23	64	18	71	29	49	33	50	26	28
3	8	88	13	32	39	9	86	6	12
47	62	9	84	15	39	7	81	76	79
11	43	25	47	66	51	50	64	85	35
64	15	42	90	36	48	11	69	6	3
72	16	71	48	40	11	67	81	90	7
30	83	27	2	74	33	11	49	67	41
7	77	43	80	49	14	12	57	68	44
38	14	9	85	2	7	45	32	17	4
8	64	30	37	72	36	34	42	1	14
58	61	67	37	55	69	82	56	42	80
53	24	10	75	17	19	47	72	36	85
1	26	72	61	56	15	2	33	75	45
68	15	53	78	34	36	82	10	26	72
39	80	4	37	23	8	41	47	63	84
21	62	55	16	84	5	22	70	44	33
88	20	32	48	44	4	43	75	45	64
6	48	14	9	73	79	56	18	22	35
83	59	8	70	57	38	23	79	11	55
5	74	41	12	87	28	72	48	55	83
36	58	47	39	79	52	85	78	60	18
87	7	65	62	48	10	53	30	51	57
3	82	1	35	9	87	14	44	4	25
47	46	39	86	74	90	69	43	30	53
12	81	59	80	28	49	85	35	25	19
71	44	66	70	51	67	7	43	78	47
69	4	74	3	80	90	40	50	81	14
46	38	20	77	5	69	63	81	82	14
65	86	52	39	76	67	53	74	19	22
57	85	37	66	38	81	4	51	61	83
60	75	27	42	28	71	8	14	1	45
28	53	3	75	54	8	13	14	2	9
89	24	56	31	43	3	48	18	25	84
49	32	45	6	35	17	86	69	63	22
33	60	88	5	67	61	76	10	58	59
57	18	43	84	45	7	3	47	86	61
8	56	34	23	81	43	82	33	30	11
24	17	55	32	66	81	43	63	72	80
78	34	18	21	50	66	83	63	25	86
26	85	7	59	73	18	63	46	71	67
21	49	60	7	59	80	23	55	9	52
4	39	8	37	52	87	6	5	11	38
14	61	38	45	73	88	71	11	60	57
46	71	22	41	7	70	49	5	83	62
82	39	90	23	31	62	33	59	47	28
25	68	1	33	69	5	86	83	39	64
36	67	51	84	17	6	68	43	44	42
47	79	41	35	71	27	8	30	78	58
35	77	40	56	18	58	74	11	85	59
54	79	83	76	58	21	29	81	86	45
23	70	57	44	42	26	32	43	28	41
64	33	81	65	38	78	24	66	55	28
16	54	8	85	77	42	27	58	57	1
62	7	24	68	31	30	73	1	20	82
80	17	83	26	49	28	76	73	90	81
34	60	18	69	73	20	16	39	49	6
84	36	71	2	75	8	78	33	60	1
16	43	66	81	78	60	35	15	4	75
46	59	40	79	53	63	89	43	13	27
13	28	27	12	70	55	81	39	38	88
30	22	58	6	77	4	20	86	69	25
35	22	63	13	44	38	46	29	71	24
15	34	83	6	88	74	69	73	23	79
46	11	35	71	68	10	28	6	27	57
30	62	81	2	45	35	89	16	56	9
63	3	89	25	41	64	70	23	84	22
42	32	26	67	69	36	7	85	81	10
53	37	85	66	24	7	56	58	70	3
64	39	84	32	20	80	1	49	24	65
80	69	26	37	66	67	76	24	16	89
4	63	79	26	54	31	46	61	73	47
40	66	32	68	41	56	33	64	30	4
35	23	19	82	17	34	30	74	14	90
4	57	35	18	69	8	19	25	14	30
32	43	1	88	58	2	64	18	39	22
60	74	5	61	54	38	63	39	40	47
27	56	75	40	66	76	51	7	1	15
84	53	4	56	31	78	33	74	76	48
45	14	62	50	8	52	3	21	78	11
42	15	73	34	61	16	20	63	47	85
85	78	32	34	49	10	64	28	70	55
57	84	85	5	30	86	71	36	74	48
56	12	43	82	46	72	87	7	41	40
35	84	69	8	47	71	50	32	19	87
21	3	88	47	76	12	80	35	65	90
71	24	31	78	51	90	77	89	63	37
62	37	65	4	30	59	38	68	36	24
62	86	57	61	15	26	80	85	65	36
85	60	74	5	31	58	19	23	64	44
14	74	46	80	78	44	64	22	10	72
43	57	24	56	17	21	80	18	50	22
6	68	62	44	38	42	4	90	22	55
75	23	21	77	25	18	78	9	37	26
14	47	53	16	29	22	34	44	23	27
38	84	75	90	12	53	14	74	29	65
33	2	65	18	59	42	55	52	74	73
38	11	64	49	58	8	55	47	6	20
49	52	83	27	66	39	35	11	30	38
76	33	36	80	29	5	31	22	75	2
8	16	45	39	87	65	88	57	73	75
67	15	28	75	18	70	6	48	82	10
58	90	7	28	44	60	5	14	25	42
20	42	79	13	48	15	8	31	58	89
11	27	25	41	70	23	5	60	50	37
59	52	73	68	34	25	49	43	56	48
87	4	76	13	72	27	73	78	82	40
15	54	27	60	28	63	52	51	57	24
66	90	67	21	42	17	82	89	10	40
47	53	86	3	52	81	25	8	77	21
22	7	79	73	44	14	55	3	72	24
57	84	17	7	20	45	4	73	28	89
70	64	48	81	13	43	21	69	74	84
83	7	34	68	71	19	76	85	59	86
23	34	45	67	42	10	60	24	58	54
45	21	22	62	85	52	84	36	5	54
69	72	37	65	3	53	41	14	61	2
31	77	48	32	9	13	59	83	58	78
76	47	51	80	6	21	65	34	62	46
4	63	38	43	73	75	15	67	24	28
6	71	55	31	12	22	66	44	45	87
12	64	41	72	33	88	90	69	36	47
39	83	80	37	4	74	81	34	12	38
22	19	27	13	85	2	20	25	44	52
53	71	44	30	73	11	1	65	33	79
43	61	59	48	1	31	46	34	68	51
60	8	67	41	7	2	17	1	87	72
18	42	9	85	52	46	48	19	77	47
65	14	73	55	33	29	23	70	51	79
4	16	8	65	52	74	72	54	48	36
32	44	71	56	9	10	22	6	50	86
37	49	68	28	18	2	7	42	27	14
46	7	71	37	59	57	44	51	66	29
61	29	84	43	35	9	48	5	70	23
24	90	58	26	65	7	84	54	68	44
46	14	69	59	86	72	63	37	7	70
28	1	63	46	53	76	81	88	68	6
42	70	48	74	66	64	84	27	67	37
51	45	64	20	43	67	30	34	70	39
6	23	57	28	89	11	32	52	19	50
27	66	3	78	41	4	39	21	75	83
38	65	80	32	21	68	16	51	8	43
36	13	80	9	59	3	61	55	83	70
10	67	47	62	43	48	71	41	66	19
14	78	4	22	30	72	47	53	33	90
34	15	4	71	78	56	82	24	73	60
62	7	46	67	3	11	10	8	13	47
82	7	83	72	56	38	77	54	73	41
49	34	32	86	35	51	7	44	16	22
36	14	55	39	87	54	28	22	79	73
11	43	63	52	9	74	35	29	81	7
85	6	70	32	68	59	21	3	15	11
37	78	12	58	74	20	1	21	19	40
8	41	55	38	65	7	2	9	74	11
33	47	38	76	20	17	62	88	74	15
76	54	60	84	53	22	34	59	42	61
8	12	25	87	84	77	33	56	31	36
82	6	20	24	72	62	37	21	17	43
16	25	1	30	29	54	49	81	10	52
66	43	81	58	23	30	57	50	83	34
6	15	46	26	79	50	59	29	22	36
48	54	42	14	76	11	34	73	22	57
35	31	4	78	44	47	63	48	50	56
77	89	26	39	70	88	64	50	65	19
44	16	27	30	83	20	15	53	5	64
66	48	69	21	74	75	33	87	59	1
13	45	21	60	47	74	72	53	30	5
32	40	64	7	56	29	50	17	67	43
27	79	31	62	12	89	50	37	22	13
28	26	57	81	61	21	82	30	13	25
55	41	75	63	23	43	83	88	31	68
35	67	49	90	18	6	28	66	29	79
32	38	70	61	83	54	52	26	59	24
42	67	60	23	77	31	30	80	22	53
84	23	42	27	68	58	10	18	25	72
54	39	37	2	56	41	43	15	82	80
4	37	66	81	26	57	88	33	15	21
28	60	68	29	8	51	47	9	81	37
35	88	69	73	24	29	59	81	1	78
68	53	34	89	42	11	25	49	62	90
21	2	48	80	68	56	65	9	32	87
15	27	69	30	86	28	48	13	46	5
23	44	71	82	48	85	11	2	84	3
80	38	71	47	11	64	27	81	26	74
44	31	64	43	7	77	25	12	9	21
74	13	85	60	87	88	78	56	52	68
56	30	38	6	76	27	24	9	86	78
88	46	5	26	38	84	12	19	27	49
1	78	40	76	24	13	27	59	86	30
31	66	14	90	6	49	75	16	81	34
61	67	81	25	48	7	56	6	71	45
90	15	67	88	46	11	57	35	42	22
73	27	76	59	77	54	35	69	32	42
82	15	40	56	44	55	57	30	2	71
66	3	18	80	48	9	2	90	49	85
61	4	23	77	14	24	38	39	1	26
25	72	33	49	18	68	52	57	67	79
13	5	34	75	63	82	66	78	53	19
64	32	85	4	51	86	65	71	75	44
46	22	50	73	15	51	24	59	33	65
53	31	52	85	70	76	41	12	43	32
71	82	70	6	78	81	79	35	37	63
37	54	26	24	75	48	25	30	36	68
17	79	43	72	3	73	87	39	71	36
48	53	55	8	14	62	27	36	51	29
62	45	33	65	48	20	18	77	90	25
71	32	1	58	35	28	68	75	3	74
2	34	58	26	85	77	54	7	64	33
60	84	27	31	28	33	77	10	46	58
71	4	79	7	76	19	48	61	46	5
43	80	41	62	76	30	27	47	9	82
18	42	79	13	75	15	19	58	48	84
72	56	23	69	22	89	49	87	8	13
35	88	75	21	87	90	60	77	22	10
20	7	41	59	38	79	45	82	13	70
80	5	12	61	85	47	71	10	42	28
29	67	72	81	2	61	7	70	28	4
72	60	34	87	63	40	18	37	46	5
7	54	40	42	39	9	2	76	58	49
78	55	1	59	38	33	9	41	13	44
33	84	65	13	76	10	14	55	29	7
61	17	82	75	29	11	19	69	26	13
46	68	3	61	9	31	36	33	80	79
8	20	32	70	41	64	60	43	85	79
56	51	28	57	16	83	20	71	23	41
43	52	8	12	19	53	58	64	77	81
26	72	89	4	31	60	8	21	58	82
4	67	12	47	73	40	70	29	44	31
73	81	41	36	11	34	14	87	78	9
21	15	74	27	52	86	23	18	40	38
36	35	64	31	70	68	85	5	3	28
55	67	34	83	51	45	35	1	50	7
69	47	39	58	74	57	37	54	72	27
16	30	78	31	45	63	60	5	90	3
28	60	84	17	83	87	77	42	45	44
12	46	40	26	66	51	32	84	70	15
86	23	28	11	81	61	30	78	41	27
62	47	84	40	51	58	38	80	17	31
29	6	75	88	36	37	78	67	44	62
63	70	35	64	48	42	82	40	65	22
38	45	2	66	59	87	40	29	33	54
62	4	73	39	86	40	21	77	49	42
24	43	16	73	72	60	75	14	29	30
48	24	71	6	65	26	70	82	9	53
64	31	22	82	30	83	65	63	76	33
17	45	9	80	25	21	63	18	71	49
46	12	61	27	30	62	71	70	79	76
10	85	63	32	27	16	68	7	45	46
25	8	31	78	7	76	51	60	29	44
49	66	22	61	35	7	31	67	20	88
24	47	15	8	81	30	51	2	52	53
56	23	8	59	18	83	78	25	70	1
64	85	62	50	12	41	14	24	71	58
46	12	84	79	5	75	4	70	40	31
63	44	71	43	39	40	34	89	24	42
6	82	54	37	18	24	47	90	71	68
82	79	65	34	61	23	16	88	40	77
57	3	68	41	69	76	44	82	24	70
35	68	56	90	21	17	55	69	73	20
59	85	41	32	3	45	37	73	88	56
15	79	4	59	18	28	13	77	20	49
72	67	39	2	37	32	6	52	35	77
16	8	83	45	82	39	80	52	55	34
20	68	76	14	71	26	67	53	18	6
57	85	7	25	69	35	71	64	31	77
38	9	71	42	47	55	50	74	25	85
90	46	5	13	26	42	7	36	25	37
27	4	68	53	60	52	57	6	23	47
6	31	54	64	41	14	82	52	74	65
8	56	53	33	62	25	84	14	35	23
33	89	3	80	61	68	12	62	31	20
18	67	58	7	85	14	89	83	20	54
49	56	37	77	8	67	88	55	4	21
60	8	59	78	12	34	70	54	3	61
30	81	57	71	14	69	12	51	87	2
49	2	80	53	16	73	42	66	57	32
26	83	5	70	67	63	38	68	44	49
48	73	2	86	65	7	76	81	56	49
60	23	65	14	26	16	57	35	11	5
79	33	1	37	30	76	24	31	72	23
25	76	90	78	6	15	86	59	46	26
66	19	63	69	48	7	72	3	15	33
47	58	25	13	86	24	57	19	77	35
26	87	18	77	45	68	59	85	51	79
48	7	74	67	37	40	39	80	3	75
86	81	24	70	15	66	30	22	87	4
32	64	43	62	21	86	15	20	55	9
70	56	28	76	6	85	13	33	61	30
53	24	87	44	58	79	4	47	34	3
20	75	31	54	49	34	10	1	77	47
50	37	62	15	78	58	5	47	16	56
55	42	59	1	83	17	54	5	68	31
8	75	36	83	45	71	70	47	15	44
59	42	39	78	36	89	29	15	60	28
34	27	80	9	83	52	45	1	42	26
69	41	64	3	56	48	44	78	72	54
30	43	74	8	56	3	49	81	53	64
71	24	65	46	16	88	3	17	66	40
26	87	34	41	46	18	24	48	72	65
76	16	45	6	63	81	13	54	87	20
63	28	7	35	70	15	49	22	81	46
83	48	21	8	61	60	18	46	17	32
20	79	4	12	41	3	19	30	66	32
85	52	78	7	15	12	1	89	47	41
16	90	4	72	41	29	31	60	44	57
42	51	62	4	72	55	71	50	28	26
65	87	68	1	86	36	74	6	10	50
81	12	86	8	29	18	72	57	68	37
54	35	72	3	40	82	84	29	61	47
49	77	52	69	16	62	78	89	80	83
67	28	83	37	5	47	30	36	34	54
58	12	60	66	3	16	39	6	68	20
4	80	49	46	87	22	34	52	66	53
80	76	27	79	45	24	83	72	5	25
3	18	68	80	38	52	34	81	22	67
39	75	64	3	51	25	26	74	37	5
44	59	42	27	61	70	19	15	89	69
84	18	40	28	61	10	21	60	36	67
38	85	13	75	31	74	28	69	50	73
66	89	77	52	20	14	3	45	28	18
19	84	23	71	58	49	55	35	79	11
34	69	22	13	64	54	31	62	74	71
29	81	59	72	57	51	6	36	8	21
1	68	70	38	74	14	7	44	18	2
61	59	8	32	56	44	87	28	81	38
47	86	20	71	22	27	6	42	16	18
53	34	70	56	27	68	64	72	15	82
52	48	73	4	71	21	50	42	36	85
60	79	63	82	7	3	84	61	55	30
36	23	80	38	75	14	56	89	8	13
55	76	9	53	41	90	51	47	67	62
85	18	30	84	11	27	20	74	90	56
26	82	49	22	48	17	63	29	46	34
34	21	65	73	59	79	47	69	2	56
81	26	41	86	30	27	88	60	57	33
75	82	69	9	81	25	73	58	87	63
36	84	57	64	42	28	55	68	13	24
78	90	85	45	43	47	66	88	24	7
87	32	63	39	74	16	33	36	75	80
35	68	71	62	85	39	15	29	6	70
20	62	46	37	7	29	5	30	44	23
79	18	73	88	13	16	32	47	80	22
54	70	85	26	61	72	58	12	32	89
55	76	81	65	18	86	31	17	54	44
79	4	57	84	60	90	29	56	73	14
31	51	42	3	58	21	76	78	36	26
4	70	55	67	27	30	87	51	33	86
18	9	75	53	37	66	7	81	43	54
15	75	4	16	6	37	24	77	22	28
43	21	83	46	78	47	36	76	32	41
32	71	16	85	3	27	5	8	82	7
62	13	80	72	24	14	89	34	40	31
53	62	5	44	80	3	90	72	38	16
72	6	87	74	33	50	31	76	25	38
6	56	39	45	40	65	74	42	73	84
41	27	9	40	28	29	84	10	8	87
48	32	65	4	86	59	7	55	64	47
25	62	8	68	53	47	85	46	52	12
74	49	75	24	63	80	32	64	34	19
33	67	1	49	9	4	52	6	63	45
77	25	33	81	34	29	53	45	42	69
14	69	15	2	60	6	55	65	10	5
66	83	72	58	24	19	14	32	15	42
46	80	26	68	61	40	64	21	63	43
24	83	61	28	52	70	48	6	25	66
89	35	57	8	14	47	68	85	6	27
31	84	34	76	4	57	18	81	82	44
76	45	64	53	5	3	55	17	87	22
7	82	25	38	79	4	19	54	87	71
40	15	54	67	2	28	10	31	48	13
47	61	7	40	39	69	37	70	6	49
74	37	30	26	32	15	51	27	56	63
17	43	89	8	31	58	83	73	74	90
68	87	28	47	80	51	55	81	37	3
63	17	79	33	49	89	42	62	19	88
6	80	62	60	31	23	69	20	38	5
59	31	55	29	47	81	71	6	57	83
16	9	65	42	23	31	63	19	72	52
78	27	35	7	67	47	10	37	89	36
39	23	72	59	71	13	62	24	8	79
22	81	9	57	63	39	14	87	5	29
83	7	72	87	35	42	71	75	4	76
7	58	64	28	45	9	39	5	44	2
40	21	43	64	26	50	63	45	28	88
78	38	1	18	27	86	23	29	37	25
6	43	76	30	28	54	59	88	22	87
33	42	18	68	15	60	50	23	85	9
59	86	30	72	3	27	49	46	31	1
47	28	73	52	46	18	37	58	63	17
43	61	36	54	38	59	52	21	47	39
34	65	59	62	15	23	42	71	57	14
1	78	75	41	72	77	59	28	17	38
65	3	66	82	21	68	50	14	5	58
78	54	70	15	53	46	16	80	43	7
11	69	53	77	40	30	46	88	79	27
36	83	4	64	85	43	39	67	1	53
73	48	85	74	13	54	70	6	55	38
88	56	16	52	73	33	58	46	82	72
15	7	73	87	32	51	38	24	30	82
67	58	41	20	39	75	31	37	14	69
5	74	41	79	42	26	78	44	18	63
62	28	39	25	1	43	87	68	81	6
27	54	23	90	85	42	40	20	36	88
82	59	41	60	9	36	72	18	63	34
20	45	4	42	58	82	54	2	31	90
46	35	86	60	77	31	72	36	50	29
73	8	42	59	48	86	76	72	55	21
45	16	80	46	34	28	29	67	58	4
12	90	34	55	87	18	44	6	8	28
36	8	73	26	77	55	29	80	58	38
63	85	6	25	40	30	60	29	83	41
87	24	82	61	56	33	26	45	20	46
49	78	71	4	76	32	89	21	40	45
70	18	54	7	14	32	5	76	55	42
84	25	31	70	6	3	41	79	48	89
36	58	75	8	73	46	54	9	56	38
75	7	68	51	27	40	29	47	10	49
78	71	52	74	25	37	90	41	28	61
32	71	9	60	11	33	1	7	77	61
87	34	84	57	14	75	18	53	16	81
5	90	32	87	65	2	61	17	88	48
53	31	49	86	22	46	2	48	79	28
37	25	69	7	61	11	75	65	88	89
76	23	81	69	21	32	51	3	13	79
57	46	52	3	74	9	34	86	50	36
38	78	62	82	15	24	67	84	1	50
79	18	43	4	80	28	68	3	27	37
38	61	36	71	6	19	52	23	81	35
60	63	27	67	31	23	56	28	46	59
25	73	61	64	2	75	44	58	3	68
53	39	5	30	85	23	55	25	19	71
3	80	46	14	62	55	31	59	19	66
68	17	69	40	38	3	6	37	45	71
6	75	31	84	63	51	83	66	26	5
9	47	84	69	52	81	23	19	16	33
45	9	83	18	25	79	32	54	24	55
75	72	9	70	12	35	86	29	90	51
50	45	81	74	67	64	62	44	47	57
78	21	8	75	66	34	13	28	83	61
1	70	51	62	34	17	26	59	43	54
69	16	37	1	25	87	34	51	36	85
29	40	83	77	41	71	44	62	56	39
15	80	56	31	82	75	8	86	68	24
38	1	37	58	62	14	41	89	68	49
7	85	61	45	86	41	79	70	54	66
87	13	60	46	24	76	20	55	54	79
13	29	4	66	89	76	24	72	41	18
60	87	8	70	21	44	89	57	36	76
85	14	3	54	47	30	19	63	65	23
42	76	6	38	52	32	21	80	46	9
83	39	64	73	65	13	62	90	15	26
82	35	49	14	67	81	12	50	19	57
34	52	66	82	70	65	3	48	13	28
71	23	74	72	59	41	32	64	66	17
20	53	69	41	82	63	57	40	37	25
58	30	4	35	79	66	15	40	88	21
7	86	13	64	53	52	85	68	32	66
2	49	42	81	72	39	24	68	21	31
60	38	53	79	27	70	19	28	31	61
5	43	8	70	84	42	6	80	2	65
60	68	9	67	31	18	36	32	39	28
18	77	14	30	6	67	90	24	15	81
81	68	36	84	90	6	22	55	43	73
15	86	62	8	57	29	72	65	37	54
86	31	58	49	28	38	62	51	63	59
30	71	46	87	56	29	36	66	17	82
49	18	85	16	79	28	81	25	17	70
76	71	27	90	78	26	16	66	49	12
58	73	53	30	5	15	6	13	11	22
53	42	17	52	36	88	71	22	56	18
2	24	34	23	44	28	59	49	82	1
42	75	43	51	77	34	41	78	31	59
17	83	80	56	20	29	49	23	66	58
6	59	12	67	54	74	41	64	3	2
87	63	47	28	65	43	53	50	24	16
67	24	8	53	84	25	6	29	54	37
23	72	68	11	86	83	55	49	8	66
73	58	9	78	36	90	29	63	10	57
34	16	74	3	61	6	84	37	51	81
28	72	4	15	59	77	35	31	52	67
70	59	85	39	8	15	19	32	79	52
69	78	1	64	47	90	18	7	31	79
38	81	37	28	7	71	11	79	27	41
71	42	90	68	47	82	49	50	48	36
70	83	31	73	29	75	33	90	28	15
24	3	11	77	49	34	18	86	42	70
30	79	65	6	89	34	1	10	25	69
64	48	46	24	41	3	62	88	25	40
75	18	57	2	59	64	20	3	69	83
23	65	37	54	40	30	29	81	72	6
77	56	4	31	53	12	82	30	26	45
15	38	60	54	20	74	27	40	16	29
12	84	7	35	87	23	67	50	22	18
82	13	81	62	86	15	87	5	68	22
70	84	33	74	68	49	16	59	80	21
3	34	42	37	68	60	23	44	79	31
43	72	39	62	71	11	29	70	21	18
34	15	4	78	56	88	12	20	44	81
9	33	75	61	32	83	15	47	21	68
79	3	84	29	31	78	18	65	14	83
40	52	27	61	32	87	33	5	72	59
35	64	31	68	57	20	85	8	47	33
66	81	26	56	90	74	25	43	36	22
14	79	32	72	56	67	89	3	51	28
89	61	8	64	68	70	26	88	22	40
16	53	71	45	80	23	70	68	25	12
78	29	7	72	13	56	77	18	40	69
12	43	4	42	90	55	26	89	10	13
73	42	55	74	17	69	12	44	80	23
82	39	22	81	2	60	26	14	27	46
35	48	88	21	38	20	39	54	75	86
7	46	19	78	15	60	16	75	23	30
43	4	17	80	15	70	67	13	48	89
52	85	63	9	26	56	45	39	74	60
24	52	21	66	15	84	81	17	30	31
33	27	83	23	58	46	8	59	66	71
20	51	7	21	88	37	76	33	14	22
47	63	64	33	69	44	13	1	26	54
32	87	30	72	81	52	40	65	4	77
79	6	48	45	67	62	85	4	34	70
17	90	35	31	82	60	25	16	78	57
83	60	3	84	87	66	19	23	51	30
37	90	36	68	31	45	8	44	61	57
25	49	43	35	41	61	31	60	19	82
32	1	72	59	71	44	61	70	13	27
55	46	6	79	86	17	33	66	58	29
6	64	78	80	21	62	88	19	30	73
63	85	31	8	81	44	22	17	70	15
42	4	78	62	31	43	18	57	46	75
62	45	82	63	30	16	78	20	9	14
55	36	4	68	76	40	23	65	37	88
21	49	38	5	73	82	10	60	17	35
30	44	53	6	35	32	50	20	19	63
25	77	4	80	74	68	11	36	43	81
40	25	75	34	78	23	66	17	86	51
52	46	7	73	60	61	14	63	80	72
47	18	66	51	86	53	85	68	2	30
35	82	38	6	18	76	15	40	49	73
79	56	76	7	16	69	22	89	6	66
72	53	25	85	9	38	66	7	84	5
27	83	90	12	43	21	80	55	11	84
86	59	60	14	57	18	69	12	90	33
48	37	76	82	26	47	63	84	21	67
16	25	81	29	51	17	66	41	33	72
13	87	48	51	84	57	4	80	66	21
67	35	43	17	79	49	88	61	30	15
14	37	30	46	39	44	47	33	85	60
43	58	69	39	28	27	13	77	9	54
22	74	40	87	39	88	67	14	50	56
15	64	7	83	67	33	52	79	12	46
66	4	85	20	76	89	15	39	60	86
27	62	60	32	26	48	73	81	36	63
60	55	67	51	48	83	19	77	22	8
24	82	4	74	70	84	63	40	17	45
73	18	53	64	35	26	79	81	68	48
9	13	54	30	43	88	27	14	53	25
45	17	41	77	8	12	65	88	73	5
14	81	65	59	66	72	5	67	20	39
65	28	23	86	79	41	16	59	50	33
63	85	45	27	75	56	39	17	70	19
87	6	17	26	41	61	55	29	53	86
55	23	52	71	60	14	88	31	86	29
78	34	83	72	67	64	55	23	68	40
32	77	15	37	26	67	81	51	53	8
37	13	82	61	1	66	25	14	52	89
1	59	80	12	77	39	64	17	67	23
69	75	67	18	40	57	81	62	28	44
18	1	13	25	76	49	85	70	16	28
63	76	39	12	54	35	83	5	77	42
69	26	58	13	75	43	50	67	34	88
45	8	46	48	89	21	70	17	76	53
23	90	6	79	37	18	45	62	58	83
67	24	41	69	12	85	21	77	18	30
23	2	66	16	34	78	13	27	84	54
73	88	41	6	67	54	89	11	40	35
82	74	61	35	60	36	44	3	85	53
58	73	80	55	12	37	49	81	69	83
65	71	15	49	26	25	88	57	33	9
32	47	89	73	1	74	27	6	58	55
68	85	65	41	5	70	66	59	87	20
58	27	87	69	57	86	34	3	67	49
17	56	6	32	69	33	76	90	23	41
75	14	90	36	84	68	45	3	87	28
11	38	40	18	86	33	71	84	7	14
80	66	9	88	76	18	37	27	53	10
3	66	36	80	21	81	5	69	72	55
68	36	80	18	27	85	3	90	63	24
5	54	75	56	37	39	45	16	53	86
86	62	8	34	53	73	84	50	19	52
49	77	47	60	7	75	27	62	37	34
79	8	86	88	27	40	14	77	28	43
87	75	46	30	52	69	16	33	74	40
59	27	77	86	44	37	89	40	22	62
83	34	3	80	45	62	47	73	69	88
17	81	74	21	45	60	44	59	80	75
43	17	24	61	28	44	70	5	78	31
41	85	66	5	63	89	15	60	29	86
34	29	33	64	40	1	74	15	27	52
87	62	75	53	9	27	13	77	48	55
52	75	90	86	35	16	88	14	23	80
58	1	55	62	37	60	44	7	18	53
57	76	60	16	1	18	66	69	8	12
71	82	90	72	18	76	8	33	89	47
37	70	43	77	28	44	31	7	69	54
45	34	30	64	4	60	78	89	18	13
32	31	59	64	7	44	16	77	18	25
66	81	8	37	26	25	89	4	76	23
47	2	41	66	71	58	39	63	60	84
6	88	39	24	73	55	29	10	70	9
3	69	64	78	42	23	40	8	51	88
62	1	43	35	67	28	85	61	10	36
24	82	4	59	13	90	18	66	79	23
15	7	23	62	44	12	5	17	48	54
81	68	26	31	74	7	49	12	3	90
6	42	61	78	54	83	10	66	27	48
60	73	25	9	82	31	64	17	16	49
12	38	7	84	56	61	9	88	31	24
29	46	30	49	51	65	77	20	52	79
64	86	28	3	56	35	67	29	31	72
87	3	31	73	38	80	16	55	39	42
14	68	7	59	33	65	75	50	84	21
17	77	25	67	79	53	88	4	60	31
90	43	82	40	46	54	70	18	37	22
22	85	39	24	72	51	40	6	78	70
4	73	38	43	75	61	29	85	33	14
82	9	78	25	77	1	70	89	35	42
15	71	39	1	18	31	59	38	80	25
46	9	63	88	65	24	66	5	51	83
53	83	22	13	1	25	81	31	77	57
24	4	53	84	76	36	60	33	48	10
55	67	70	6	63	77	31	32	56	71
29	16	79	60	57	31	23	76	49	84
44	80	43	22	35	61	76	18	14	6
39	55	6	78	52	40	47	82	9	27
56	85	74	4	48	81	10	22	67	9
53	68	87	18	48	36	76	34	23	51
64	16	1	33	70	12	43	41	86	66
72	59	67	25	23	80	4	70	14	36
1	73	26	83	13	64	56	21	48	39
31	52	7	54	12	9	78	16	39	80
47	23	85	63	59	89	57	61	33	4
74	38	7	76	45	23	16	78	11	60
23	30	84	37	8	6	33	65	72	14
71	42	23	55	90	43	64	14	30	82
77	28	85	4	27	40	56	39	44	31
15	36	22	85	8	66	27	26	78	53
49	25	81	79	84	18	87	13	55	23
14	35	59	2	70	42	27	3	87	65
90	8	36	15	71	38	32	58	2	86
6	33	17	69	67	74	15	16	81	43
58	6	81	26	52	29	44	90	34	5
32	24	9	39	70	60	89	12	53	6
58	61	47	30	21	67	44	88	60	89
49	31	71	37	14	43	15	40	78	12
38	75	66	73	21	8	57	59	16	22
46	62	77	38	68	51	65	13	90	59
74	87	41	73	9	40	33	67	60	39
43	75	79	82	73	11	65	12	34	23
60	52	47	85	41	73	29	17	78	16
31	78	81	46	51	53	41	64	30	12
45	13	82	53	79	60	39	5	46	38
34	71	3	32	57	37	89	84	47	21
40	58	72	41	13	78	21	65	38	88
63	6	32	86	11	83	10	38	45	74
87	52	56	72	24	13	88	67	8	33
3	61	84	75	80	77	14	40	29	52
67	51	36	42	16	11	74	70	22	33
38	3	63	31	26	22	18	73	89	40
26	9	86	77	82	66	40	67	3	34
19	30	16	74	81	87	73	67	41	55
52	65	82	37	61	26	83	34	77	13
73	42	14	85	11	76	35	2	28	47
34	66	18	62	8	69	16	44	78	23
68	27	82	40	14	37	75	53	6	18
84	45	88	24	28	66	17	78	32	53
46	86	12	66	29	2	81	67	16	80
64	7	68	38	40	88	13	23	52	73
5	44	18	43	76	60	48	78	51	12
73	62	34	77	28	63	50	76	22	49
72	4	75	76	20	31	89	17	35	3
25	81	32	67	53	4	16	85	22	76
56	3	66	58	64	47	19	52	31	60
26	63	35	7	39	51	18	3	78	22
45	69	1	56	70	89	21	88	16	33
41	7	34	89	35	61	49	33	60	12
66	81	28	51	12	63	20	79	25	10
3	60	72	37	58	49	45	13	82	8
45	88	21	67	13	43	52	38	90	14
41	39	60	17	69	85	8	55	21	5
45	80	23	81	72	9	16	4	71	84
37	64	17	88	76	89	23	55	20	42
15	54	83	8	12	84	47	67	25	19
86	65	6	68	83	21	61	29	72	44
33	17	87	69	35	70	23	90	27	88
9	61	4	56	21	25	68	39	78	53
67	4	11	64	39	75	13	32	60	29
66	24	68	84	12	43	50	85	10	26
18	44	90	27	53	34	88	7	61	19
59	35	4	48	21	56	37	52	63	90
65	8	89	22	90	14	81	75	1	27
76	45	77	59	17	34	9	53	28	87
29	80	46	57	33	66	4	25	63	12
37	42	38	75	58	15	70	28	84	63
49	87	27	1	68	88	41	22	3	55
44	3	82	68	26	39	60	89	50	8
66	50	34	65	3	40	69	4	54	56
15	31	77	56	27	78	32	7	29	45
84	60	7	25	78	66	19	2	33	49
30	64	88	47	63	22	71	89	14	51
10	86	38	78	46	43	52	24	73	50
9	31	71	66	28	14	83	53	40	77
32	38	15	31	43	9	54	37	66	70
83	24	35	49	56	47	15	34	7	73
2	85	84	33	80	31	27	59	37	65
53	9	14	79	20	60	66	13	45	51
33	76	55	61	14	16	12	47	1	62
84	53	14	73	1	78	45	5	67	20
30	59	82	6	54	12	87	22	73	7
19	75	26	72	15	28	13	88	41	56
8	63	42	34	87	12	89	51	65	6
58	43	1	77	81	70	13	29	69	31
79	56	85	38	51	17	81	20	6	47
16	71	52	83	57	22	4	62	19	34
77	12	59	48	31	19	67	50	28	85
44	80	23	62	9	72	15	41	40	37
46	3	74	24	89	8	90	88	31	52
53	38	85	45	1	60	89	22	43	71
30	86	59	34	77	66	23	45	18	81
35	17	85	4	68	40	36	61	27	51
3	77	45	72	26	54	76	13	30	49
49	78	7	25	73	11	89	65	27	70
81	27	11	85	37	62	39	14	68	33
8	62	88	67	26	11	73	89	30	51
41	83	28	79	60	32	5	56	44	27
49	72	13	48	71	53	47	6	85	64
74	17	38	72	4	15	82	77	30	60
42	73	14	84	35	20	88	6	77	51
54	32	69	72	60	71	44	39	12	89
75	32	30	78	84	43	15	81	66	17
62	88	61	25	3	46	39	64	10	78
36	18	88	4	48	73	15	76	70	9
90	82	36	83	57	13	60	54	71	25
70	62	27	6	64	89	30	18	21	57
35	13	39	73	19	61	10	44	77	12
17	69	3	32	49	53	74	40	2	26
68	5	77	26	83	25	2	71	21	54
38	50	4	32	47	39	29	66	18	53
30	63	56	23	62	55	76	14	51	27
53	71	59	1	88	46	30	5	21	79
4	27	46	28	41	89	40	55	61	15
66	3	58	43	37	41	65	16	84	40
76	69	17	2	30	13	87	6	29	52
4	66	47	68	15	37	72	10	9	56
67	79	7	66	31	29	2	56	74	42
87	12	8	85	26	79	56	48	78	13
34	18	86	21	80	42	69	3	87	55
77	9	81	73	45	36	64	51	12	66
39	8	24	86	23	70	5	57	32	46
44	85	53	81	29	60	78	7	19	36
67	10	7	82	55	73	17	22	80	48
40	75	39	1	16	52	88	14	23	62
80	33	79	73	12	22	8	60	44	39
42	37	18	77	51	38	90	13	63	7
87	34	70	28	52	20	59	60	29	4
63	49	65	31	70	26	80	5	58	19
58	39	60	14	80	21	66	89	6	57
46	66	81	56	72	18	15	9	33	25
49	2	87	43	54	61	25	76	30	57
22	41	23	77	1	53	28	75	50	64
56	71	6	35	11	70	59	54	33	8
15	44	61	90	37	30	60	28	73	55
71	2	74	35	67	44	81	28	40	19
30	41	33	1	79	17	85	22	5	53
45	4	63	41	64	39	80	86	17	22
81	59	77	6	68	55	72	10	35	43
79	64	82	25	31	15	86	67	29	23
48	1	27	60	86	33	65	14	39	72
26	90	14	89	37	55	29	51	32	53
43	85	46	7	16	39	60	88	40	22
69	87	8	60	29	3	83	15	71	36
8	76	27	40	56	64	83	12	33	29
13	48	34	83	66	27	65	81	52	19
18	21	9	38	85	60	13	27	88	41
14	58	42	3	67	61	40	26	83	18
68	71	6	11	35	83	19	78	3	20
76	37	72	23	9	54	65	18	41	70
27	30	78	24	66	43	65	13	22	9
5	61	28	84	32	70	56	20	55	57
52	44	1	40	53	22	8	39	82	10
12	83	5	46	33	58	25	80	16	68
88	3	79	57	24	45	85	46	70	22
22	81	55	38	3	47	17	79	50	36
11	34	83	45	59	60	22	5	87	16
39	7	73	59	15	20	86	31	47	69
73	39	86	78	13	26	55	67	8	49
50	67	15	84	16	78	43	20	29	31
28	75	43	26	31	65	15	8	81	59
48	73	88	55	9	66	31	17	80	23
63	24	19	62	7	30	75	56	80	48
12	79	60	38	74	55	29	20	9	46
65	7	36	80	18	51	47	84	49	16
31	23	60	59	68	78	20	85	6	72
42	71	25	78	85	70	64	5	53	57
66	27	35	26	85	40	63	39	76	31
63	7	56	72	84	41	81	38	3	29
28	87	27	69	37	52	75	11	30	43
40	25	84	62	49	33	82	57	61	13
37	81	30	85	49	68	16	53	77	24
6	77	72	35	70	44	2	89	13	66
30	18	37	12	85	65	20	89	53	24
63	46	58	4	32	71	55	81	16	37
68	1	38	71	20	35	76	86	40	54
44	30	42	27	82	67	55	75	8	19
66	43	11	9	41	15	84	27	76	51
89	33	52	23	36	61	48	51	74	29
44	60	52	3	79	81	55	27	16	88
77	14	45	80	15	36	61	82	33	29
23	70	82	48	64	30	54	29	76	5
71	13	90	38	43	66	14	22	86	20
10	34	75	6	27	67	13	58	81	12
17	1	14	19	53	87	66	35	72	40
8	73	24	76	90	22	61	65	20	39
37	8	75	12	77	54	81	19	23	46
17	86	45	53	31	65	18	52	70	35
64	48	56	82	47	90	5	33	75	3
70	39	88	26	32	44	65	7	51	19
36	75	4	22	59	78	20	57	23	81
67	14	23	61	43	55	38	72	86	29
87	58	16	35	51	23	62	50	29	54
31	62	57	2	60	11	85	14	58	76
61	79	67	15	33	30	41	26	50	82
34	23	41	13	3	66	51	85	70	29
82	69	16	74	43	21	78	30	52	45
80	72	24	71	54	65	13	27	46	38
37	6	55	34	68	53	26	63	12	79
81	42	33	46	2	25	67	70	55	78
26	59	29	8	69	77	40	21	83	15
12	44	87	27	41	20	88	73	35	16
60	28	30	2	43	44	15	84	71	21
81	77	45	76	87	21	10	34	68	64
29	8	72	41	76	80	35	57	30	13
83	17	51	68	14	43	20	52	70	36
66	25	39	4	79	23	11	30	88	52
87	30	49	74	55	26	19	80	52	63
90	38	72	6	85	63	35	12	20	71
37	62	23	76	57	20	84	49	9	51
54	2	58	69	21	70	55	13	33	86
9	85	56	12	68	47	63	89	14	30
40	66	38	67	62	83	15	9	70	44
90	14	87	54	21	19	66	40	58	35
32	41	63	71	25	4	22	88	36	57
88	65	84	1	18	32	30	13	77	59
36	82	47	35	3	88	21	44	60	14
24	5	86	32	60	57	11	73	48	9
89	43	69	27	45	35	61	40	58	76
30	49	81	42	73	27	41	6	68	80
4	63	70	58	37	29	46	15	79	11
54	7	83	78	12	20	16	67	44	35
53	42	64	88	20	37	75	12	5	40
77	86	47	53	18	60	89	14	22	5
18	34	61	56	32	20	70	88	14	49
39	78	4	81	13	89	15	54	76	27
1	80	46	51	87	53	10	44	20	75
27	33	62	3	85	36	74	28	80	79
32	66	52	73	29	48	81	20	44	15
73	28	5	87	26	44	60	89	31	9
83	41	72	47	11	40	88	24	69	25
64	90	66	25	61	27	69	83	5	78
56	22	84	9	67	53	70	88	20	35
88	35	72	48	2	23	19	55	66	40
4	49	17	86	79	30	65	38	16	23
82	53	38	71	8	66	10	29	74	25
52	4	26	54	1	23	88	35	40	29
85	67	90	7	36	34	73	55	81	28
47	86	33	26	73	52	40	61	55	89
78	31	57	44	39	80	4	73	25	42
6	68	27	44	75	28	3	55	48	30
71	37	8	31	52	89	15	29	60	80
72	88	30	8	15	69	78	40	13	54
20	53	78	59	15	82	65	12	60	31
27	49	2	41	62	46	80	23	19	74
44	23	79	38	10	81	66	27	40	65
82	74	71	50	1	69	16	20	83	48
46	9	14	70	59	63	55	82	37	11
34	3	28	77	19	52	65	20	80	4
89	35	13	60	2	37	58	75	30	41
56	41	81	79	84	55	70	18	65	23
80	1	34	12	71	53	57	69	19	22
77	52	86	66	38	63	89	13	15	20
66	14	72	88	70	23	43	17	84	21
82	65	22	37	89	43	55	60	70	53
73	30	8	52	68	41	34	75	90	6
65	72	11	7	31	80	76	57	83	2
63	28	45	7	22	40	5	84	73	41
80	33	86	26	48	23	16	55	69	30
81	68	83	15	90	20	45	66	2	14
73	66	32	88	5	18	24	10	86	77
75	26	3	72	48	70	9	87	61	14
76	83	8	84	5	40	70	81	13	37
26	52	33	56	84	55	71	20	87	58
48	69	1	41	65	23	73	16	82	37
40	77	51	3	24	38	72	70	29	18
88	70	23	5	65	17	86	49	20	51
81	42	70	12	74	5	69	17	53	40
67	44	75	17	48	39	5	88	51	90
16	32	11	73	41	27	89	60	5	44
29	48	2	74	55	16	37	50	31	53
66	48	8	70	81	29	52	83	44	25
72	85	11	32	54	60	20	19	53	4
30	65	76	5	81	47	71	13	29	52
17	40	79	11	75	29	4	80	77	53
66	32	90	75	52	27	80	4	54	43
6	74	42	78	20	29	67	43	51	65
57	79	44	28	85	30	13	66	9	32
57	81	4	41	76	40	28	83	30	52
30	87	39	54	15	62	76	10	3	28
23	74	88	37	72	55	29	70	12	6
49	84	71	32	88	58	20	61	50	9
17	23	6	83	44	69	5	70	38	51
86	55	67	8	72	40	33	31	89	54
56	62	9	35	71	33	19	82	54	47
89	23	41	72	5	70	54	17	43	68
83	41	88	71	65	7	59	34	9	20
13	66	3	85	28	75	60	31	12	67
87	1	25	61	80	90	32	75	53	18
61	45	82	68	19	60	23	77	6	34
25	2	64	86	57	60	33	78	12	44
87	60	47	50	59	16	3	58	31	82
66	24	86	2	51	73	45	20	50	36
53	36	83	7	89	18	70	10	64	29
72	61	50	75	63	13	69	10	25	88
86	27	44	62	54	31	78	23	16	55
4	73	32	44	12	89	57	16	29	51
25	71	38	13	27	86	40	36	52	19
44	67	36	74	31	89	73	5	17	50
2	51	84	42	78	5	83	15	30	66
10	74	8	32	81	33	66	27	34	55
46	87	8	57	5	14	22	50	78	10
13	9	72	66	89	6	75	44	85	37
5	31	64	35	48	88	10	23	37	72
10	72	29	68	51	65	53	7	64	40
4	82	89	42	57	16	70	37	51	23
58	79	9	70	2	63	37	19	44	86
87	75	44	32	49	53	6	11	88	20
6	83	47	33	81	72	14	55	48	19
89	71	26	7	74	12	66	11	83	47
51	86	81	73	57	18	10	44	50	69
7	65	53	71	90	18	72	24	66	29
88	51	3	74	54	17	36	80	49	65
80	42	66	30	71	34	51	8	5	83
30	67	28	25	57	13	86	71	8	23
20	62	33	6	81	17	58	15	64	9
88	60	28	69	41	16	21	87	34	70
57	36	17	89	5	55	22	70	4	21
56	13	44	41	78	10	57	88	45	60
50	8	66	9	43	14	21	72	87	35
87	62	38	8	35	23	54	89	20	51
35	61	65	31	74	23	48	60	22	86
66	23	75	88	5	70	47	14	58	20
7	82	11	57	65	13	86	3	88	51
83	24	1	53	29	75	27	36	62	40
30	82	8	44	31	16	78	23	89	55
90	14	82	24	65	89	23	7	11	78
73	50	8	71	2	28	44	85	14	33
83	36	42	88	19	60	85	7	26	74
89	48	65	87	29	33	14	52	76	1
2	74	8	83	55	79	42	67	21	40
35	30	59	70	41	16	88	27	64	80
24	77	1	26	81	37	85	70	5	32
29	75	48	36	89	57	1	52	70	23
31	48	83	6	28	19	77	65	80	35
56	70	36	88	40	43	77	13	9	55
52	83	2	56	15	24	70	79	10	28
17	1	87	5	40	29	64	62	18	35
25	60	38	86	29	66	74	53	82	7
3	89	62	36	55	18	57	29	70	42
31	1	86	69	81	17	74	53	27	40
87	6	39	72	43	68	55	60	11	4
66	90	27	83	75	44	82	60	51	58
66	35	83	14	50	31	88	12	46	57
32	90	7	74	42	89	53	18	31	65
67	81	15	71	24	3	50	88	52	36
4	52	11	85	61	30	89	73	22	27
86	33	72	90	24	18	61	55	9	30
36	88	2	61	57	70	15	53	29	44
50	72	80	28	78	33	66	1	47	54
48	50	66	82	75	7	19	57	24	88
61	85	26	9	47	88	10	29	20	33
27	73	7	28	10	16	89	35	41	22
19	28	56	76	41	43	84	10	53	55
89	7	39	56	45	14	86	69	33	70
90	32	8	34	25	33	76	16	50	87
86	27	73	90	29	15	62	20	88	9
68	47	26	9	25	73	15	87	32	40
80	17	88	30	59	43	66	13	75	52
79	1	63	6	68	17	55	12	40	82
60	8	59	68	76	43	54	19	18	83
58	14	80	25	65	11	89	22	17	76
5	16	68	49	76	33	82	70	55	41
2	70	27	74	45	18	53	89	16	51
11	14	81	71	55	73	48	37	10	20
50	77	9	62	51	18	53	12	44	86
33	74	12	85	70	18	55	41	51	66
78	35	26	39	89	13	55	41	51	66
10	53	64	82	65	76	29	37	5	22
6	81	11	84	82	63	35	48	17	36
47	72	37	2	30	63	15	89	24	55
31	44	84	42	50	16	33	29	88	55
17	40	87	70	63	22	89	21	74	15
5	88	31	52	61	63	9	44	76	50
66	4	53	84	51	22	85	80	26	2
81	33	9	61	42	66	25	71	60	7
1	78	49	76	55	83	19	24	67	30
43	78	41	88	71	84	15	50	86	4
55	73	36	72	69	66	81	49	50	34
45	89	66	87	46	53	28	54	61	5
25	61	59	60	47	82	53	6	44	58
2	71	88	45	67	66	13	39	80	34
28	50	72	75	56	22	73	81	54	55
27	89	30	43	90	18	66	52	71	55
42	53	69	22	46	57	13	86	29	38
16	85	72	32	76	77	3	28	50	41
41	74	76	10	53	22	65	13	27	9
7	32	90	48	51	66	43	17	85	18
62	44	1	86	29	73	55	77	28	20
86	17	90	54	79	63	78	5	52	31
32	49	5	31	83	66	87	25	16	78
18	64	89	7	52	83	26	31	55	19
3	65	74	15	54	81	62	19	17	16
12	37	75	62	90	74	23	20	78	53
62	19	73	3	54	38	16	57	50	61
7	66	79	75	48	23	59	80	19	31
86	24	74	53	79	37	60	55	88	21
7	78	30	81	47	55	13	54	82	16
58	2	21	65	15	83	36	77	20	44
71	81	61	62	79	89	21	42	29	75
13	64	49	11	50	43	5	87	32	8
24	1	83	78	49	66	47	5	32	57
90	52	69	73	67	44	81	25	56	8
2	53	48	42	86	77	27	84	4	65
45	66	28	9	85	89	69	79	87	47
74	54	10	26	80	70	15	33	56	55
11	46	80	57	65	45	9	86	71	58
90	59	62	71	57	33	38	75	73	28
47	21	6	13	45	68	49	7	37	23
8	7	42	63	12	82	60	81	13	22
68	60	83	88	1	38	51	5	3	63
80	27	12	2	51	7	54	71	4	28
90	84	75	61	71	85	7	11	37	69
67	84	7	3	26	34	32	18	35	51
66	55	86	79	87	89	22	18	80	67
80	86	31	64	56	11	15	19	24	84
80	11	5	9	22	66	38	30	63	68
31	51	83	36	10	14	79	76	48	75
77	3	84	20	37	22	42	44	64	15
5	78	48	69	11	16	13	26	21	68
45	9	62	15	26	42	38	8	14	48
61	44	90	30	84	64	35	49	16	7
29	20	22	70	7	2	4	61	51	85
31	39	49	73	71	57	24	45	43	66
34	68	31	50	78	77	12	35	67	75
88	15	77	46	51	83	59	55	72	74
32	11	50	37	48	29	45	51	13	30
66	4	70	51	75	89	26	50	18	43
74	52	81	14	69	40	6	62	42	27
42	83	74	5	71	55	12	10	24	78
32	50	61	38	70	12	65	31	75	84
52	43	74	56	89	38	1	25	60	37
81	16	37	8	55	63	5	29	76	42
60	12	79	17	39	55	76	5	89	23
14	29	26	3	55	88	13	67	30	61
40	1	29	81	79	70	66	23	35	82
50	72	67	44	61	13	7	38	86	25
11	8	84	17	40	63	25	72	3	36