21	64	77	50	47	16	83	60	5	78
73	23	63	19	15	29	36	44	74	32
17	64	13	68	23	56	7	69	26	30
70	21	71	41	65	51	79	8	59	87
27	25	9	89	20	78	74	86	10	82
12	40	25	9	39	79	51	36	64	16
14	7	32	5	61	12	2	65	55	26
44	49	50	52	87	24	45	13	63	10
47	7	22	36	73	29	62	45	84	50
10	17	33	19	6	59	27	89	24	7
48	41	40	83	29	70	18	19	58	11
66	7	23	64	89	26	57	87	48	61
47	82	44	87	89	42	21	52	26	60
31	27	29	77	25	75	14	87	46	36
39	40	68	77	20	27	84	36	17	44
50	48	1	28	70	82	12	72	58	47
56	7	62	30	54	85	52	75	70	11
85	41	32	61	90	37	76	30	60	62
61	37	28	71	12	20	16	39	53	88
46	86	60	25	84	82	5	8	30	67
36	57	41	16	46	12	25	54	18	58
48	67	16	46	82	84	29	43	19	25
79	71	7	48	57	66	89	59	1	24
3	12	18	83	50	24	52	76	60	90
60	57	38	23	74	27	71	68	29	61
80	48	9	83	13	89	90	50	75	32
86	58	30	88	11	39	32	24	16	22
37	57	5	60	30	6	2	75	50	33
22	77	49	29	1	87	72	21	85	35
75	86	63	62	36	61	47	52	37	27
12	70	7	15	79	47	32	50	82	6
1	28	50	78	30	11	25	75	42	31
38	59	27	83	90	50	47	61	7	62
83	34	1	18	9	65	74	59	27	38
33	68	40	65	42	72	51	37	80	50
7	76	84	36	29	89	48	22	58	35
48	69	82	62	10	75	1	23	40	45
89	4	21	25	88	2	45	22	66	75
77	31	11	13	43	46	42	6	37	79
8	26	65	9	12	20	61	3	33	83
60	88	72	15	36	71	23	79	14	52
67	40	41	15	9	58	4	66	69	82
53	22	16	62	29	40	56	35	10	81
55	88	20	54	86	53	18	34	43	6
66	31	83	14	51	9	79	20	38	45
58	36	86	6	80	42	21	33	79	59
76	25	50	44	19	3	13	71	78	45
28	65	31	68	47	52	64	25	15	54
25	9	58	52	66	18	83	67	4	12
53	42	88	25	66	13	86	69	64	83
41	40	66	16	8	30	75	37	36	42
22	25	14	77	13	17	82	85	30	63
29	19	8	10	80	25	6	53	65	88
43	15	17	69	63	83	5	23	79	4
53	25	49	80	27	68	84	51	72	78
25	22	79	12	60	29	53	38	80	3
70	64	36	29	28	25	80	23	50	17
81	53	32	7	59	69	29	41	24	74
49	19	60	89	87	78	38	4	86	18
29	6	53	77	28	73	37	27	84	75
3	7	23	32	25	43	58	29	20	52
79	77	58	65	48	14	51	73	55	62
79	33	36	54	51	40	69	4	27	22
38	83	84	57	23	50	76	58	69	16
64	10	50	53	45	7	9	60	34	41
81	84	89	40	15	53	72	1	12	3
36	42	6	22	25	90	43	40	24	61
45	16	73	56	84	24	42	17	49	82
69	74	31	66	38	34	78	82	51	63
70	13	31	60	45	15	33	19	32	6
65	87	61	79	46	24	72	56	19	34
57	56	39	73	19	76	12	5	35	49
24	8	42	18	69	75	54	19	39	2
18	23	34	80	82	89	75	1	48	46
37	86	47	84	8	46	65	27	61	60
17	20	72	43	49	31	23	52	85	33
64	3	57	30	45	55	79	44	22	74
68	16	62	18	26	79	56	55	3	29
54	19	37	60	41	16	42	27	68	87
15	71	34	29	31	3	13	48	66	81
41	74	16	82	58	20	67	68	64	89
17	48	52	65	79	53	57	67	61	2
55	85	30	38	47	63	40	73	51	36
21	5	50	86	65	56	80	69	18	8
29	88	22	33	35	65	25	87	72	47
34	37	56	82	41	30	21	71	83	90
76	17	12	53	81	75	22	15	11	21
54	85	76	14	6	48	31	50	49	16
90	86	80	82	45	28	47	36	30	88
17	51	8	68	16	29	42	2	21	31
3	25	12	33	49	66	83	51	7	31
59	64	40	45	7	28	76	60	42	89
15	65	28	37	17	3	49	18	45	32
27	23	17	21	90	70	62	84	47	72
63	72	24	90	31	41	43	29	9	59
55	85	39	41	87	54	67	30	34	61
70	60	36	74	28	9	58	44	62	38
44	47	28	29	22	59	69	64	79	65
81	2	61	16	4	44	90	40	82	60
50	66	20	9	84	16	13	78	67	57
3	13	56	9	41	24	6	64	57	78
37	41	68	53	59	67	14	52	82	12
24	66	3	76	67	89	75	81	53	58
34	74	13	60	70	56	50	38	72	17
27	47	90	36	18	7	59	84	80	81
47	6	45	2	77	3	85	9	86	21
60	76	10	72	6	19	38	67	3	33
2	19	3	9	18	29	81	40	59	23
18	29	13	64	53	62	33	6	21	80
82	13	24	84	61	47	49	71	85	48
30	66	10	54	43	73	59	36	65	68
18	39	87	42	32	14	34	33	16	60
18	7	88	72	51	56	1	3	45	2
88	32	41	38	72	12	78	70	79	45
17	47	4	55	67	76	35	89	68	51
24	63	50	3	71	82	61	36	19	45
19	4	49	81	25	33	53	73	9	29
39	47	80	20	44	84	85	70	77	42
60	83	9	61	29	44	23	13	75	74
12	42	72	77	80	83	16	38	28	23
86	68	1	48	42	51	7	26	8	33
22	90	36	4	10	32	35	43	88	75
18	82	23	13	27	39	81	70	79	16
75	65	79	49	64	29	4	63	8	60
27	40	28	68	57	76	8	53	64	29
51	75	80	71	7	35	1	79	61	55
38	76	56	4	60	88	83	23	85	39
62	39	71	53	51	10	34	43	58	36
84	30	29	82	14	27	59	90	37	42
78	35	1	6	28	21	10	25	56	42
85	64	25	51	18	39	3	54	16	43
69	71	74	52	26	11	77	1	32	30
42	40	90	59	66	5	51	68	12	50
8	88	35	71	59	7	47	60	76	26
29	25	79	1	66	44	50	80	78	85
87	75	10	65	59	70	82	27	77	73
55	52	88	15	36	25	43	49	82	21
69	81	44	12	55	88	25	50	54	24
28	65	4	63	62	20	50	69	72	74
26	20	75	45	73	18	33	74	51	36
77	37	87	60	49	39	33	79	38	65
43	77	66	80	63	82	14	23	64	84
29	27	10	86	85	70	33	76	16	75
2	59	22	11	85	40	49	80	88	66
50	8	26	57	63	36	32	81	43	74
49	90	61	74	77	42	72	81	60	86
39	86	27	15	29	55	88	90	26	84
89	44	25	31	3	66	5	26	33	79
52	44	20	13	3	39	67	56	72	23
23	82	48	21	39	71	40	73	9	53
7	16	54	83	13	11	77	49	61	44
15	3	65	60	29	2	47	28	24	30
23	19	82	63	15	4	54	11	49	83
75	22	17	30	64	67	44	13	59	74
32	86	48	37	70	74	58	84	20	9
28	68	11	82	75	33	24	41	23	77
28	84	42	70	1	29	48	36	57	77
62	41	40	48	84	12	8	55	16	67
32	68	77	89	85	43	47	49	44	29
13	55	14	42	7	29	1	69	64	3
50	7	5	64	49	58	90	46	8	29
9	17	6	49	53	51	35	1	21	23
42	75	20	65	55	81	78	68	56	82
75	47	39	7	82	11	15	90	44	62
16	63	52	27	19	28	26	48	41	73
49	56	89	17	48	90	77	54	73	85
39	13	84	1	38	71	28	31	9	36
15	52	61	37	14	36	45	74	1	72
87	40	50	38	16	61	57	14	31	75
16	54	35	34	39	50	3	23	61	90
26	38	15	77	63	51	76	24	36	85
21	28	42	35	83	63	87	58	55	11
47	56	85	80	18	12	25	31	38	75
7	71	69	17	67	43	31	4	16	79
50	14	41	59	82	7	67	4	78	73
5	52	68	78	16	19	54	76	67	32
14	68	77	42	29	90	76	86	8	78
38	88	22	64	36	71	16	26	27	78
8	31	24	81	1	70	26	14	33	30
51	7	69	78	55	18	23	49	77	65
37	89	70	11	90	79	9	41	27	56
14	36	13	46	34	74	83	49	65	21
82	38	4	49	29	68	24	22	53	32
29	32	54	62	40	87	56	15	79	33
41	25	80	87	11	21	88	76	62	34
49	85	56	88	16	80	54	41	63	71
54	90	13	53	49	35	75	43	16	39
47	75	24	41	83	12	4	79	13	27
32	25	58	61	42	10	47	13	35	5
20	66	31	22	53	81	16	21	39	33
69	47	66	17	32	5	7	12	44	77
15	68	14	13	42	69	70	49	19	60
37	55	64	5	36	69	11	40	78	52
13	52	86	76	20	65	83	48	35	47
72	57	26	73	42	52	78	34	16	77
52	35	47	68	60	7	6	18	45	81
49	44	35	78	18	8	52	10	84	68
81	8	67	17	72	41	62	35	31	4
73	28	53	12	1	42	80	36	56	81
4	7	82	21	25	90	63	71	67	61
87	17	78	73	82	52	36	32	35	26
17	37	20	43	83	9	57	44	26	19
86	70	52	25	64	48	45	47	3	73
80	78	68	64	82	79	34	24	4	44
54	27	15	21	66	42	39	63	30	61
40	6	61	36	16	60	90	49	34	68
31	25	36	48	9	56	35	63	69	44
16	81	59	84	76	90	23	75	30	46
19	2	57	69	36	59	58	83	42	87
10	1	49	35	32	57	70	60	16	52
14	59	19	2	77	33	24	26	46	62
28	52	79	85	57	69	83	48	50	64
62	80	1	58	64	42	6	67	23	10
63	7	57	22	25	51	56	32	17	46
33	70	43	30	44	57	82	18	13	22
6	83	51	74	70	42	30	45	67	16
32	31	52	50	86	78	58	21	56	41
72	83	58	29	20	82	67	5	15	53
19	46	84	30	88	77	37	45	82	83
23	75	12	69	9	29	54	44	3	7
44	10	32	21	42	38	12	52	18	90
71	36	82	72	68	66	86	5	56	87
89	50	77	84	13	54	68	38	34	16
1	51	90	3	7	69	28	75	72	40
42	55	81	31	3	51	70	10	78	58
50	89	58	30	85	37	54	38	51	4
27	1	24	9	17	15	62	58	40	84
9	27	85	40	10	61	16	25	81	24
16	32	88	5	59	19	65	14	50	76
16	43	81	29	73	25	90	63	79	15
14	10	78	31	41	20	51	19	1	38
1	33	66	11	10	71	36	14	59	5
58	82	8	56	27	79	26	52	89	60
73	76	49	79	32	24	60	8	26	43
9	75	82	27	43	39	77	41	60	64
71	28	72	24	81	57	27	39	18	52
49	10	51	9	18	26	83	77	59	84
54	67	35	43	60	49	36	58	50	25
81	87	69	35	58	88	32	26	42	86
31	12	11	27	73	86	8	47	26	63
5	46	90	75	89	80	27	54	76	41
18	47	44	59	28	78	43	85	38	73
15	81	14	13	69	34	70	59	2	19
12	78	26	9	60	45	42	59	44	75
5	6	63	51	58	69	9	88	32	37
31	25	43	9	73	33	40	76	87	46
86	49	87	68	5	67	2	20	34	42
65	89	32	15	86	49	23	33	66	48
44	88	57	20	29	23	81	50	8	18
84	65	72	11	8	29	60	16	56	24
49	89	42	27	50	54	1	15	10	18
22	18	37	72	2	36	32	33	41	12
17	24	76	62	89	53	88	10	81	63
80	17	35	16	64	36	77	90	29	89
59	40	79	20	44	66	55	72	32	25
59	87	86	13	56	21	42	37	88	69
24	43	34	9	39	83	21	14	87	48
65	33	31	5	17	25	8	75	66	49
20	10	15	87	63	49	82	22	85	46
64	89	33	56	38	49	7	60	52	57
77	24	55	87	83	34	59	72	30	20
49	24	26	20	72	68	29	42	4	77
10	3	40	20	18	31	21	41	15	37
34	32	56	45	1	63	11	43	90	38
89	19	24	9	40	75	36	70	50	49
36	78	56	75	84	66	30	8	26	19
16	15	45	28	6	40	73	41	74	43
73	54	17	23	59	90	62	82	87	42
80	90	75	29	86	76	18	61	22	50
74	17	44	47	21	68	2	86	69	72
71	52	23	66	1	44	18	81	85	49
23	3	17	34	20	39	65	85	10	84
26	72	77	30	63	37	1	66	10	88
74	5	82	87	62	53	25	13	71	85
75	70	77	24	25	86	68	32	10	34
37	56	73	22	5	15	69	3	34	53
40	9	32	25	58	3	47	57	29	90
81	34	41	11	30	74	56	39	31	79
12	69	84	55	5	44	59	16	11	63
79	24	54	15	7	17	10	21	9	14
1	3	52	82	28	13	56	49	73	12
22	58	67	85	47	50	52	84	1	9
25	45	86	44	9	28	75	79	11	16
17	89	45	31	9	38	33	27	86	53
40	16	70	6	15	65	90	36	39	59
88	82	7	43	32	17	70	24	51	60
53	80	21	79	2	31	61	10	63	11
75	28	73	66	78	43	14	59	39	29
74	76	30	28	32	20	49	59	3	65
13	52	80	49	66	32	2	84	28	69
57	29	15	88	51	11	47	34	62	33
4	1	24	44	83	76	13	7	80	64
44	81	40	41	32	43	11	15	84	28
41	21	52	76	23	74	26	6	51	27
81	32	21	66	2	35	43	62	77	85
32	33	50	42	11	82	66	24	61	14
12	72	33	15	55	66	26	73	53	58
34	64	49	78	29	17	68	55	19	25
6	58	23	70	50	22	85	68	11	36
64	48	51	12	47	28	75	10	63	14
9	63	37	40	17	71	85	49	56	59
25	54	8	1	55	81	66	15	90	9
73	18	23	53	51	9	64	37	87	89
47	62	63	56	36	60	89	13	69	43
74	26	64	4	70	38	69	35	17	11
43	67	44	2	37	18	51	76	19	5
32	27	1	56	76	31	60	30	19	79
22	86	51	15	57	44	19	2	12	40
10	50	43	32	71	86	57	39	84	33
20	19	12	6	55	68	61	9	43	29
59	56	28	35	30	20	3	68	19	74
59	72	33	1	26	13	41	86	50	14
43	58	21	22	26	18	70	59	52	36
9	89	60	16	19	21	87	62	88	44
36	59	76	5	31	48	72	37	13	19
14	56	65	49	19	12	13	42	3	76
84	48	64	18	49	4	51	5	21	11
83	65	17	63	62	9	58	11	48	21
78	84	11	6	19	33	3	5	41	43
40	31	38	79	43	27	5	60	44	1
49	43	74	28	8	65	64	72	37	68
3	86	68	72	87	83	39	60	31	74
64	42	54	60	66	35	10	25	72	12
71	19	60	16	67	90	82	23	9	64
41	90	21	52	78	58	8	37	25	48
68	22	54	33	61	89	74	63	80	29
84	86	11	49	76	14	47	42	43	7
59	5	50	90	11	37	45	39	36	38
74	46	61	55	20	10	3	5	7	36
39	13	40	70	25	82	79	64	22	2
59	8	86	37	18	35	60	13	44	67
44	64	2	60	10	12	80	49	17	4
75	52	86	2	46	34	82	26	9	13
37	80	26	54	5	69	53	85	1	60
57	55	67	26	64	10	13	45	32	3
32	11	77	7	73	45	26	13	62	16
23	48	17	51	44	10	89	82	68	33
15	85	82	31	23	72	65	79	43	58
82	28	47	41	16	12	46	20	88	48
87	41	80	85	6	30	14	36	79	39
21	25	42	65	85	10	44	60	45	84
49	14	60	75	68	21	55	26	35	42
38	86	75	83	63	51	30	12	23	71
73	65	16	64	40	59	85	15	26	33
39	48	79	74	76	13	57	62	15	29
8	46	69	89	34	31	50	9	76	24
90	18	54	28	74	55	52	32	19	4
74	38	90	41	23	29	69	64	65	60
82	22	61	3	20	80	29	62	86	49
55	31	15	42	60	5	77	73	33	20
82	29	6	78	80	16	26	65	32	58
37	58	4	61	36	5	50	12	15	63
3	43	63	86	68	13	12	28	16	78
49	39	24	79	47	51	75	13	26	57
29	68	24	42	69	18	62	72	74	4
68	18	44	8	10	33	21	57	5	45
24	37	62	30	58	65	27	63	31	16
12	53	26	22	88	19	61	10	77	45
48	25	24	61	87	52	18	36	88	64
4	5	16	3	27	74	2	39	23	79
80	17	12	13	36	40	23	76	30	18
18	62	64	78	79	87	80	77	4	81
58	7	5	46	40	44	32	47	81	19
75	53	68	50	87	48	30	73	21	76
60	49	70	17	78	24	23	66	59	43
29	15	89	82	9	77	35	70	19	33
59	56	25	13	8	21	28	48	73	78
90	42	89	77	34	49	73	80	32	54
90	6	11	37	26	13	73	56	75	42
19	41	77	49	14	55	82	66	43	40
12	65	71	66	57	76	55	31	83	5
41	67	40	23	45	55	28	38	57	8
15	11	26	86	83	9	10	46	59	66
65	44	33	47	56	25	52	4	73	21
21	83	34	68	51	42	5	86	48	79
68	53	17	81	57	13	73	22	84	3
79	23	22	28	57	62	50	12	3	11
71	22	63	23	42	17	90	8	77	3
88	26	25	76	69	37	41	17	16	23
54	52	56	75	80	50	83	74	69	46
15	66	55	72	48	37	21	43	6	29
8	50	28	29	22	88	55	25	48	82
2	28	8	18	57	70	4	14	34	59
29	37	38	23	63	10	57	41	72	17
37	76	50	65	45	3	60	26	87	62
73	34	87	37	2	59	40	66	11	86
61	17	63	68	49	62	30	84	70	90
50	58	67	7	90	34	39	6	55	38
70	66	79	42	82	38	59	9	65	80
76	17	33	60	14	16	65	84	74	47
33	30	78	25	73	64	35	36	53	68
83	66	86	30	11	44	56	41	43	25
84	55	27	70	10	85	12	76	25	62
28	15	52	86	70	84	21	11	27	41
43	11	90	61	69	48	33	42	9	57
24	37	80	18	61	30	16	86	51	23
7	80	24	47	34	56	46	79	6	10
76	90	8	71	15	10	5	12	44	75
49	6	57	64	48	37	71	11	15	85
66	49	17	12	61	72	48	75	64	30
2	13	4	52	46	15	83	89	8	5
3	8	52	39	34	83	71	30	9	4
13	38	82	32	71	20	15	10	76	9
41	42	63	26	46	75	1	2	11	14
56	16	39	78	50	6	65	87	32	58
5	20	3	26	25	59	14	24	73	7
9	47	37	29	68	45	61	64	48	1
76	35	44	88	77	30	24	73	89	81
32	57	53	3	90	22	36	1	30	42
86	75	76	30	72	63	3	84	12	25
56	31	46	8	68	62	86	35	54	60
51	75	38	77	6	71	32	72	12	4
27	66	71	59	3	46	22	69	85	70
46	68	72	38	78	44	18	41	81	56
19	44	40	49	20	50	57	10	6	9
79	67	71	7	69	88	84	68	20	57
41	27	88	46	43	90	61	26	31	21
86	22	73	33	13	30	3	77	67	8
75	28	41	64	21	35	1	16	8	2
49	55	18	80	1	62	86	21	2	60
10	86	13	62	71	67	47	89	42	56
63	73	15	41	27	29	23	28	85	51
25	57	10	3	67	24	4	75	68	86
34	29	6	77	22	66	88	31	58	33
21	48	35	74	20	77	60	31	69	4
83	1	67	37	85	43	86	74	64	25
78	88	26	35	41	79	86	7	15	69
56	72	30	4	85	82	52	43	16	73
17	73	52	31	10	80	44	46	62	38
10	53	44	90	45	76	6	23	56	87
22	10	34	32	11	81	84	8	12	75
34	58	89	63	85	65	86	11	23	24
19	21	5	69	49	61	47	15	7	88
49	4	67	2	60	25	44	73	37	24
64	87	56	3	63	7	29	67	82	88
9	6	65	16	40	77	21	62	14	71
1	72	48	41	81	56	58	3	68	6
24	33	17	78	69	7	87	72	16	2
85	16	80	60	78	5	61	27	49	20
53	22	6	32	59	81	70	76	89	45
64	35	87	32	51	57	7	38	77	24
51	68	64	54	53	2	17	16	14	4
88	70	42	82	47	43	54	55	34	39
49	80	75	34	79	72	28	44	12	16
25	53	14	84	41	49	88	63	76	90
74	65	58	41	29	36	25	71	84	10
22	25	43	11	72	39	36	56	2	62
77	2	11	5	62	36	12	55	20	58
42	3	59	53	83	33	26	62	50	13
12	54	1	41	71	89	76	28	14	60
34	10	68	76	8	16	12	88	21	13
57	51	10	43	38	79	59	23	7	14
58	72	90	40	78	35	70	31	79	42
7	42	31	45	50	55	70	21	79	71
79	62	28	40	82	61	15	89	42	31
90	66	48	88	43	79	1	39	72	7
49	79	87	46	70	6	90	8	80	18
31	42	10	15	90	22	67	58	69	43
10	53	43	59	45	87	50	48	83	52
59	80	24	56	40	30	58	3	74	12
20	15	24	43	61	88	19	27	57	13
48	15	18	42	40	45	25	69	84	85
31	50	21	58	75	60	30	37	24	39
8	6	29	35	89	63	5	30	28	83
49	55	70	24	62	19	33	20	86	74
60	86	53	57	35	2	5	52	13	70
86	37	10	74	72	18	65	46	78	26
16	51	57	81	64	19	49	63	36	74
24	20	87	8	27	42	82	29	12	41
23	84	65	32	69	54	72	42	83	39
66	43	32	67	37	18	27	77	68	35
82	77	7	66	4	43	6	79	16	37
1	52	89	42	55	81	5	45	59	40
10	3	63	13	55	77	29	60	59	7
37	81	47	56	59	66	82	78	1	30
32	5	44	26	25	30	39	11	41	18
90	76	68	1	25	87	67	70	35	45
37	14	89	22	79	73	19	83	54	18
44	72	16	75	25	84	86	54	70	48
52	56	42	4	41	18	39	84	13	38
7	60	34	30	76	2	79	24	49	47
68	66	55	21	58	8	1	31	24	23
16	78	50	79	34	89	32	68	18	85
70	56	49	86	66	33	16	83	11	7
58	72	38	89	3	61	44	69	15	57
64	34	44	31	10	35	43	38	5	85
62	90	13	2	59	31	30	77	23	75
74	6	1	89	64	28	41	42	21	90
5	80	43	45	32	40	73	4	1	64
39	22	66	28	53	68	26	80	74	18
3	27	50	38	8	88	59	33	6	69
67	9	11	86	87	85	38	89	50	63
68	80	43	11	59	79	63	76	37	85
60	56	41	3	7	17	9	46	43	30
44	47	84	37	21	90	49	77	85	76
78	67	8	41	86	28	9	73	64	52
38	60	90	71	23	39	75	18	33	43
5	58	24	51	66	60	76	90	72	82
89	75	35	64	65	9	87	21	1	77
50	49	35	42	32	29	15	74	18	66
61	34	47	76	38	23	68	29	7	5
74	29	9	48	27	89	10	46	20	62
45	12	21	60	13	35	23	34	75	77
59	22	64	36	34	39	68	38	54	53
66	29	54	61	49	6	26	65	8	37
50	10	63	64	4	39	74	17	16	52
76	87	37	83	62	28	60	57	30	40
16	26	76	48	15	22	7	47	49	20
18	56	74	43	52	66	36	12	47	61
27	46	29	69	57	88	61	7	37	60
81	20	57	26	79	71	56	35	37	78
5	87	44	47	18	84	31	29	55	17
25	84	31	61	64	77	38	45	53	10
70	24	73	75	34	47	19	52	8	26
21	28	2	69	82	32	9	34	68	4
70	6	90	59	41	46	39	31	42	76
39	7	25	6	9	20	74	22	4	69
27	24	46	28	54	12	72	80	19	8
8	84	81	21	41	29	24	48	54	1
63	12	14	88	5	19	35	10	77	13
3	76	20	15	2	64	6	73	46	67
1	46	29	34	54	66	60	87	23	7
90	51	50	5	35	27	24	40	78	38
85	65	39	57	1	60	53	20	42	32
34	16	47	39	49	13	78	28	29	18
17	1	9	50	8	88	79	25	14	23
89	54	2	36	4	71	12	31	75	84
40	22	32	65	82	9	5	12	30	55
68	8	30	35	58	89	52	50	72	27
10	70	88	80	82	38	25	54	86	29
83	84	46	33	11	62	60	67	14	26
7	29	84	71	86	68	80	60	87	67
17	44	48	23	39	28	53	41	14	52
88	6	77	81	28	25	12	52	83	54
28	87	40	18	78	45	6	86	66	41
43	4	52	71	48	66	51	6	38	41
8	38	85	36	51	11	20	29	40	16
35	89	54	24	22	29	6	45	7	44
9	38	61	18	36	64	24	37	71	40
8	22	16	86	66	26	68	73	24	63
74	45	90	64	61	32	67	39	57	9
7	36	14	86	17	46	27	78	83	67
70	11	84	29	24	59	74	71	47	9
76	26	36	31	58	72	40	47	5	52
71	10	62	54	80	5	88	89	58	31
59	88	86	48	44	1	24	18	89	90
69	50	51	62	37	13	26	36	74	70
4	62	52	34	21	60	84	40	10	61
30	4	57	54	41	62	43	45	44	6
15	53	69	65	73	10	1	37	23	8
45	17	3	44	55	2	4	63	29	61
61	42	55	83	66	19	87	26	35	37
17	36	60	69	39	52	86	41	66	65
28	8	65	4	34	27	3	42	19	5
3	69	14	2	49	64	58	47	74	51
16	12	89	87	26	44	33	78	24	18
10	15	37	67	39	21	73	4	25	18
59	5	65	33	17	82	62	11	10	32
23	86	84	14	74	6	88	81	38	5
34	13	40	44	4	47	58	89	39	42
65	28	21	6	7	71	20	13	35	85
12	41	23	87	67	58	57	70	50	73
6	38	55	54	13	48	51	27	46	17
68	75	44	31	36	53	58	22	81	77
35	55	52	18	87	1	24	34	83	14
42	89	88	9	81	37	73	3	80	34
60	45	66	34	1	17	7	23	70	19
43	12	33	14	49	41	58	64	18	17
67	40	86	42	25	79	74	28	16	12
53	16	84	57	69	30	9	44	43	81
3	1	37	68	61	14	2	54	86	62
57	9	78	58	72	46	27	52	90	51
56	3	31	41	19	84	51	10	38	28
22	67	49	71	88	60	33	89	87	8
60	4	76	72	57	14	25	35	19	46
35	82	2	51	47	74	18	70	28	6
87	58	69	24	19	48	17	86	40	80
7	8	39	2	47	25	1	48	30	35
88	84	43	66	19	39	44	64	30	68
47	34	67	22	11	25	85	4	8	72
57	69	62	90	56	46	68	74	25	9
65	38	84	81	68	69	11	47	27	19
71	61	69	14	13	23	32	58	74	49
81	56	22	79	19	80	31	47	11	46
22	48	23	63	55	77	75	17	15	8
66	64	30	44	33	57	84	27	13	6
83	13	74	15	62	12	77	41	24	19
29	54	62	65	60	26	73	22	14	39
81	76	85	25	57	50	36	42	31	2
7	41	20	89	17	30	44	80	86	78
79	31	24	69	76	55	75	46	32	38
37	2	31	72	71	64	80	47	39	53
12	84	75	32	11	9	42	39	2	73
17	3	74	67	33	37	11	75	77	20
23	10	89	41	57	2	73	81	44	61
56	73	2	82	62	71	32	67	22	3
37	13	30	49	73	42	26	60	44	23
83	81	76	43	8	7	52	80	35	15
28	65	8	7	54	19	45	72	14	70
47	6	37	1	45	76	70	77	58	9
54	41	79	59	8	72	83	70	42	63
89	30	52	20	70	56	49	18	83	24
55	22	50	35	2	79	7	70	74	20
83	20	3	69	81	84	10	28	18	53
76	58	78	10	4	24	25	90	86	46
19	64	25	66	76	39	56	13	89	17
73	47	32	55	14	30	31	6	18	66
52	23	70	47	20	73	54	80	71	8
15	7	6	84	70	63	76	1	11	49
24	27	67	87	39	78	44	33	25	28
36	88	11	18	21	24	63	43	1	83
71	85	40	78	72	88	68	79	50	67
72	83	34	49	44	79	82	16	12	59
28	70	35	22	85	10	72	78	62	27
2	20	8	53	1	45	26	89	58	5
2	42	40	13	67	32	1	44	79	60
3	42	7	66	29	85	83	51	25	53
40	83	66	3	59	60	88	38	12	52
32	7	73	44	48	71	89	53	46	78
46	89	56	3	70	20	50	81	84	9
39	17	40	7	85	8	35	59	50	13
74	36	57	37	83	61	5	87	89	90
55	73	65	28	14	56	19	53	39	1
31	36	49	67	52	89	81	66	8	11
84	30	53	71	44	13	47	69	86	7
36	41	80	51	73	28	65	79	44	31
61	82	26	24	32	71	55	62	21	23
21	71	38	51	32	78	8	75	36	64
53	34	46	69	64	61	23	24	1	50
90	13	38	14	12	4	72	43	65	71
63	87	84	81	24	49	34	62	45	78
25	20	57	21	54	82	69	51	11	55
26	44	49	33	41	29	28	89	31	21
8	17	36	52	12	48	58	35	59	79
55	70	19	74	26	2	68	59	23	12
26	82	6	62	36	45	35	49	74	11
61	9	71	69	51	23	86	90	60	87
53	59	54	72	7	82	83	76	80	13
34	31	25	17	84	74	88	10	47	83
13	19	86	55	36	29	68	9	56	71
14	26	29	38	40	15	84	81	88	49
32	7	27	17	38	42	47	34	35	76
2	76	27	8	51	53	64	69	81	65
83	77	22	64	80	14	67	17	59	18
57	23	67	47	37	39	45	70	79	89
60	36	52	21	75	31	28	39	3	38
18	31	50	67	72	3	17	86	80	43
84	12	90	6	69	62	73	23	77	33
4	87	69	79	30	77	38	40	65	3
60	10	3	81	1	77	18	12	44	80
28	71	43	31	29	89	30	45	66	37
84	54	33	12	1	49	62	32	6	37
37	27	11	86	21	89	28	59	14	18
68	90	81	30	29	3	39	9	54	78
8	64	26	83	74	59	23	13	24	32
27	85	44	73	16	8	9	2	29	70
44	63	41	11	73	77	19	60	55	84
22	41	69	7	77	17	78	64	27	39
70	50	2	67	43	48	6	4	79	45
56	50	77	68	82	28	86	21	58	31
64	77	54	1	55	85	83	39	28	37
90	22	54	15	51	11	60	43	36	7
60	26	31	47	37	74	86	83	4	7
84	73	10	19	5	81	11	57	17	29
57	75	32	49	53	4	17	50	15	19
78	58	34	45	43	61	62	84	19	73
37	76	53	9	8	60	1	90	58	49
23	42	27	14	72	39	29	52	34	33
6	14	88	78	24	5	15	17	67	30
61	70	48	51	69	88	38	11	18	13
63	79	76	50	82	59	34	80	45	23
44	30	88	79	45	46	52	11	54	22
9	75	27	69	38	72	2	54	45	53
57	62	22	60	53	5	84	21	36	1
12	24	89	78	3	28	11	25	2	33
6	56	44	31	47	38	60	21	63	37
15	18	60	44	6	13	42	11	55	22
86	22	60	34	61	8	73	35	67	4
57	8	84	90	31	77	76	12	78	10
38	31	1	14	46	79	73	64	26	34
60	29	6	7	3	23	35	55	26	34
16	29	70	49	82	81	58	22	67	43
26	51	68	69	38	78	31	87	1	25
24	47	43	76	90	3	17	34	65	36
23	7	60	54	86	76	26	10	77	33
80	4	67	87	11	2	40	33	84	76
66	23	59	27	50	56	54	33	3	44
68	18	7	46	38	85	17	4	48	45
46	60	52	36	27	48	37	21	8	86
69	3	78	83	65	82	23	54	56	63
18	3	31	60	72	24	48	50	42	25
68	56	12	38	50	59	21	6	29	5
13	62	50	52	23	17	32	54	21	2
38	76	44	80	6	55	36	74	53	57
1	15	68	59	16	35	71	48	19	31
83	35	65	29	11	36	82	34	8	1
21	18	19	83	74	35	70	50	54	3
53	6	80	63	75	48	25	40	90	18
28	10	76	84	53	6	16	57	35	32
37	11	54	86	29	89	22	74	40	64
21	38	51	52	8	46	35	7	37	67
39	38	15	56	83	47	72	49	50	66
4	9	27	10	68	16	36	19	26	90
27	23	82	68	86	31	55	67	78	48
41	47	45	90	25	85	8	86	39	56
46	68	44	45	3	77	88	47	75	14
41	67	79	10	85	66	40	56	28	34
80	16	56	86	47	41	40	42	12	51
32	13	25	50	39	45	86	51	33	69
12	20	80	70	87	58	83	32	50	38
20	57	17	79	73	29	65	3	74	72
27	66	20	19	25	82	34	22	35	13
72	25	22	17	80	28	15	24	14	19
19	71	11	23	1	24	43	5	69	4
14	4	90	87	74	42	1	88	51	38
11	29	22	87	44	14	38	65	76	10
22	32	6	1	7	61	39	18	41	57
14	65	28	56	1	78	39	75	68	85
71	14	6	29	85	31	9	58	30	65
40	85	52	3	44	66	58	24	14	47
81	47	70	3	13	84	15	88	39	66
79	49	28	78	72	85	86	48	77	88
71	21	32	52	57	34	53	3	81	25
68	16	58	88	22	5	47	87	44	35
35	30	23	9	58	80	47	40	52	74
80	77	38	41	7	87	17	83	62	61
58	75	32	44	68	70	57	90	8	71
69	1	45	16	43	74	78	82	25	30
36	40	6	66	39	30	26	32	13	38
76	14	48	7	86	28	12	6	83	30
52	20	38	12	14	69	10	25	26	54
16	87	82	62	42	40	31	64	57	70
55	50	25	39	85	1	37	74	15	29
18	37	86	54	46	40	23	4	25	38
86	46	30	76	85	1	82	12	45	58
81	55	9	19	38	76	77	83	58	73
15	29	11	37	3	13	49	89	1	74
25	90	79	16	15	70	14	74	10	87
39	79	53	14	55	4	17	56	89	51
46	84	89	13	71	4	17	56	89	51
19	4	80	73	29	57	8	7	38	71
67	6	36	46	71	48	44	29	27	89
62	59	38	48	34	65	63	46	70	72
21	45	46	8	19	35	37	85	25	66
4	33	77	73	25	16	50	34	6	2
27	59	69	17	43	32	42	15	13	38
2	36	13	52	47	56	64	70	60	45
62	28	72	32	51	17	60	33	3	78
83	21	77	28	25	72	49	3	44	67
86	41	25	84	12	74	6	83	66	14
26	87	77	10	8	11	30	12	71	65
40	65	72	80	27	45	57	71	1	9
71	1	77	33	38	10	48	61	35	59
32	19	14	43	40	52	17	72	89	15
26	39	70	60	10	22	89	1	4	64
64	87	90	18	32	12	75	3	1	4
84	90	8	63	1	37	38	15	87	68
87	23	5	69	72	43	24	88	26	12
80	61	73	16	75	41	24	11	1	82
35	52	44	37	65	88	5	62	72	31
89	46	11	49	17	35	69	24	2	68
78	89	30	34	79	8	73	64	47	4
36	18	68	83	73	39	56	52	23	63
62	21	63	73	82	15	54	43	10	87
14	87	67	40	58	31	86	81	23	70
42	65	16	87	38	4	81	8	35	9
40	46	22	19	78	31	24	56	73	69
1	40	57	55	33	65	86	72	31	79
81	20	10	75	87	60	37	86	32	36
57	72	65	12	61	69	49	51	68	82
84	46	51	38	64	3	58	53	7	23
55	68	29	72	59	49	47	26	53	43
79	16	18	15	7	54	83	3	10	48
68	58	66	7	63	24	29	9	78	26
3	37	10	88	82	56	33	20	34	35
51	4	33	71	89	58	28	38	48	24
37	41	89	43	20	7	40	2	63	80
63	5	25	14	52	7	63	23	41	58
8	46	34	39	63	48	37	68	56	59
71	63	80	29	89	77	42	47	51	8
3	80	19	49	53	40	28	89	77	58
4	49	88	14	42	43	39	69	82	24
14	59	11	49	12	65	85	33	57	46
13	84	69	49	12	22	77	61	85	48
17	83	57	20	44	31	27	23	35	76
67	81	79	27	83	41	59	38	89	58
40	22	10	77	38	60	71	47	83	3
55	85	87	48	68	41	49	50	73	69
61	86	14	19	25	38	5	32	82	74
22	89	35	23	42	70	3	85	9	51
26	63	43	19	84	7	67	51	35	80
85	31	81	22	35	39	87	54	26	52
31	5	8	4	65	32	73	54	47	79
39	34	83	82	29	66	10	27	84	18
71	14	62	43	47	29	20	85	70	28
55	78	89	4	3	32	35	9	10	27
8	84	50	6	43	73	52	9	2	24
72	11	46	55	25	63	57	51	47	84
35	16	89	25	74	28	44	73	66	41
15	16	62	10	7	71	49	39	45	65
13	74	29	34	79	56	7	47	78	28
65	40	82	25	12	45	49	90	87	60
28	57	53	37	21	66	70	67	68	52
85	7	69	54	66	70	33	25	3	64
70	45	7	19	67	90	23	50	10	21
87	80	88	82	53	20	40	41	25	24
59	21	82	86	6	51	32	66	27	43
18	76	85	21	53	34	43	57	4	46
72	81	67	61	38	80	53	86	31	68
60	39	21	27	33	85	50	43	7	54
28	71	47	50	13	43	36	1	75	87
73	35	22	8	77	23	81	89	41	24
72	68	51	27	44	89	8	28	87	32
51	30	32	46	50	81	49	74	45	52
25	2	24	68	85	31	23	4	58	49
10	46	1	15	40	80	54	52	21	49
7	57	36	61	18	74	26	69	53	42
15	21	67	46	16	5	18	85	37	56
41	53	47	49	40	51	86	71	48	37
67	72	81	63	46	65	90	8	51	28
41	50	85	12	70	54	72	24	81	40
5	90	75	60	82	23	76	11	74	18
47	63	62	55	32	26	75	27	18	10
87	74	79	90	61	36	55	59	84	7
35	75	53	49	50	80	7	73	1	25
3	39	56	21	26	78	76	34	46	27
23	11	54	75	81	89	34	66	80	61
6	35	25	45	88	68	30	26	38	43
39	41	86	12	21	26	14	70	54	27
72	66	71	46	30	14	49	21	73	41
79	36	80	84	33	86	48	42	41	13
44	51	9	65	67	27	49	2	11	7
45	51	82	36	38	20	29	21	83	78
45	34	19	36	85	46	24	5	21	44
28	31	69	24	7	9	26	73	46	34
83	38	26	43	37	90	52	2	49	77
83	89	64	32	20	66	38	82	60	77
13	29	80	4	42	72	66	68	52	39
40	76	31	55	21	17	19	26	9	49
85	25	31	2	6	29	58	61	54	36
67	1	85	88	87	39	53	30	32	33
5	55	31	7	63	28	1	4	79	64
64	55	17	30	12	14	44	42	28	56
52	4	64	77	30	84	60	80	44	50
67	77	3	69	28	73	66	39	50	40
51	2	79	58	30	66	37	21	16	10
74	70	15	23	57	44	10	25	67	73
3	73	82	63	56	27	10	37	79	72
36	88	60	71	35	38	44	63	12	80
88	80	52	17	27	42	45	72	33	57
16	41	67	32	38	58	13	51	40	49
59	77	69	51	64	73	8	37	33	60
7	30	33	48	76	65	22	67	81	11
67	82	28	80	20	3	85	33	79	47
23	28	30	17	26	88	77	55	90	22
61	69	48	40	65	27	1	88	68	58
47	56	9	54	67	71	26	46	8	20
20	58	60	67	8	90	87	75	55	1
2	89	30	17	56	15	31	20	18	81
30	29	69	32	11	12	76	19	62	85
82	37	77	43	75	72	87	79	34	86
14	34	76	17	39	5	25	11	50	19
20	3	69	90	33	82	13	89	23	73
67	44	90	83	23	57	65	24	20	71
29	69	56	33	32	81	66	79	89	10
28	84	75	21	43	37	64	90	33	80
3	81	73	74	18	40	90	42	83	41
2	51	57	29	28	67	43	42	46	18
89	6	35	23	47	39	37	38	19	41
82	36	83	63	39	55	4	14	70	15
3	84	40	32	18	83	41	8	4	57
2	38	18	44	1	15	68	69	79	50
67	75	45	34	71	58	2	72	10	11
90	37	39	61	21	82	41	59	24	55
53	73	84	29	21	58	61	57	48	42
76	7	67	81	87	14	9	33	15	40
9	70	36	12	55	44	34	27	37	83
2	26	17	7	12	64	84	32	1	89
5	1	74	26	83	68	60	53	78	37
18	90	62	43	88	52	61	77	44	28
30	82	32	5	59	41	34	44	86	23
47	23	17	30	83	78	58	57	87	90
25	27	67	57	87	49	80	34	6	12
18	20	89	69	27	34	71	16	31	90
29	39	86	55	59	8	40	9	62	37
33	43	83	24	67	75	25	6	74	32
38	19	45	52	40	67	69	1	35	27
17	47	88	69	34	39	73	46	89	70
16	84	41	65	79	02	85	82	64	17
80	86	16	74	75	08	73	36	21	72
71	59	46	37	72	58	12	15	31	52
25	21	38	73	76	28	14	63	65	8
29	3	64	46	75	47	30	43	59	20
77	2	75	63	60	22	9	1	18	68
53	39	58	42	23	50	49	83	87	85
15	29	88	24	12	30	56	70	11	18
28	65	34	19	75	31	48	12	14	45
85	82	14	54	34	70	72	80	20	75
11	42	45	37	61	40	63	64	90	4
41	52	36	40	34	65	56	7	33	63
6	67	90	79	24	76	3	89	34	31
12	39	47	40	18	76	43	88	41	71
16	7	41	13	3	86	69	85	83	34
11	60	52	80	5	24	26	6	43	17
23	9	63	18	19	33	25	77	49	34
85	73	69	32	6	67	38	75	9	33
89	16	6	90	53	49	20	10	42	61
5	83	88	61	10	80	23	29	60	2
24	67	66	40	84	85	43	4	88	25
53	56	82	44	4	49	33	11	17	69
14	41	16	76	49	24	86	47	4	19
11	88	71	35	82	10	78	86	66	81
64	33	42	45	10	50	25	27	84	61
42	33	51	77	36	29	60	5	41	88
32	78	35	22	89	76	57	26	27	81
35	17	20	57	37	67	23	40	74	3
2	62	53	6	55	19	74	16	41	87
77	32	51	31	29	30	10	28	17	6
64	32	37	61	62	13	50	69	39	90
2	69	16	36	14	1	28	10	21	89
84	36	39	53	69	88	83	16	20	81
50	7	27	21	20	88	87	84	42	53
65	66	49	75	33	46	11	79	73	48
4	15	44	9	56	12	25	5	30	78
34	79	74	51	6	50	46	62	2	9
37	65	85	89	36	2	15	40	66	63
34	2	37	16	82	48	60	31	90	35
5	31	48	2	52	82	56	36	39	60
28	2	12	53	69	40	48	6	63	85
22	68	53	39	86	52	75	70	20	3
6	53	10	38	63	51	62	3	55	22
67	29	53	44	90	60	7	43	13	24
2	51	67	83	18	43	35	17	32	24
82	10	58	83	21	60	90	71	46	41
67	46	66	9	64	89	50	26	10	85
2	33	29	78	15	20	43	21	44	64
78	3	82	29	22	44	10	68	87	67
44	70	5	9	25	13	77	51	27	22