11	19	31	60	37	0	0	0	0	0
51	39	38	71	87	0	0	0	0	0
2	25	83	65	68	0	0	0	0	0
38	24	72	9	43	0	0	0	0	0
82	61	71	19	53	0	0	0	0	0
19	42	23	77	54	0	0	0	0	0
51	85	66	32	72	0	0	0	0	0
20	25	29	59	65	0	0	0	0	0
64	39	62	36	6	0	0	0	0	0
22	12	45	83	6	0	0	0	0	0
85	79	70	27	17	0	0	0	0	0
35	17	71	20	57	0	0	0	0	0
83	62	39	9	27	0	0	0	0	0
56	87	77	88	54	0	0	0	0	0
65	1	82	86	83	0	0	0	0	0
36	55	1	29	73	0	0	0	0	0
54	38	9	33	58	0	0	0	0	0
51	74	22	61	21	0	0	0	0	0
67	63	15	44	32	0	0	0	0	0
89	26	16	50	80	0	0	0	0	0
58	13	22	1	14	0	0	0	0	0
2	27	75	19	30	0	0	0	0	0
87	64	85	20	66	0	0	0	0	0
54	2	30	35	81	0	0	0	0	0
90	63	40	72	43	0	0	0	0	0
83	34	45	30	18	0	0	0	0	0
30	27	66	52	49	0	0	0	0	0
41	89	2	83	80	0	0	0	0	0
55	64	6	35	13	0	0	0	0	0
29	43	31	50	58	0	0	0	0	0
61	37	89	45	29	0	0	0	0	0
80	76	32	43	85	0	0	0	0	0
76	78	31	52	8	0	0	0	0	0
59	10	4	28	44	0	0	0	0	0
38	9	27	87	83	0	0	0	0	0
46	38	36	58	20	0	0	0	0	0
68	38	54	21	45	0	0	0	0	0
18	49	39	30	29	0	0	0	0	0
32	75	72	16	59	0	0	0	0	0
81	12	1	47	73	0	0	0	0	0
29	75	49	68	86	0	0	0	0	0
17	81	79	69	20	0	0	0	0	0
86	84	82	88	89	0	0	0	0	0
41	55	65	53	63	0	0	0	0	0
36	27	33	53	1	0	0	0	0	0
88	17	61	50	87	0	0	0	0	0
69	3	10	52	85	0	0	0	0	0
69	49	51	67	52	0	0	0	0	0
62	50	48	56	37	0	0	0	0	0
26	56	76	66	85	0	0	0	0	0
45	48	15	16	29	0	0	0	0	0
59	73	22	52	29	0	0	0	0	0
6	19	18	8	88	0	0	0	0	0
72	2	73	56	63	0	0	0	0	0
55	70	90	19	46	0	0	0	0	0
54	78	48	55	83	0	0	0	0	0
2	50	14	58	71	0	0	0	0	0
80	48	31	35	20	0	0	0	0	0
82	24	59	22	56	0	0	0	0	0
78	70	15	30	47	0	0	0	0	0
33	4	19	88	90	0	0	0	0	0
42	9	76	15	88	0	0	0	0	0
62	7	60	35	70	0	0	0	0	0
20	29	72	76	48	0	0	0	0	0
75	52	88	18	21	0	0	0	0	0
90	4	7	41	29	0	0	0	0	0
6	30	82	85	29	0	0	0	0	0
85	11	30	6	17	0	0	0	0	0
3	75	29	17	31	0	0	0	0	0
18	70	71	35	90	0	0	0	0	0
59	84	7	69	40	0	0	0	0	0
63	4	52	64	50	0	0	0	0	0
88	68	59	25	54	0	0	0	0	0
59	58	64	44	53	0	0	0	0	0
63	9	54	74	15	0	0	0	0	0
3	1	79	28	31	0	0	0	0	0
73	53	64	41	22	0	0	0	0	0
61	58	43	38	24	0	0	0	0	0
17	60	59	78	65	0	0	0	0	0
64	55	23	89	74	0	0	0	0	0
88	87	29	49	90	0	0	0	0	0
73	18	23	60	5	0	0	0	0	0
29	77	2	45	65	0	0	0	0	0
41	67	36	71	57	0	0	0	0	0
68	57	30	6	34	0	0	0	0	0
21	37	30	65	18	0	0	0	0	0
17	81	52	50	26	0	0	0	0	0
75	45	33	30	29	0	0	0	0	0
3	38	43	42	57	0	0	0	0	0
57	82	70	89	10	0	0	0	0	0
69	38	80	72	31	0	0	0	0	0
78	3	87	20	42	0	0	0	0	0
9	24	7	1	5	0	0	0	0	0
46	36	28	7	16	0	0	0	0	0
21	46	29	89	18	0	0	0	0	0
39	40	34	11	85	0	0	0	0	0
51	77	35	73	70	0	0	0	0	0
61	90	25	18	81	0	0	0	0	0
56	38	70	58	47	0	0	0	0	0
17	53	43	59	30	0	0	0	0	0
50	9	36	49	45	25	20	68	58	71
39	55	7	31	59	15	46	44	81	22
67	80	84	13	25	7	61	88	55	43
48	16	47	41	20	61	85	66	34	56
81	9	82	78	59	2	58	17	18	46
71	8	25	16	73	6	61	9	83	22
80	20	21	73	38	54	77	89	82	39
76	84	12	3	24	62	38	70	30	56
58	57	65	25	10	14	86	71	2	67
1	21	36	46	80	50	73	63	69	57
63	70	46	34	22	11	20	82	74	39
32	22	8	55	49	69	50	87	33	36
80	84	5	27	68	39	63	85	66	18
29	27	76	85	69	84	58	72	50	82
77	46	52	86	62	84	28	38	49	58
18	86	56	52	80	9	81	32	71	15
65	43	53	38	39	49	9	5	59	87
11	17	62	61	41	88	39	32	65	60
55	25	79	51	20	64	68	28	72	15
44	52	84	10	17	51	79	11	1	50
38	32	1	23	12	76	87	20	29	56
86	41	19	45	37	70	62	69	71	56
37	76	28	65	43	83	50	55	70	66
50	82	16	63	38	18	88	62	87	53
70	55	74	90	54	36	46	18	58	23
89	19	48	26	43	59	27	36	85	28
22	3	63	21	59	9	48	50	55	68
5	69	10	20	29	26	38	6	71	22
55	47	28	27	25	87	67	31	57	22
68	26	90	15	89	50	57	33	29	34
84	24	11	8	19	27	72	51	18	56
25	35	55	48	60	22	86	32	40	82
43	40	81	55	84	51	29	85	57	32
47	26	25	36	86	9	48	23	80	28
88	51	80	79	1	86	18	2	7	73
47	9	2	59	30	0	0	0	0	0
18	71	78	16	33	73	44	34	25	42
26	36	44	88	10	16	87	38	48	69
20	15	78	67	70	71	66	5	89	83
43	56	36	50	39	75	69	62	60	40
46	23	90	79	15	58	80	7	28	8
35	80	79	51	14	89	12	72	15	44
86	75	40	34	88	87	11	49	39	72
11	55	74	43	5	62	33	46	89	70
72	73	35	47	90	13	89	48	76	79
25	55	33	73	20	84	62	48	61	45
62	68	57	27	69	13	26	17	16	71
62	61	59	48	6	53	31	86	27	71
46	62	49	44	61	26	23	70	50	83
13	32	83	27	53	36	68	10	66	35
55	32	38	62	89	31	21	67	11	70
77	70	49	11	57	56	76	29	39	75
73	8	4	67	86	26	60	41	54	70
54	13	3	86	76	33	36	41	87	55
69	90	5	34	36	32	38	19	2	72
58	17	77	30	84	11	50	2	46	36
40	58	90	31	37	12	88	65	78	26
68	2	17	50	58	76	48	32	60	63
84	48	46	52	82	72	53	86	32	50
53	76	22	30	17	55	29	71	11	21
37	43	47	45	27	54	58	76	5	64
30	23	53	80	5	20	16	87	47	3
82	13	17	26	40	47	65	6	3	67
5	28	2	30	74	13	80	43	1	35
41	17	5	27	45	57	48	20	87	70
18	38	26	73	71	75	9	67	82	48
24	25	79	6	62	20	28	65	30	52
48	90	63	31	64	42	51	13	76	36
22	23	67	11	65	47	41	8	63	57
17	51	72	53	71	87	41	31	66	6
51	44	9	71	77	65	56	75	90	20
61	56	15	42	90	71	85	86	89	4
19	9	53	30	78	16	11	3	54	72
14	76	83	41	25	21	45	5	9	19
18	19	43	61	42	53	31	66	87	29
38	1	69	42	70	49	8	80	13	81
65	12	66	34	4	60	57	2	16	37
25	88	41	31	81	85	21	15	49	30
8	79	20	6	82	9	44	3	57	67
63	44	82	46	90	30	36	58	33	6
55	46	54	28	41	43	30	73	21	24
4	60	20	14	1	19	61	12	72	86
12	15	5	21	1	80	39	69	41	25
56	4	7	36	16	75	13	37	23	27
60	75	72	58	22	65	25	13	15	16
44	89	74	57	20	69	49	45	65	64
5	38	75	24	90	81	85	8	28	43
46	52	90	51	28	26	37	58	27	49
45	40	86	71	79	61	23	10	25	67
32	11	69	15	81	21	19	59	77	23
8	75	79	24	19	34	56	74	26	64
56	27	45	41	81	87	71	21	86	25
81	72	2	73	41	36	39	23	11	21
83	87	57	59	20	50	8	5	62	67
69	6	38	50	5	49	15	3	21	54
2	65	39	32	88	37	36	53	82	31
56	38	25	48	77	2	17	75	84	27
42	10	44	20	6	83	5	78	7	89
55	39	25	81	61	56	9	46	82	76
68	56	28	70	81	19	35	36	89	40
74	31	21	73	28	86	35	69	1	37
23	12	59	66	81	54	40	77	68	29
18	82	29	89	55	7	41	90	1	58
44	38	24	67	54	57	52	40	12	49
29	3	16	70	40	84	4	66	42	79
32	67	22	33	6	5	38	58	1	84
63	2	76	49	11	84	29	69	39	86
33	87	74	25	86	73	29	85	76	84
27	44	42	81	75	41	52	79	61	83
24	76	42	21	11	34	87	26	57	65
4	76	88	38	60	43	78	17	13	87
33	13	15	57	17	35	5	58	14	47
36	57	84	29	34	26	14	31	19	30
86	28	78	17	39	6	54	57	70	68
18	71	74	81	7	12	58	14	88	1
18	29	80	89	86	30	9	3	19	23
82	18	36	56	86	83	6	10	15	21
54	76	81	40	45	24	31	21	88	6
8	22	88	60	84	3	90	38	7	28
3	12	70	86	30	71	46	8	59	83
31	34	86	66	40	55	14	83	19	73
30	17	32	45	51	60	35	81	28	47
71	73	21	72	51	32	41	23	77	20
86	67	24	42	57	63	36	12	55	44
88	61	20	46	67	83	82	13	63	57
16	19	29	44	39	71	84	69	64	40
20	70	21	24	84	38	65	17	63	72
84	7	22	53	77	73	16	34	72	38
65	54	19	10	42	75	90	32	68	52
71	20	48	33	63	66	50	76	69	17
58	37	41	25	66	76	82	45	28	78
86	7	2	10	81	42	57	68	30	23
33	26	85	30	6	7	72	35	3	71
23	36	35	38	7	43	79	58	89	88
28	31	75	41	67	8	48	66	89	63
80	10	61	14	58	49	38	55	81	26
11	89	90	39	60	79	83	47	32	64
62	34	25	32	52	6	80	7	23	43
29	80	21	32	46	16	87	44	38	17
80	37	85	44	70	57	27	5	43	33
58	37	67	51	31	2	89	24	41	80
72	70	4	19	87	47	43	42	33	61
87	48	44	2	77	58	24	16	33	60
20	67	56	48	61	52	75	45	37	27
68	59	29	36	19	80	23	17	24	88
70	40	9	20	53	52	23	4	49	48
25	83	78	41	27	32	80	73	13	48
61	20	63	55	76	44	64	25	67	66
20	21	60	15	54	31	38	87	70	29
29	73	19	48	18	74	66	41	67	34
13	3	81	39	59	26	55	75	47	5
34	17	16	21	83	69	82	50	58	22
25	70	50	88	32	52	90	54	17	34
20	75	55	22	87	38	46	19	15	1
59	3	75	4	68	87	85	43	86	32
54	77	26	3	62	31	51	32	37	70
41	30	68	61	59	11	54	76	85	84
22	84	8	82	25	85	67	49	24	41
25	51	64	81	45	15	26	39	5	79
30	5	43	76	79	29	16	81	37	32
78	11	5	49	45	8	56	39	60	70
56	70	22	55	4	77	43	36	1	34
51	52	70	53	85	56	74	61	62	23
14	88	90	84	62	36	30	48	63	79
68	71	18	63	46	43	14	16	29	20
72	73	77	37	84	40	82	52	28	27
82	62	89	43	73	24	12	85	11	30
16	85	8	79	5	9	40	1	38	39
68	30	34	8	62	59	16	52	26	4
86	18	31	55	51	11	75	22	47	5
35	51	80	23	48	12	46	26	42	36
63	4	49	14	50	34	67	84	79	39
86	69	81	71	79	88	56	49	24	80
59	84	77	33	63	83	37	86	62	85
19	85	77	4	65	17	23	72	20	51
85	90	14	43	41	23	19	49	81	87
44	21	11	32	58	6	5	83	35	23
16	21	4	1	28	78	56	50	41	47
71	11	72	27	82	58	46	83	14	5
62	11	59	50	37	65	46	39	7	52
44	39	77	76	49	60	33	54	51	43
76	13	29	86	40	84	24	81	34	20
77	25	78	28	59	76	75	79	39	3
61	77	38	63	76	50	27	56	59	1
1	15	14	6	4	18	11	19	71	26
7	29	19	32	74	54	46	80	76	78
67	30	47	1	49	28	33	36	62	20
47	89	38	66	12	87	83	32	77	19
40	83	50	41	52	28	25	61	47	5
83	7	37	17	2	65	61	21	88	26
72	18	21	45	49	75	34	67	15	13
58	75	86	49	36	89	47	33	63	52
58	69	35	4	12	11	55	67	82	47
18	28	41	67	49	40	65	29	90	56
36	74	58	22	56	38	2	76	68	9
13	42	28	84	68	60	69	59	65	54
23	76	53	61	29	50	44	73	83	66
25	52	12	30	49	65	31	36	51	3
77	69	82	63	90	56	37	15	87	41
43	87	56	1	30	74	40	84	64	49
47	77	73	43	7	69	10	83	31	68
41	67	60	28	15	63	84	25	82	65
1	57	27	52	46	24	49	26	34	75
10	38	55	31	75	27	81	23	66	61
43	42	25	10	38	90	18	8	69	30
60	57	53	18	9	35	24	27	12	6
62	69	86	2	13	90	71	80	51	12
14	4	12	49	27	5	71	86	20	25
59	38	87	69	40	44	50	60	45	29
13	56	50	44	20	4	72	43	80	6
28	71	57	16	5	17	56	23	84	53
13	74	26	38	45	82	68	34	85	15
87	89	56	84	20	12	38	67	85	23
33	27	80	1	70	43	13	51	69	35
24	10	39	78	62	29	27	15	70	19
78	68	85	63	74	19	41	54	37	66
70	61	17	88	27	76	22	26	30	52
74	52	30	53	20	55	29	17	25	45
43	56	62	61	60	28	90	23	1	77
71	17	18	4	45	75	49	15	87	41
2	48	38	5	90	82	52	88	68	14
9	19	68	38	25	24	59	28	30	37
65	69	36	20	42	4	37	21	10	33
75	50	30	47	67	56	9	90	40	16
3	33	52	5	6	27	15	47	87	9
17	26	68	10	49	61	14	4	32	19
21	90	60	2	41	27	53	51	38	78
29	5	54	27	48	81	71	21	10	19
80	23	32	86	79	14	55	83	59	9
36	28	10	15	45	48	83	49	67	14
80	28	47	34	69	71	70	23	31	44
90	34	54	51	50	5	14	24	87	79
53	83	21	16	51	13	90	80	40	3
84	59	49	39	50	60	78	30	89	61
27	22	43	44	67	86	3	76	58	36
63	45	76	88	16	49	68	28	13	4
79	77	5	73	57	37	65	46	54	42
21	55	58	7	32	64	18	49	81	73
55	6	34	67	3	15	32	64	1	72
42	22	34	53	17	10	81	84	87	69
62	81	34	27	60	21	75	2	66	41
36	40	17	41	73	69	50	67	65	77
14	20	81	55	56	52	4	63	80	51
49	76	81	36	44	1	78	48	86	55
1	28	6	68	78	89	22	36	69	8
49	61	28	69	66	31	54	70	77	37
84	12	13	49	19	60	90	64	72	23
85	51	74	52	58	39	2	81	67	40
82	37	72	63	67	44	68	17	18	79
55	51	22	2	24	13	79	87	88	90
76	48	54	22	58	16	47	39	36	89
19	81	21	39	48	65	88	15	79	86
52	34	35	63	49	59	42	19	51	39
29	49	55	43	52	74	48	75	6	71
74	55	36	33	26	43	2	57	79	37
41	51	88	15	54	66	85	71	5	28
64	44	33	77	58	9	36	30	56	71
77	53	9	62	57	10	5	84	46	63
17	58	16	62	26	77	41	78	10	42
81	3	35	8	68	16	42	4	44	64
21	51	49	77	30	53	63	60	37	85
4	44	64	90	46	26	6	74	22	32
27	76	86	6	69	46	25	38	82	51
89	34	55	37	72	81	90	25	86	11
55	19	46	41	10	36	50	83	58	20
27	89	45	68	42	54	66	63	64	38
15	88	10	1	89	70	85	53	24	57
81	64	32	9	85	46	20	83	4	38
36	7	48	72	29	35	70	52	12	46
2	88	40	18	16	81	82	25	21	17
72	26	57	71	79	29	49	73	70	42
66	24	84	21	46	82	71	38	85	89
60	31	43	1	18	36	12	52	39	3
54	36	83	86	12	15	7	27	79	68
32	45	79	23	6	47	64	4	50	11
80	87	11	75	28	27	48	88	85	40
73	34	7	56	48	2	40	82	38	43
19	53	51	22	50	32	40	85	5	74
69	63	53	76	61	20	79	70	56	12
38	40	88	30	42	64	45	26	6	86
62	37	13	85	45	72	74	51	38	32
28	42	71	29	74	38	65	50	60	30
38	75	54	51	68	86	14	13	5	39
60	59	33	87	47	35	42	12	46	80
59	87	63	84	2	76	20	75	67	77
31	77	43	47	5	46	52	48	21	11
59	40	76	52	33	90	21	31	86	29
68	16	32	81	39	11	33	80	17	45
18	68	80	52	60	61	70	31	20	82
8	45	53	56	29	50	61	64	11	39
82	80	47	75	56	16	68	46	84	74
25	58	40	51	26	81	21	65	46	49
36	44	7	69	2	34	42	43	10	58
46	84	59	22	35	4	90	61	78	33
48	20	55	21	5	30	63	74	37	18
57	80	41	47	82	52	9	22	54	37
78	59	17	15	79	4	50	82	64	80
11	13	54	37	1	85	47	30	16	59
10	56	82	46	55	1	32	49	27	51
74	89	50	40	76	29	4	80	83	18
83	4	61	70	44	89	48	22	10	50
69	83	19	51	90	17	38	60	34	32
87	18	32	84	52	85	67	72	79	44
81	11	77	59	15	84	38	41	68	6
34	41	10	47	76	86	73	42	65	56
44	2	82	5	69	36	31	12	27	80
38	31	41	56	20	15	77	9	83	5
52	34	48	20	9	6	32	27	60	28
60	67	51	72	79	53	26	75	38	54
87	3	70	15	56	39	41	5	9	59
14	50	41	90	26	5	23	75	8	6
24	26	50	6	18	19	13	53	20	12
46	71	49	54	31	26	14	19	1	6
35	81	37	39	63	51	29	28	61	76
9	2	10	52	32	46	74	15	68	57
83	70	28	53	15	56	11	47	48	72
11	33	23	58	46	39	31	25	42	87
4	74	54	53	47	43	84	36	39	2
62	70	54	41	86	29	34	17	24	61
9	58	4	68	1	34	11	54	36	72
88	9	27	56	74	29	58	57	51	37
5	52	18	60	21	38	53	29	42	79
67	71	89	38	22	32	66	75	16	54
86	73	26	22	79	67	27	89	4	11
69	47	1	82	43	48	60	57	50	72
49	3	64	42	86	13	18	4	76	9
89	16	2	24	75	55	37	90	15	78
77	54	59	44	35	84	78	29	79	6
67	71	60	88	55	7	17	90	15	14
79	86	64	65	16	84	66	39	28	18
70	34	2	56	82	40	6	61	55	17
9	14	71	12	72	43	70	53	46	19
49	8	39	2	36	3	6	57	77	47
74	2	8	7	57	21	25	65	84	46
20	54	19	38	68	80	4	12	35	41
27	37	40	9	71	21	22	34	28	83
89	35	85	29	56	37	88	84	3	86
38	33	49	2	28	79	70	23	9	8
8	68	90	3	9	28	23	50	10	35
33	54	46	38	52	90	58	2	41	19
59	36	9	47	24	87	78	66	82	84
60	30	88	32	11	69	21	18	68	66
41	81	71	73	89	68	53	66	59	7
6	69	82	74	84	75	30	37	60	86
50	79	84	34	32	38	11	67	37	25
12	70	42	46	78	67	87	88	47	80
8	55	4	49	81	57	7	87	15	21
63	37	53	23	16	32	72	39	43	71
17	53	38	73	64	51	86	30	54	89
29	31	77	70	79	87	55	37	85	73
74	33	6	88	79	27	17	87	25	85
89	17	73	30	78	51	62	63	31	10
71	87	4	33	20	84	67	31	74	41
38	65	26	20	4	19	48	89	27	11
49	40	46	17	47	66	75	62	89	9
58	28	56	29	73	1	87	13	16	75
44	20	75	81	70	23	32	35	50	15
6	46	41	44	53	65	59	55	13	40
82	52	2	69	36	33	74	51	70	26
73	25	80	85	16	21	26	6	54	87
39	36	8	50	68	88	7	10	52	84
82	13	50	72	53	19	48	12	25	62
67	27	31	63	70	87	81	17	35	11
38	64	36	3	26	56	10	4	87	37
88	9	21	42	90	7	62	82	73	41
8	17	15	77	57	65	76	6	3	44
14	37	13	78	29	15	88	68	85	6
38	59	88	79	60	63	10	12	31	52
28	77	51	70	61	64	56	82	27	85
20	62	2	26	75	23	39	65	37	25
46	56	49	16	81	43	53	59	54	6
8	59	79	83	46	9	77	51	67	42
75	90	61	30	31	11	81	58	88	37
70	48	5	51	15	20	37	1	45	84
23	61	80	89	60	1	40	69	50	18
24	87	79	32	9	46	68	65	20	45
77	51	88	47	7	15	52	20	70	23
53	72	77	87	9	36	52	79	24	6
6	75	17	31	68	25	23	64	80	5
37	83	49	56	54	78	17	12	16	22
79	54	41	52	65	20	1	83	62	29
12	51	16	21	76	89	14	1	41	48
71	38	19	29	6	49	60	12	80	36
89	19	70	56	17	44	39	80	60	12
82	90	16	23	6	4	70	3	33	50
41	82	86	62	33	29	77	34	14	25
80	53	51	6	30	43	52	7	75	78
66	3	26	90	74	37	17	4	43	38
40	65	63	87	52	69	90	9	86	74
30	38	49	51	4	35	47	82	85	26
56	43	68	59	90	23	21	3	79	49
69	40	84	38	34	62	73	61	24	52
14	65	85	22	50	28	7	63	46	6
55	61	25	53	67	16	82	28	44	51
23	47	84	62	58	16	86	21	63	69
79	77	52	26	64	43	28	51	15	73
6	75	71	37	44	69	59	90	79	78
37	82	90	50	6	7	81	71	41	58
43	10	84	27	30	45	65	39	11	36
12	62	49	9	39	42	76	10	44	30
60	88	5	87	62	84	23	42	64	79
74	6	83	46	53	60	50	70	38	62
21	46	31	4	32	50	49	74	33	17
31	70	26	74	37	73	61	2	25	42
34	26	54	52	78	42	4	48	28	41
40	17	26	75	78	46	79	42	30	51
78	33	61	84	86	2	56	46	63	13
78	34	46	72	26	39	71	65	74	44
61	28	66	58	59	24	17	12	80	89
47	45	20	12	7	74	51	46	28	54
55	53	77	89	11	86	7	68	21	24
1	80	32	30	9	44	84	10	74	11
5	61	49	59	70	66	83	9	75	44
86	10	37	28	78	90	57	83	70	53
7	90	39	35	65	12	15	81	77	48
60	7	5	49	47	67	29	61	84	75
3	86	26	85	56	33	37	55	54	83
14	76	28	88	83	79	70	5	44	61
84	54	63	50	61	89	51	39	8	36
72	32	45	11	80	62	53	28	85	75
32	75	47	17	74	24	66	67	62	3
83	82	61	33	79	1	80	5	52	17
59	4	26	71	51	9	1	82	27	69
9	7	85	59	68	66	1	53	43	16
73	18	1	5	30	76	69	8	29	85
53	73	11	54	27	88	59	10	35	32
37	9	49	78	18	14	88	55	27	17
38	76	19	85	61	63	73	53	18	6
40	75	35	79	30	88	29	16	42	26
26	89	85	54	13	5	11	62	6	72
34	11	32	37	10	15	22	20	80	46
23	26	54	33	40	9	75	34	16	79
73	65	28	75	47	24	9	80	79	43
48	54	13	74	38	80	28	34	83	36
36	89	16	60	47	48	2	74	61	78
46	6	62	9	31	50	17	78	85	34
19	58	30	84	11	49	27	33	76	54
3	54	15	60	32	1	18	90	20	46
56	28	37	42	34	48	25	90	72	2
6	18	30	48	43	12	64	36	29	61
44	43	52	31	21	85	71	5	8	19
3	31	63	70	52	39	36	61	88	5
85	50	13	21	88	27	75	79	77	81
43	12	50	55	47	22	28	8	65	56
20	48	17	67	4	58	61	3	89	33
67	7	64	26	47	74	8	36	61	60
35	54	79	67	58	3	10	52	16	85
81	32	1	85	75	30	47	54	69	24
18	72	26	41	20	16	12	63	74	15
46	61	5	34	38	90	67	4	20	71
39	60	32	13	58	50	36	88	35	46
10	40	73	23	13	57	76	8	56	70
81	14	88	72	5	68	53	40	20	4
31	48	29	1	9	13	50	22	77	63
69	49	40	70	22	56	14	29	68	2
40	66	53	36	45	4	47	3	79	16
59	54	82	53	87	41	75	47	49	48
60	75	2	19	18	3	58	77	59	90
3	88	11	54	27	50	63	30	53	19
24	67	76	65	42	80	22	82	26	75
12	11	72	44	57	13	77	20	35	69
33	74	8	58	41	51	39	65	67	6
67	39	20	17	71	64	90	47	11	22
2	72	26	84	64	1	22	13	79	48
28	14	35	2	89	43	52	79	82	66
42	77	61	76	65	1	80	62	90	44
38	57	62	17	84	36	82	60	88	64
57	38	23	17	5	58	79	39	53	44
70	15	48	13	89	83	1	82	74	85
22	69	33	34	24	79	82	80	77	37
54	64	44	41	57	53	79	1	48	22
21	16	26	36	12	29	38	73	88	44
55	53	40	43	77	82	88	85	17	50
52	22	43	50	47	16	67	31	12	42
3	10	88	15	54	60	41	49	1	16
12	11	58	4	37	53	25	67	42	18
26	57	34	69	60	46	82	76	5	80
35	76	75	64	40	32	5	48	54	27
1	74	48	22	2	36	24	32	10	21
65	18	81	40	37	23	89	35	84	12
82	33	30	61	54	77	15	37	25	42
48	16	24	70	36	10	21	43	32	72
40	46	11	36	32	25	59	45	21	73
5	50	77	48	59	32	64	16	34	72
13	27	84	45	19	62	50	79	76	25
5	52	33	50	80	60	37	1	3	58
60	53	80	12	66	57	30	4	46	90
32	9	21	69	75	17	29	59	70	57
5	35	10	53	22	51	77	32	33	90
89	59	72	82	62	70	55	81	24	7
17	63	39	51	65	70	41	87	5	90
37	29	20	55	57	33	71	67	68	3
19	1	58	67	70	48	6	21	32	46
33	19	87	2	51	44	10	14	72	76
68	14	11	47	61	55	73	67	42	21
38	9	57	23	47	12	40	90	6	67
53	47	9	66	21	86	33	71	49	11
4	16	19	90	65	79	43	1	38	3
35	7	87	71	48	27	69	56	4	14
13	17	40	35	59	89	54	56	62	73
25	23	69	56	66	24	64	50	4	2
4	63	41	38	75	79	50	43	46	67
43	70	87	86	83	18	55	50	8	77
11	71	81	29	78	10	61	5	53	58
70	78	50	61	45	19	33	62	63	25
86	26	27	19	55	74	52	42	64	81
39	6	61	9	51	58	79	36	32	88
84	6	51	73	41	5	85	40	71	25
49	60	13	51	75	19	82	65	37	18
81	5	48	36	23	46	4	10	85	34
4	32	48	33	42	19	1	21	85	38
16	49	3	58	32	77	10	60	8	70
64	23	25	34	18	51	10	6	76	32
62	87	88	22	66	8	84	78	53	79
87	51	48	38	71	35	7	59	33	65
51	4	2	55	20	59	44	69	16	89
29	59	67	53	82	22	8	80	79	51
42	76	71	82	87	12	24	47	13	39
76	80	27	46	24	26	25	23	28	64
61	53	88	29	84	22	3	33	52	36
85	16	63	90	48	55	87	15	19	35
66	53	40	87	36	84	3	43	41	20
87	49	41	57	13	47	69	12	59	72
79	10	90	47	18	53	24	61	19	4
79	42	16	57	64	21	78	23	3	58
85	4	44	73	46	29	16	69	21	55
45	81	8	33	75	32	76	42	28	37
59	45	37	40	26	33	8	19	62	79
37	86	61	90	48	75	63	7	62	69
43	3	38	37	84	87	83	61	32	55
76	79	68	42	87	10	1	51	88	47
16	63	42	10	39	85	29	57	4	22
26	77	70	13	87	44	66	58	46	23
64	53	19	76	9	51	88	75	69	80
35	25	69	36	79	34	85	3	74	33
12	23	57	33	65	25	69	8	61	37
83	15	55	65	26	69	53	79	35	7
9	86	69	38	50	81	4	47	27	62
56	53	35	9	49	38	11	3	27	36
8	39	31	42	47	57	61	48	22	79
58	84	68	30	27	70	28	33	61	57
69	63	82	53	58	66	73	78	84	20
13	5	74	24	78	64	79	54	27	81
15	58	39	30	76	6	75	46	55	24
61	6	8	16	48	35	74	65	10	15
89	43	49	50	81	14	3	41	24	23
79	9	35	27	1	20	14	50	31	86
66	4	26	78	90	37	18	17	11	72
22	70	23	30	8	38	51	42	81	66
51	12	11	53	45	81	36	55	48	39
8	52	14	7	75	22	40	72	81	12
25	74	38	55	42	52	36	47	72	24
63	45	76	79	35	52	54	18	6	22
33	15	53	62	83	49	86	13	47	32
34	10	20	69	74	28	53	49	32	68
52	75	31	63	61	79	50	1	68	5
50	66	38	79	80	39	51	6	77	67
89	17	79	64	60	59	56	10	1	48
18	60	66	3	67	29	32	81	23	8
8	17	87	85	43	86	89	7	49	35
11	25	39	9	17	73	13	30	69	27
88	67	13	63	55	15	1	35	49	33
78	45	81	18	20	35	61	53	50	19
57	31	50	25	7	54	51	63	72	68
43	64	33	34	14	74	61	18	23	78
74	28	21	85	60	14	87	47	78	69
1	15	64	67	56	49	35	9	6	20
57	89	17	70	75	41	18	56	10	88
79	83	38	24	42	57	1	19	32	5
3	65	60	18	51	9	41	58	46	64
59	19	11	31	45	16	2	90	34	71
79	55	30	77	59	42	21	20	51	37
37	87	85	32	72	82	83	15	12	81
42	77	66	31	70	81	86	20	72	85
68	53	34	1	5	33	60	71	38	6
48	56	90	42	14	81	27	66	62	33
63	82	31	24	73	78	83	64	37	80
56	55	30	19	39	89	53	90	22	5
7	87	44	14	30	46	49	42	56	1
48	27	59	83	56	23	34	86	58	64
55	80	56	51	37	39	42	14	3	74
25	36	87	69	46	66	72	73	21	8
25	8	42	54	28	77	60	41	65	89
67	73	64	59	84	51	31	63	52	20
47	20	36	45	67	50	49	15	3	71
42	83	18	31	90	36	23	9	15	71
5	80	90	7	34	75	6	29	45	58
87	62	26	16	35	53	4	57	41	14
17	76	80	56	57	48	1	88	5	24
18	54	13	1	27	33	83	64	53	29
69	31	67	60	66	36	14	68	78	18
5	6	12	45	81	51	82	60	63	61
70	86	1	84	47	74	83	22	27	37
68	11	20	77	40	50	81	44	82	31
29	9	83	86	19	84	64	49	85	45
10	21	8	38	78	64	55	40	30	28
74	68	27	45	35	73	14	20	9	60
50	66	42	21	28	44	73	69	60	14
77	40	85	75	5	14	78	37	67	33
4	7	21	60	22	16	9	14	83	2
83	77	76	31	71	72	35	13	50	47
51	22	3	16	45	81	4	29	52	69
48	78	34	66	8	38	50	42	2	6
65	80	11	45	13	64	82	39	33	84
21	6	25	37	45	51	11	4	49	38
76	2	1	15	63	3	47	75	49	11
56	65	27	20	40	13	78	24	2	15
47	30	69	35	65	89	75	87	74	41
88	3	51	50	17	80	86	39	85	71
2	65	68	90	52	74	47	5	24	53
44	40	88	47	30	54	9	75	34	69
67	35	70	34	3	68	26	36	66	40
74	30	35	18	3	57	1	62	44	69
49	47	16	61	75	54	32	60	31	43
87	64	11	2	61	4	82	22	37	28
16	61	74	1	44	41	2	22	64	42
77	43	10	50	82	13	68	34	38	53
45	83	43	41	17	75	50	62	6	7
24	42	22	51	70	47	43	13	8	69
25	38	1	80	81	29	39	52	4	67
60	4	59	48	40	17	80	77	39	88
61	20	76	43	38	79	31	84	22	5
81	90	21	38	71	6	16	13	63	29
15	12	65	61	29	1	3	28	47	78
7	55	26	13	82	21	61	46	6	1
26	65	20	31	61	35	59	82	2	52
14	84	5	43	75	51	16	1	13	77
50	35	15	20	52	27	76	26	78	88
19	70	13	7	65	87	81	61	14	63
18	6	68	49	42	85	28	72	70	88
62	58	79	61	73	65	74	72	30	56
42	66	86	53	9	87	76	38	60	34
49	60	31	45	8	83	76	32	56	89
44	1	77	8	10	34	33	2	21	82
4	25	70	81	68	21	73	54	40	69
20	42	77	43	11	19	27	6	90	44
38	59	61	8	50	30	68	23	13	87
28	11	68	50	63	71	2	54	21	70
69	58	8	63	37	31	64	50	29	53
63	79	62	76	31	11	84	78	51	37
31	37	21	75	49	44	12	6	46	60
4	61	5	44	78	84	49	40	43	71
1	24	87	17	28	85	4	60	51	31
62	75	84	13	47	88	72	46	73	89
16	72	20	26	36	86	64	73	83	6
23	27	38	32	12	64	11	58	5	45
29	85	65	36	41	89	70	45	30	26
9	16	85	41	58	22	28	86	63	47
25	59	1	74	13	26	7	23	67	64
25	22	66	65	36	39	54	28	47	32
68	88	51	9	23	56	70	69	87	25
90	68	41	33	61	17	23	72	19	40
31	60	75	81	89	83	55	43	5	53
81	33	44	78	60	64	13	73	43	12
28	74	10	49	55	61	11	24	27	66
27	33	53	6	58	36	50	4	55	23
18	33	66	17	85	14	47	43	2	31
50	11	68	39	64	31	73	18	35	4
16	84	7	90	10	14	28	81	43	51
84	2	64	20	83	30	67	78	45	63
90	52	36	43	85	62	1	13	37	66
40	38	16	57	17	83	24	15	81	46
61	16	9	18	15	73	29	78	54	67
34	59	75	73	83	77	24	33	70	22
19	82	15	2	80	55	8	31	13	63
86	20	80	11	41	76	30	55	34	58
64	87	82	7	17	44	66	4	61	5
68	69	89	83	62	59	22	74	80	72
27	46	19	2	24	21	53	71	11	12
37	6	27	33	18	82	80	59	1	56
45	35	84	64	79	18	70	22	90	85
82	21	86	51	3	22	44	11	89	69
19	18	60	73	64	31	23	32	51	1
19	38	61	35	69	8	58	82	39	71
30	67	81	3	17	31	68	46	72	41
45	60	20	90	62	11	28	35	55	48
48	72	89	3	64	82	52	23	71	13
37	63	77	14	45	80	38	66	89	36
52	87	61	39	36	86	23	5	64	85
5	44	2	17	74	8	47	57	49	20
74	82	42	25	71	81	51	6	27	36
53	79	84	36	39	87	70	46	81	51
81	86	85	29	49	3	61	34	42	68
9	77	82	84	87	16	61	44	41	71
90	53	88	13	60	4	78	41	14	51
84	38	30	69	59	29	77	60	4	44
66	41	89	71	42	46	20	31	85	5
56	13	16	60	14	22	89	46	37	30
2	41	61	67	35	19	1	59	5	81
53	48	21	35	15	4	39	49	41	12
78	19	85	2	3	66	36	8	33	4
2	7	85	72	68	54	10	82	17	47
70	34	74	52	89	29	19	36	11	53
30	79	2	46	71	48	45	76	11	8
76	21	28	34	2	42	69	54	59	17
4	85	75	38	65	57	16	67	33	5
13	47	71	8	26	19	14	12	9	15
58	26	81	88	31	76	38	61	27	57
81	12	76	53	28	61	5	58	56	8
17	79	2	54	24	69	87	63	10	45
6	22	69	55	71	39	28	81	46	13
83	20	43	44	35	61	15	38	45	26
42	21	75	71	15	9	82	57	83	74
76	62	41	40	12	5	47	68	61	2
4	49	31	48	67	27	71	19	78	61
76	1	70	14	84	45	50	52	11	79
71	68	60	87	30	74	78	26	38	7
51	76	89	53	32	23	57	22	34	26
67	14	36	45	27	41	21	28	9	64
73	47	7	51	54	59	17	46	10	53
38	75	26	7	73	10	78	24	29	41
1	24	52	45	28	66	40	36	61	33
33	43	36	47	70	77	58	12	7	9
60	3	53	75	43	78	31	71	70	77
26	25	86	21	7	74	71	69	35	17
63	5	51	34	53	29	40	52	79	72
13	38	36	62	35	39	84	5	10	23
1	52	79	42	84	49	23	32	19	89
29	21	24	87	42	71	38	55	33	89
6	44	12	89	61	45	37	40	50	5
85	7	38	39	49	40	47	67	62	3
36	85	41	52	3	57	50	74	64	9
7	63	73	33	76	11	74	47	20	77
39	74	29	41	37	9	69	68	49	30
19	64	50	74	3	39	89	86	42	66
13	30	33	41	88	37	51	90	36	78
25	51	56	46	32	17	7	39	29	4
39	7	81	2	67	87	30	84	75	9
37	89	59	4	45	1	74	72	17	78
14	13	10	26	22	41	60	40	33	15
62	70	66	2	76	53	90	20	24	59
66	73	16	72	69	45	37	44	84	3
33	11	1	35	90	12	51	21	73	55
10	46	60	55	36	59	39	38	12	28
57	6	35	52	65	75	79	89	18	33
50	58	3	84	22	30	18	39	33	78
5	24	52	13	2	21	50	44	15	49
76	51	48	74	56	38	2	46	26	19
17	47	78	8	62	49	7	46	39	88
20	1	52	21	69	74	30	23	6	8
5	42	85	70	2	30	73	36	80	56
28	82	70	38	18	56	33	2	5	58
21	34	13	43	27	46	47	51	38	1
50	45	51	34	58	35	77	54	57	13
45	72	5	73	16	80	34	29	67	2
26	60	4	80	34	57	81	71	3	77
72	23	34	38	43	18	54	62	42	59
49	81	55	39	86	15	11	62	77	78
63	30	14	89	32	11	66	64	84	78
41	80	21	4	48	43	71	39	5	2
72	50	46	52	51	44	84	36	26	90
52	15	78	60	30	4	53	11	89	12
2	63	26	60	31	73	84	12	17	28
70	36	55	16	15	20	34	37	42	65
84	58	34	24	43	23	22	49	50	89
55	44	51	77	82	53	89	64	47	86
79	1	76	37	57	29	66	40	24	30
83	81	69	29	87	6	4	85	24	32
2	39	52	19	34	46	26	8	81	53
38	40	4	65	35	45	34	47	75	72
71	61	86	38	9	18	83	74	3	24
76	45	31	83	87	17	8	6	73	67
87	44	26	21	68	14	37	79	81	19
32	53	10	84	68	79	66	71	4	72
28	20	45	68	82	62	42	86	71	49
44	18	73	39	26	72	28	68	54	40
79	55	6	78	25	66	52	11	49	1
61	73	85	18	89	80	1	76	21	19
86	41	16	62	85	21	23	24	36	8
83	24	55	31	41	77	9	51	75	36
25	78	19	26	48	43	6	37	71	1
42	16	76	80	41	85	32	67	13	25
71	1	87	81	35	9	18	79	56	43
25	70	17	35	82	63	20	86	88	27
76	10	19	21	74	53	79	90	22	15
84	31	68	28	5	23	55	6	64	2
10	30	26	25	38	65	59	78	54	90
74	15	39	34	33	17	16	23	21	87
74	76	15	52	9	88	33	48	75	17
65	34	36	15	3	47	75	24	68	58
70	69	4	50	15	30	48	1	38	11
66	12	27	76	68	35	18	33	56	25
85	27	49	40	36	76	66	33	51	23
8	83	6	48	24	10	60	46	16	79
44	60	4	26	55	34	82	85	59	86
50	25	64	68	82	46	58	6	2	24
4	13	85	32	52	63	56	83	37	14
1	78	77	76	2	10	81	42	59	50
15	45	88	26	57	39	34	87	25	32
13	88	34	2	19	25	20	80	78	65
7	16	20	25	55	86	80	51	1	27
26	3	52	5	59	85	36	27	7	83
53	30	87	60	62	18	32	34	25	70
25	30	34	44	64	41	35	43	12	75
39	83	19	5	57	64	54	79	31	16
78	80	82	90	49	81	16	86	63	10
63	78	58	22	75	30	3	55	45	18
10	84	71	86	33	34	31	60	66	12
3	79	77	55	73	67	2	56	54	8
79	46	45	18	12	47	8	34	66	68
70	53	89	6	30	81	75	72	68	56
22	87	52	26	30	85	84	11	36	18
76	42	4	83	43	64	15	51	66	59
52	48	46	90	22	87	42	85	55	34
22	80	35	4	28	3	83	57	38	76
27	16	58	47	11	9	44	31	1	12
39	76	27	5	35	58	43	88	36	17
24	54	51	78	11	44	5	61	21	45
64	42	5	23	15	67	71	9	13	7
36	86	38	30	72	2	6	59	49	74
53	7	69	87	14	47	50	25	68	34
62	53	65	14	24	84	7	60	23	2
65	58	54	8	68	24	84	22	2	89
45	5	43	32	47	74	49	12	26	2
27	37	25	12	90	24	67	61	66	29
54	45	52	51	61	49	87	48	86	74
82	51	57	24	73	58	1	5	68	34
7	80	8	9	18	49	78	36	56	74
60	44	21	79	71	54	29	11	33	53
57	21	73	59	65	85	9	26	62	56
25	18	61	51	64	62	22	45	78	72
24	85	54	46	43	10	64	65	67	56
35	65	8	39	15	47	16	7	82	72
26	49	60	28	2	24	12	4	31	15
45	40	46	14	37	58	48	35	8	42
52	77	61	76	26	86	87	50	71	41
55	86	45	41	19	13	37	24	32	62
62	88	73	53	59	5	41	68	22	34
17	66	11	30	5	6	41	64	52	80
36	82	57	42	21	44	76	81	70	39
43	83	25	62	13	71	27	52	70	51
51	30	90	82	28	71	59	33	27	23
17	71	49	60	66	64	77	11	8	46
51	60	88	19	46	42	33	12	62	63
77	14	31	72	10	41	17	25	1	43
38	42	66	15	7	11	79	67	86	44
1	73	32	19	75	14	74	84	59	56
77	43	68	18	35	83	23	90	42	50
44	11	34	58	84	60	28	78	70	4
44	70	8	61	67	90	20	36	30	26
52	76	24	60	90	16	57	40	43	54
62	42	14	49	80	77	59	88	12	20
17	21	3	80	4	47	60	30	54	55
61	28	84	35	17	49	22	6	68	11
14	60	7	55	63	78	85	18	38	27
48	78	84	43	83	60	56	18	40	63
47	34	63	80	20	19	81	74	5	36
23	37	81	30	3	46	88	71	40	59
55	3	50	47	1	5	13	63	67	35
21	7	89	28	2	51	52	9	60	18
48	45	78	88	43	46	10	76	12	57
76	40	86	5	46	62	83	89	19	87
58	12	39	70	2	28	63	80	20	55
82	53	65	47	1	2	19	71	12	51
81	77	2	31	14	25	68	36	60	28
63	89	28	69	37	57	46	53	84	11
22	77	74	38	72	76	46	49	18	55
39	67	55	83	63	68	52	13	6	40
78	50	20	57	45	35	44	66	87	7
90	38	4	77	72	36	80	13	74	56
9	39	75	68	85	5	58	83	10	1
85	72	75	7	64	28	87	47	27	30
31	2	4	6	20	70	22	42	68	75
72	22	73	31	71	90	59	17	50	4
77	65	40	56	68	79	60	33	7	12
65	69	58	53	74	89	76	33	41	72
10	65	42	4	16	26	53	67	51	5
40	69	5	64	61	41	28	3	9	50
13	80	34	83	25	18	70	69	61	17
25	53	56	75	55	49	50	39	3	47
77	56	35	66	74	89	90	51	28	6
64	8	31	17	23	72	84	82	57	68
42	68	31	78	59	58	21	47	82	66
44	8	6	11	81	80	55	18	36	43
23	34	79	64	47	35	46	59	55	20
49	23	24	3	22	73	62	37	76	57
15	5	1	45	72	2	19	25	21	50
19	54	41	32	21	17	74	23	75	51
54	58	67	77	18	53	55	4	3	47
4	63	74	1	41	24	80	89	84	5
58	64	42	39	54	15	37	53	56	30
82	29	80	85	24	61	25	77	68	60
86	81	82	79	2	39	33	30	15	3
38	18	5	39	36	24	23	42	75	88
67	60	8	22	12	1	16	50	18	11
46	38	78	16	13	56	71	30	31	75
59	77	18	62	8	36	49	14	37	21
71	12	40	68	78	13	20	49	21	18
29	48	59	17	72	55	46	75	10	14
16	88	63	41	5	28	36	42	84	44
79	72	18	59	40	64	15	58	87	80
26	16	74	44	47	27	39	19	65	75
36	25	9	29	26	32	8	53	79	63
76	67	74	1	82	30	59	69	77	27
24	73	6	43	68	54	12	11	77	29
81	25	26	3	19	2	4	67	80	79
65	76	5	55	21	89	84	23	53	33
38	19	39	1	20	88	83	21	10	44
84	75	6	38	61	66	76	72	51	40
14	24	36	80	50	27	29	40	13	8
83	38	70	75	82	13	78	67	26	27
26	61	13	62	20	53	63	6	66	19
67	64	55	23	35	72	70	39	68	37
68	50	75	45	22	88	81	13	41	57
22	48	21	85	60	82	25	80	87	17
7	68	43	60	87	67	54	11	2	83
25	28	66	63	55	8	60	7	36	79
81	4	17	56	59	79	69	45	89	57
55	34	74	59	79	72	3	83	41	7
65	47	31	82	25	12	27	86	56	84
85	28	8	90	79	31	14	55	51	3
8	75	2	23	54	26	43	50	73	9
54	20	15	77	50	43	85	53	14	58
43	70	27	71	9	62	68	35	37	77
4	49	70	68	72	36	45	42	39	51
2	78	56	48	70	44	81	4	67	28
65	25	35	44	77	55	87	72	15	88
88	49	77	39	17	65	63	3	1	54
19	3	90	27	70	9	58	77	22	12
56	5	50	80	30	7	6	38	22	19
32	36	64	6	89	69	8	52	45	46
77	47	7	66	29	41	70	62	4	56
40	13	74	62	52	60	87	5	26	28
41	78	42	74	38	30	77	21	60	72
58	61	80	48	42	24	4	11	90	3
83	71	18	85	2	26	48	30	8	5
35	72	88	8	78	42	20	62	86	67
25	9	89	12	78	70	44	63	55	54
39	87	49	35	14	19	34	9	57	7
72	19	75	89	84	8	88	9	57	36
3	75	44	63	55	34	49	32	2	38
78	11	76	82	42	17	18	59	6	64
84	55	14	75	18	58	82	23	26	90
35	23	67	82	9	14	59	75	48	49
33	47	70	66	61	24	71	31	45	48
4	37	36	56	10	5	28	12	74	16
64	40	10	2	14	87	47	83	52	32
1	74	44	9	63	51	26	65	39	2
5	31	83	22	76	38	27	79	34	81
26	61	33	40	52	49	35	44	88	25
86	72	42	35	83	52	18	19	2	81
39	89	6	88	13	71	72	55	57	79
34	83	77	1	47	30	5	73	43	81
24	23	85	88	26	17	15	83	53	65
18	58	60	32	66	56	22	49	19	38
13	73	59	7	49	57	43	2	8	61
20	76	14	2	90	7	44	74	42	50
13	51	66	15	80	60	24	25	57	26
14	45	64	25	18	34	86	6	62	39
2	67	16	22	20	31	29	50	75	84
80	6	68	34	65	90	17	85	39	42
6	72	47	74	58	39	68	82	18	79
58	40	23	60	30	28	71	72	47	50
31	63	49	29	57	47	85	81	48	89
46	25	53	79	87	59	19	70	73	13
88	29	61	74	7	79	46	24	28	60
74	86	60	3	37	68	27	56	65	45
34	89	24	88	86	2	74	50	16	61
80	62	64	77	15	1	20	5	73	27
61	22	26	40	28	21	20	46	68	17
5	7	17	32	6	27	22	86	49	24
6	33	39	65	2	89	74	24	48	82
8	76	51	29	12	72	23	10	88	11
34	23	2	30	73	62	35	24	48	79
53	82	39	41	7	79	80	31	30	4
38	27	9	79	76	51	32	28	43	55
49	78	67	46	86	2	54	70	35	30
54	40	22	8	81	2	70	25	59	19
57	87	22	8	15	53	33	83	45	69
38	37	63	71	36	90	18	9	60	52
84	60	22	54	27	45	78	61	68	23
44	85	60	87	61	29	45	8	80	25
33	23	3	76	50	12	42	56	16	64
79	82	40	13	16	6	22	55	3	74
84	67	61	38	41	46	14	2	9	34
46	26	81	77	48	43	83	47	55	42
2	1	60	25	56	3	80	41	19	30
76	34	50	18	8	14	27	47	57	49
64	66	31	43	28	90	16	1	75	89
47	57	52	35	54	82	8	20	18	89
85	15	83	31	47	21	81	28	45	52
38	31	54	22	26	65	2	51	55	81
19	53	90	21	44	77	50	2	8	89
12	81	85	20	11	74	86	17	24	52
24	81	29	75	64	14	65	9	6	79
40	27	33	34	42	56	39	21	58	76
25	56	9	86	10	71	35	51	22	6
5	43	42	19	13	7	6	88	66	33
60	83	74	6	39	89	43	79	80	85
15	36	24	68	88	1	43	21	80	16
7	34	85	69	33	62	56	47	86	39
5	82	73	44	64	55	70	18	67	59
36	59	87	20	40	83	53	27	28	64
64	24	75	34	38	78	29	28	42	51
78	13	68	29	71	84	81	21	85	55
57	76	64	90	83	11	38	86	43	59
64	61	14	77	60	38	23	76	40	34
76	63	83	32	68	13	57	43	28	55
76	21	56	39	1	33	64	17	70	83
47	44	46	85	10	74	49	51	16	59
39	5	66	62	52	28	15	67	37	56
51	16	38	74	76	7	21	45	32	11
59	83	63	86	76	31	72	79	4	58
25	43	66	59	39	58	42	22	41	16
34	81	32	79	28	31	48	19	82	21
60	74	1	79	84	2	90	50	73	19
21	84	36	27	49	12	51	19	17	25
4	51	72	73	17	24	46	37	86	79
56	20	6	85	64	40	35	2	66	73
84	60	18	26	64	69	23	74	20	72
51	83	79	41	24	32	29	56	80	11
73	33	8	90	88	65	34	64	67	6
40	37	51	35	26	41	64	74	18	54
11	73	8	88	25	44	14	35	79	19
72	88	22	15	14	53	27	3	67	21
53	42	90	40	39	22	16	48	18	9
8	11	34	70	82	86	9	66	54	40
27	10	89	2	24	87	13	74	12	67
22	54	5	85	73	21	28	10	32	65
29	57	19	86	69	50	27	33	80	52
31	1	81	44	35	30	12	64	84	52
43	60	3	85	53	52	21	33	82	44
48	65	38	71	37	89	31	58	72	57
41	87	86	43	82	6	88	67	31	7
16	71	45	75	63	28	10	66	61	72
81	56	77	40	59	49	30	4	29	11
38	51	10	28	71	22	33	54	50	7
10	81	1	59	74	69	25	53	23	80
28	27	13	55	88	6	40	29	83	39
86	26	41	5	34	88	3	53	22	51
69	37	49	79	67	86	21	16	57	88
68	30	66	1	6	13	41	11	24	50
28	75	16	36	43	57	71	29	46	13
2	32	31	51	46	33	64	57	13	80
4	32	31	44	85	77	28	20	22	43
45	62	53	19	84	61	36	64	74	47
25	89	77	8	27	49	80	59	57	10
81	26	43	10	39	71	24	6	1	80
68	48	32	73	62	17	70	18	60	65
17	34	52	36	71	55	3	84	18	15
24	31	44	27	70	72	47	76	57	42
73	88	64	57	82	31	81	55	21	69
42	5	21	62	60	68	44	7	74	26
52	1	36	9	15	41	33	47	20	57
18	2	88	56	31	58	13	85	83	24
26	12	34	8	48	75	54	63	13	23
73	44	30	34	17	74	8	79	21	86
71	87	15	30	13	79	43	40	69	12
4	64	51	66	33	7	24	14	46	1
38	90	42	44	6	13	18	81	1	72
62	49	74	85	57	11	63	53	18	69
40	30	21	77	68	81	48	49	41	66
45	24	43	37	75	54	56	60	52	13
50	19	62	43	24	17	82	7	87	73
46	67	47	89	83	34	73	59	81	40
90	52	13	44	15	12	31	39	35	40
35	60	48	19	63	6	62	86	17	83
19	83	30	31	59	33	66	57	65	32
17	1	34	50	11	47	68	9	86	69
62	12	63	65	47	55	26	85	15	25
44	54	10	4	24	50	76	34	3	77
38	72	34	67	44	80	23	41	26	37
69	24	61	36	90	82	16	38	2	35
70	72	83	69	33	89	67	66	1	41
87	48	10	45	4	78	47	46	59	66
26	67	19	21	81	44	59	2	15	5
86	31	3	49	61	28	73	10	50	48
22	58	13	76	68	65	53	79	71	70
56	37	42	79	44	74	83	66	82	29
39	74	27	48	66	14	3	52	30	83
31	2	58	36	87	26	1	18	49	53
53	59	43	88	18	13	12	30	80	17
64	15	12	6	67	18	35	23	61	65
82	38	36	7	15	39	24	42	89	21
5	36	47	86	6	18	28	49	67	75
37	48	29	87	76	4	23	3	47	31
71	69	47	14	41	21	31	75	16	12
1	87	39	62	83	66	55	42	4	58
31	70	65	44	47	67	74	4	51	87
38	14	3	5	80	47	55	4	10	35
28	46	53	1	22	45	11	38	21	65
23	86	66	57	51	87	53	84	14	32
71	21	60	57	8	79	51	68	74	59
47	38	24	14	89	73	16	12	57	39
37	11	4	74	41	21	15	34	7	72
31	79	46	88	52	63	22	82	2	43
21	60	89	63	79	82	35	18	64	51
3	87	25	31	52	1	41	22	33	7
25	31	28	32	20	3	69	5	76	73
79	65	51	90	49	89	69	39	62	64
42	6	11	47	19	20	62	76	87	38
12	5	66	34	28	8	77	42	55	82
14	54	25	20	78	63	38	62	85	70
25	78	37	65	15	29	66	24	26	71
55	18	66	39	17	27	65	31	58	86
69	17	65	34	6	47	4	73	58	13
84	34	18	24	52	9	28	75	12	79
80	28	71	77	65	43	5	48	37	1
20	57	35	84	9	72	25	22	65	45
51	55	80	2	52	59	70	16	21	67
86	6	20	21	89	90	29	35	49	11
76	89	59	12	35	8	65	79	26	58
8	24	65	59	17	33	87	74	4	19
2	90	19	57	38	71	15	64	55	83
57	54	48	65	85	51	21	10	43	86
24	51	16	90	68	13	62	29	53	1
72	66	2	42	60	10	28	44	53	67
84	7	75	65	77	48	74	4	79	52
51	68	19	66	34	45	39	80	59	20
17	55	33	48	41	13	19	67	51	54
51	85	84	48	44	2	76	78	5	13
53	70	22	25	30	68	38	4	32	80
6	36	47	62	74	28	20	1	14	51
71	86	42	43	40	35	61	55	16	7
41	57	87	67	52	51	33	55	26	53
41	2	61	40	62	33	21	17	47	69
77	3	90	49	35	64	84	48	1	55
50	27	84	4	60	3	49	33	5	7
74	8	67	63	66	4	69	84	48	44
20	39	80	38	81	18	66	63	68	88
55	4	43	75	62	52	86	10	70	77
83	61	35	19	16	1	59	60	78	90
78	6	61	19	57	53	50	18	11	76
71	76	61	57	33	62	87	9	30	89
16	29	77	85	41	18	79	10	47	87
68	71	4	35	75	41	5	87	38	78
34	89	38	15	36	31	59	85	42	47
28	21	39	18	37	41	7	58	24	17
49	16	7	14	51	88	38	78	53	8
49	38	14	78	30	41	23	72	63	69
6	1	76	65	47	84	4	22	28	74
84	40	33	45	15	58	77	35	79	80
85	71	1	43	23	46	69	3	28	75
72	38	64	51	45	53	33	88	70	86
6	57	75	42	67	26	27	12	5	46
30	55	61	43	63	77	4	73	28	51
51	1	56	49	45	48	23	2	41	8
7	24	20	86	55	15	58	35	34	77
28	9	25	39	22	79	63	37	11	18
5	10	45	71	64	27	77	39	85	59
29	5	87	84	28	3	55	24	59	31
6	70	22	28	54	55	33	12	69	78
69	63	80	38	60	13	51	90	10	25
71	55	83	51	11	21	66	87	60	82
89	6	18	61	23	76	75	88	17	16
89	15	56	76	85	34	65	6	67	31
73	37	33	47	51	84	48	41	15	50
25	37	83	70	79	72	61	8	10	18
25	73	16	84	54	46	66	48	62	17
60	25	13	72	46	68	14	65	31	34
89	9	27	36	51	41	39	68	19	15
60	29	11	40	12	6	18	8	54	74
46	84	65	66	5	89	69	24	87	32
33	36	75	61	26	8	60	73	53	15
56	71	64	72	42	79	70	59	22	13
7	68	54	67	23	35	31	48	47	8
34	55	83	62	5	38	58	40	12	24
6	9	31	19	69	33	77	82	35	7
83	5	32	89	61	73	48	64	29	16
50	16	55	41	90	1	17	75	73	24
6	43	34	35	87	4	49	90	57	40
84	86	67	17	32	58	54	9	33	1
42	24	59	37	7	12	19	39	70	55
46	83	35	60	42	70	44	19	7	28
67	48	66	32	29	83	79	70	53	45
40	9	80	14	17	43	58	21	81	45
13	87	84	55	48	40	90	38	7	17
13	28	47	79	19	9	3	31	29	90
44	2	50	24	10	67	22	64	28	9
50	16	46	73	8	15	34	20	81	80
67	40	1	37	90	16	23	10	50	17
72	62	9	24	71	29	66	39	36	22
38	83	43	32	46	40	65	24	17	6
31	62	76	70	86	50	59	55	11	24
56	62	16	88	80	71	40	5	89	7
47	54	36	53	76	5	7	40	6	63
75	9	50	39	24	57	42	81	70	6
19	39	74	55	77	85	32	13	36	6
79	33	19	31	68	88	73	8	55	38
17	60	40	21	12	34	44	84	36	9
22	6	55	87	28	81	47	24	50	83
13	5	14	86	63	53	24	43	79	48
85	63	73	44	8	59	74	39	18	50
13	87	84	22	78	24	27	60	19	72
12	65	17	40	15	22	44	72	2	73
48	33	17	45	16	69	22	38	76	71
51	76	59	13	17	4	74	72	67	65
50	77	43	85	38	31	3	29	68	87
40	22	31	29	26	7	76	10	30	23
37	55	2	83	46	44	21	38	17	66
35	7	85	40	45	37	1	72	29	31
50	83	76	2	6	22	11	80	23	79
20	35	58	13	24	72	80	16	64	33
32	58	46	34	84	12	64	56	44	27
39	85	37	49	8	19	87	35	25	70
63	8	62	24	35	48	50	4	68	80
72	9	48	83	31	68	13	74	29	65
65	9	10	4	29	60	18	23	41	31
85	20	19	25	65	40	3	31	87	36
6	42	85	87	56	78	16	31	61	67
67	32	3	56	25	53	12	49	51	64
28	16	3	61	63	35	9	48	54	50
3	52	89	23	18	36	24	43	81	55
26	20	54	49	41	6	65	9	19	68
2	43	23	26	30	45	19	8	61	15
57	13	5	74	62	10	28	72	34	39
61	46	84	26	40	29	3	66	47	70
19	84	17	56	72	36	51	30	65	88
70	83	20	22	14	71	1	45	24	54
76	20	90	69	75	24	71	73	50	35
13	76	42	70	3	28	33	73	16	2
76	19	68	84	79	43	13	9	36	48
55	88	63	61	67	16	12	44	34	71
65	63	70	58	83	30	11	44	35	40
38	2	86	79	69	68	36	35	47	53
30	37	18	12	48	64	23	87	66	19
27	56	67	9	21	68	39	66	30	44
45	51	90	46	44	2	55	67	47	17
55	25	12	69	83	18	74	2	79	88
29	35	27	64	69	54	26	47	50	82
46	5	61	29	53	15	34	77	1	89
84	4	63	37	89	28	68	8	79	86
34	65	76	2	70	10	48	44	24	68
28	44	48	26	68	30	39	88	40	74
4	60	12	83	37	67	22	36	75	33
72	24	64	86	22	56	18	1	21	84
83	23	68	27	70	19	6	13	80	44
1	27	17	55	33	52	11	51	42	90
3	41	1	56	12	84	49	69	31	52
25	12	43	81	44	10	21	33	60	48
31	28	60	56	85	47	33	4	35	1
78	67	57	80	1	40	27	24	48	39
14	2	46	15	88	38	64	40	37	69
37	90	61	15	87	46	23	34	33	75
43	89	5	81	32	35	45	61	84	40
40	53	31	57	9	11	21	75	79	47
16	11	55	65	73	75	43	69	9	62
85	80	52	73	77	62	66	22	47	70
17	78	49	45	40	57	29	63	51	32
80	32	5	31	42	85	7	37	89	48
54	46	73	24	84	36	81	57	27	78
5	64	1	9	76	17	6	84	55	66
41	62	12	56	25	50	5	44	15	14
9	2	7	88	35	39	65	70	86	23
84	21	12	45	50	42	65	69	17	75
9	30	2	25	50	36	45	19	33	16
87	20	44	33	39	17	56	83	16	78
78	27	28	36	39	60	31	1	6	70
48	3	56	28	30	1	21	20	76	61
38	2	60	12	83	36	25	35	29	23
8	54	6	87	34	39	2	22	15	63
33	90	9	52	70	16	48	34	57	31
43	85	27	22	4	60	23	53	44	51
21	51	44	53	28	14	50	42	77	6
56	28	47	11	82	12	75	65	41	85
37	6	79	66	78	15	17	61	48	83
28	69	51	32	64	59	76	40	85	43
26	17	18	58	41	67	48	14	44	56
6	46	65	17	84	86	43	78	9	61
44	88	43	34	78	7	75	37	29	90
36	50	45	79	38	41	34	26	66	87
2	36	79	7	24	58	78	41	56	64
90	80	11	59	16	65	73	66	25	47
65	59	8	3	85	67	9	16	63	66
88	49	26	43	24	28	35	13	27	45
47	86	37	44	54	78	13	43	40	9
88	49	79	84	56	74	73	57	8	28
66	74	88	19	89	42	85	21	40	16
32	51	16	14	44	81	52	69	72	41
43	51	10	9	81	19	40	54	3	83
20	44	4	82	37	26	22	79	3	80
33	43	30	6	55	76	16	50	15	37
4	67	56	90	57	55	79	12	34	41
7	20	12	18	36	32	59	61	38	82
74	37	78	21	24	48	87	67	83	62
79	49	80	15	26	40	86	10	73	60
28	73	80	43	14	22	41	9	72	34
63	23	65	33	50	22	73	24	85	66
31	89	35	34	80	59	50	38	88	67
32	21	54	18	43	79	83	15	52	24
34	39	15	27	52	77	35	22	36	74
41	70	75	8	63	38	42	67	76	16
44	8	66	28	57	1	53	43	22	16
5	20	31	65	3	88	1	35	26	86
76	18	14	59	69	9	68	60	28	48
25	3	88	20	4	5	34	84	43	66
12	22	72	50	84	52	64	65	63	8
35	31	70	82	48	47	44	33	57	41
80	38	48	84	90	43	73	30	55	22
39	40	87	83	35	24	37	72	12	45
2	8	82	77	57	72	61	27	33	15
25	10	11	17	8	34	21	81	67	83
57	49	9	1	38	37	43	26	68	72
40	39	63	84	13	49	2	1	86	33
10	45	86	16	37	56	68	24	14	47
77	54	8	86	48	28	85	64	27	2
46	75	83	25	45	40	71	69	18	37
21	90	65	7	70	68	55	12	54	48
83	84	25	21	20	6	27	58	17	2
52	30	39	11	76	59	90	14	5	34
65	76	67	83	52	89	25	42	51	84
20	25	84	61	66	78	41	35	76	34
81	67	5	20	45	65	41	86	68	76
1	51	42	4	40	90	19	6	83	86
65	36	76	69	33	67	7	27	19	9
39	63	12	33	69	34	15	57	27	90
26	55	35	34	85	89	13	22	57	66
46	28	89	4	12	61	52	67	84	40
17	10	21	9	83	55	31	86	63	42
21	1	14	39	44	74	3	8	19	36
24	43	12	15	85	14	34	75	68	45
12	24	20	64	6	54	36	13	80	68
85	65	2	83	43	6	40	45	1	88
88	2	25	75	81	71	47	43	34	85
72	4	54	63	88	23	81	74	36	64
19	83	68	73	89	55	8	28	15	4
49	24	85	9	21	10	38	61	68	18
77	86	32	60	65	45	38	18	67	68
60	18	25	41	62	85	42	80	34	77
1	64	72	25	57	5	75	66	71	60
88	5	89	72	9	69	45	13	86	25
34	85	2	66	17	83	62	39	6	75
32	53	19	5	55	18	64	77	10	52
31	42	4	80	58	20	36	22	72	43
24	51	82	83	88	44	9	62	72	11
48	15	43	18	5	73	12	82	49	70
26	45	52	40	18	55	15	57	11	34
18	87	6	15	34	90	89	69	60	81
68	19	13	72	29	45	63	18	11	70
32	17	22	29	63	6	48	33	5	74
33	14	39	80	21	55	83	15	44	90
18	56	2	57	45	9	13	78	75	23
74	45	80	32	90	6	31	5	23	12
86	53	84	47	3	89	45	41	16	34
30	54	31	71	18	14	19	37	68	47
54	57	40	29	43	11	48	90	14	30
40	54	48	69	78	83	42	49	52	18
80	42	63	45	41	21	18	90	86	39
5	61	17	34	38	37	80	45	86	85
87	5	2	41	39	46	50	55	27	83
14	29	22	82	28	26	54	88	56	15
38	43	56	4	24	59	12	19	75	52
23	61	2	11	82	25	50	53	86	21
49	87	78	74	16	54	66	85	86	59
83	79	41	17	5	65	62	40	37	56
72	5	58	44	66	26	14	86	42	40
44	36	46	7	45	31	48	14	69	24
75	5	73	56	57	9	23	47	28	58
31	33	55	47	64	84	66	39	5	83
37	82	44	76	49	2	86	13	72	70
66	36	14	40	42	89	6	75	55	86
68	18	84	42	44	89	54	29	28	81
50	31	3	8	14	86	62	27	5	76
32	57	72	56	3	33	55	16	21	85
72	58	36	80	45	81	77	61	55	47
33	53	32	47	71	82	42	41	70	25
8	79	41	23	89	64	83	32	68	37
62	83	7	58	27	16	35	4	73	74
62	57	53	89	63	70	14	75	78	25
43	86	28	63	42	85	14	54	1	71
70	72	18	2	76	45	24	69	84	42
48	61	7	85	70	50	90	62	15	57
75	43	32	47	64	23	51	85	27	3
3	13	57	19	66	37	21	38	52	58
68	30	22	72	25	74	32	13	64	8
33	81	70	5	14	71	64	26	17	12
77	7	19	30	41	38	39	51	28	61
16	1	82	45	46	28	55	65	35	17
89	37	32	9	87	12	78	22	30	79
6	47	63	29	81	30	84	53	42	17
88	42	79	48	46	52	64	4	12	77
70	28	77	84	67	83	88	3	69	57
67	14	84	24	85	12	54	32	73	57
83	44	39	55	12	28	47	31	74	86
68	7	6	59	23	20	62	8	45	54
74	19	76	75	80	84	23	32	55	1
14	37	78	13	47	11	65	18	80	51
84	40	87	80	82	3	71	35	23	16
54	86	34	52	37	67	10	26	59	77
48	57	26	7	69	70	44	68	84	38
86	1	33	35	17	8	30	18	59	89
46	31	86	88	33	53	84	71	39	34
71	35	33	74	34	30	11	53	23	72
31	43	8	75	32	52	10	9	46	35
86	29	26	90	63	41	47	52	77	1
68	69	74	58	15	50	64	79	14	27
70	25	9	41	13	75	3	19	54	64
70	36	43	51	46	50	33	37	12	15
8	87	61	62	64	20	49	29	4	31
64	24	88	3	70	10	19	28	58	63
85	38	83	76	22	47	54	31	71	82
15	33	50	59	47	86	2	36	66	90
63	30	59	4	75	46	17	18	80	39
63	68	44	61	35	31	20	64	80	78
25	46	17	90	57	36	20	66	72	26
65	37	56	55	87	8	10	3	51	16
23	59	48	47	72	30	87	26	56	22
19	57	14	37	85	16	87	4	25	22
31	12	35	76	3	61	24	47	18	48
74	39	66	30	49	52	19	82	29	75
28	66	85	80	71	12	47	77	2	25
39	76	70	38	40	50	84	89	25	57
36	62	65	46	74	57	24	47	80	82
79	74	49	33	61	37	18	36	89	64
90	26	51	36	31	35	68	83	49	39
85	53	79	16	81	30	41	75	42	21
57	50	47	23	44	5	4	54	83	80
56	39	32	41	37	72	38	66	31	9
39	75	82	48	29	36	66	11	44	55
85	58	14	72	71	51	33	7	67	23
17	85	90	80	66	20	24	25	19	13
64	79	82	63	58	81	29	13	38	31
71	81	75	58	29	41	44	64	19	38
61	77	11	4	16	34	78	44	40	14
38	33	4	57	21	78	30	24	73	50
72	25	18	23	31	55	73	5	6	76
56	34	57	4	30	70	49	11	14	17
76	45	81	13	18	39	6	60	73	75
76	28	47	61	13	85	9	36	10	35
40	71	80	47	51	67	53	74	43	27
17	52	72	21	24	63	37	15	76	29
69	40	5	6	12	82	39	88	18	58
2	72	40	90	44	1	70	53	32	81
61	77	9	80	18	60	52	48	84	29
10	43	67	66	12	72	56	50	88	30
63	62	54	38	46	77	50	66	31	9
13	62	84	5	32	25	48	89	87	50
46	13	61	29	58	30	65	43	28	8
57	73	79	60	26	67	46	11	74	49
68	14	38	40	33	58	75	86	74	16
79	25	35	20	18	59	46	67	2	50
85	83	25	17	26	46	79	68	66	57
10	37	56	64	50	25	59	53	29	90
72	55	73	8	18	66	21	69	79	35
45	86	19	77	25	87	28	5	42	48
23	25	38	65	75	74	19	41	22	27
7	45	80	74	18	64	67	30	59	21
7	80	78	24	86	33	71	37	72	49
54	14	74	89	57	1	9	52	35	90
36	52	74	32	2	69	46	68	80	49
39	58	44	33	47	50	74	82	48	19
53	71	61	50	78	74	40	34	42	60
16	67	6	49	4	70	80	54	60	61
46	79	28	76	7	77	31	58	25	44
65	23	24	35	81	1	82	40	2	56
9	71	35	38	62	49	6	81	63	19
20	12	45	62	24	89	86	64	28	87
33	36	43	34	49	74	44	14	89	16
76	40	60	89	41	24	64	74	90	39
47	62	25	34	84	14	59	23	21	35
79	41	22	36	67	30	68	19	71	44
55	22	48	41	9	32	3	44	53	54
7	34	49	33	61	63	8	64	74	59
87	1	66	42	64	33	38	47	74	2
46	40	79	88	36	85	60	31	49	73
30	21	22	43	79	46	33	37	16	62
54	18	29	10	63	40	22	48	61	56
83	8	76	63	58	81	19	16	7	82
78	26	46	60	72	62	11	20	17	88
29	41	3	43	87	37	32	70	39	17
72	88	5	2	44	39	87	1	90	24
76	70	15	27	35	39	87	1	90	24
17	81	2	26	3	22	28	84	1	58
14	2	64	48	28	1	9	73	7	41
5	29	75	42	45	73	90	3	87	38
26	49	27	75	66	4	45	50	58	89
29	69	34	40	65	1	78	86	60	42
48	85	1	13	52	81	6	49	39	14
53	30	82	66	27	50	86	43	58	11
25	43	86	81	40	54	85	46	56	58
69	25	67	4	76	43	22	71	6	17
60	34	47	61	44	32	72	39	19	66
64	70	12	43	40	50	76	14	87	19
28	66	89	72	31	3	18	16	1	67
50	78	12	62	18	44	5	77	61	83
63	33	5	43	44	13	19	24	78	22
90	6	65	20	51	28	39	10	81	33
56	28	74	3	44	23	66	19	68	60
30	24	72	52	22	28	80	87	64	10
88	72	25	41	46	49	23	77	7	39
38	17	63	73	18	37	77	1	49	68
78	28	69	15	7	18	76	20	44	1
13	75	4	32	27	42	58	3	43	38
69	24	81	82	47	21	43	61	86	22
27	8	22	13	34	11	43	44	65	48
59	38	1	54	41	3	35	67	58	79
8	34	43	58	65	6	55	42	64	59
40	28	47	13	5	57	71	90	20	16
29	30	65	7	6	53	85	61	23	20
71	12	90	31	46	84	70	86	66	26
28	24	64	30	27	3	52	76	72	57
89	2	86	58	47	37	82	25	76	7
5	71	29	44	58	35	33	28	46	53
48	37	67	22	85	62	49	14	50	19
71	50	45	29	69	47	85	86	66	14
84	3	37	51	90	12	13	63	69	7
30	55	12	79	86	16	52	41	75	37
20	62	50	34	45	88	58	7	60	38
82	50	27	15	80	64	39	16	45	71
71	2	88	25	56	41	17	11	53	55
72	8	67	57	83	88	90	32	26	54
57	32	82	27	34	70	7	58	59	24
70	55	88	16	68	59	53	1	9	40
20	62	36	51	39	83	63	21	44	82
9	62	28	40	33	61	79	64	53	50
39	36	33	50	59	41	7	9	56	60
53	57	18	16	30	21	63	29	76	61
23	32	42	8	66	1	87	48	7	45
56	38	47	71	75	33	35	36	14	11
26	77	73	29	27	23	50	55	75	89
35	54	76	29	88	55	72	38	65	9
85	3	86	22	68	21	35	44	18	7
64	67	85	73	82	6	44	1	77	57
36	21	17	11	29	89	38	82	85	15
33	85	42	68	5	44	43	34	87	15
28	9	6	59	4	71	85	24	86	15
71	56	87	79	80	22	8	40	81	73
38	37	87	34	52	8	39	1	23	27
62	28	90	75	14	76	18	29	79	45
75	32	1	61	69	73	22	51	8	87
23	42	88	30	4	90	20	16	13	29
16	35	85	65	42	33	1	7	59	10
74	78	27	76	53	70	17	72	80	34
9	49	35	18	52	70	83	19	58	74
10	60	81	72	14	35	3	83	45	11
87	75	45	42	8	24	82	86	58	73
29	73	55	22	62	25	51	50	69	42
4	90	43	16	75	34	14	40	9	2
53	39	32	54	37	42	8	31	11	49
15	2	59	69	31	4	14	62	29	18
75	36	79	56	9	20	72	46	29	50
6	88	74	64	16	59	66	58	77	25
72	53	66	45	10	13	79	33	37	32
73	41	57	20	24	58	23	75	31	37
35	43	81	50	9	12	87	47	2	54
4	24	11	82	23	42	76	64	57	43
49	64	16	82	25	29	23	34	18	69
74	23	48	15	63	44	19	75	42	87
40	62	1	37	69	87	51	18	4	21
77	49	2	34	14	80	6	79	48	47
70	82	8	38	44	22	17	36	39	65
68	28	71	77	27	70	12	67	83	63
81	74	60	32	59	39	31	9	80	1
42	70	37	65	68	62	33	84	24	40
21	72	57	90	60	71	39	9	48	42
12	47	35	15	34	76	79	26	6	67
61	50	54	59	70	46	33	51	88	79
74	89	83	24	71	53	26	27	72	43
25	85	41	45	4	63	17	20	10	34
34	8	41	72	24	40	74	26	52	73
53	51	23	85	43	65	83	33	58	2
3	45	85	26	11	7	23	76	84	68
4	39	6	24	12	2	51	61	29	44
15	87	59	48	24	71	58	14	77	62
81	83	44	31	6	60	82	85	77	18
21	68	27	52	87	73	63	32	64	80
24	29	14	52	72	16	85	60	68	51
65	52	24	5	37	1	46	72	62	22
62	64	21	74	57	63	28	70	41	45
25	29	15	71	49	37	40	38	77	7
72	83	5	23	13	21	85	2	36	86
16	59	48	80	3	55	26	50	67	53
29	18	46	86	14	84	56	70	19	13
68	9	24	10	48	15	59	16	75	26
14	79	31	9	56	2	41	38	58	66
56	87	85	77	57	19	30	10	1	11
75	69	62	38	15	22	35	24	59	56
88	39	1	51	35	34	56	28	31	59
27	82	62	79	46	18	70	72	40	44
43	6	48	22	80	29	38	83	87	20
5	54	72	20	71	45	61	74	90	36
68	85	22	83	88	65	76	15	49	29
7	59	69	80	39	17	16	79	11	48
54	16	15	73	28	86	35	8	19	58
73	53	24	83	5	1	76	59	70	12
55	77	23	78	60	53	45	27	83	34
90	53	44	71	10	66	55	12	52	49
72	8	47	3	14	87	32	88	11	36
6	72	71	69	68	23	46	11	44	2
37	59	64	87	16	65	54	82	26	43
37	21	88	65	28	34	62	32	50	87
43	85	84	12	25	66	5	73	89	81
87	11	85	51	59	20	23	25	44	58
49	34	60	57	54	39	17	77	38	18
23	22	13	14	87	44	63	41	82	4
88	58	21	14	79	4	23	77	29	49
3	43	82	68	52	34	50	23	39	59
21	83	72	49	2	50	46	88	47	28
38	80	77	44	3	60	21	33	24	72
56	84	25	31	46	60	61	54	34	80
75	46	62	29	4	57	54	45	18	5
50	9	26	61	65	36	71	73	47	32
62	1	37	69	81	64	76	54	34	15
56	62	71	78	55	18	83	87	31	9
76	7	78	80	18	89	56	64	29	38
42	49	6	81	74	65	31	23	8	14
66	23	7	80	72	1	15	26	86	57
39	78	2	15	26	83	19	21	9	52
72	30	45	77	78	63	25	46	19	84
10	40	54	47	66	11	20	57	56	27
70	62	81	87	12	84	52	61	32	88
24	18	79	85	29	27	15	10	59	25
38	22	14	56	74	23	47	17	53	5
18	89	21	52	34	41	8	65	80	69
85	28	61	22	68	25	45	13	40	73
49	18	3	14	79	69	63	17	90	76
3	77	41	62	51	10	57	53	32	47
6	9	85	4	43	29	90	13	63	2
28	20	12	23	60	82	29	81	27	74
50	30	23	71	76	8	56	55	88	83
38	89	64	34	41	40	31	32	87	54
18	9	26	10	80	5	63	35	15	75
7	53	71	90	50	28	18	14	89	56
73	24	71	2	3	44	75	6	90	19
74	84	34	79	65	38	6	35	3	54
1	23	57	82	86	22	81	48	43	38
40	49	37	24	7	25	35	10	30	48
37	77	41	17	83	8	51	16	64	7
25	34	15	87	77	31	3	2	52	24
71	8	20	89	60	80	23	3	79	45
66	56	5	84	28	15	25	38	83	18
47	45	88	4	49	75	40	20	79	3
32	46	23	3	27	47	74	73	39	41
23	46	49	67	37	13	88	9	72	71
6	22	49	34	39	1	35	64	86	41
9	46	53	80	22	69	3	86	56	59
81	31	4	56	47	85	32	88	17	7
81	53	13	37	52	67	16	57	61	27
2	28	48	62	56	63	47	10	50	57
2	85	39	73	42	87	28	81	52	59
33	48	79	7	68	22	25	84	39	59
29	23	86	4	60	2	61	1	32	12
79	12	33	59	62	23	85	47	63	7
15	27	88	10	41	51	49	5	6	74
82	27	84	75	90	54	34	63	15	37
41	73	58	60	11	77	20	88	21	33
75	21	23	3	67	36	25	79	63	32
46	24	2	66	12	36	85	80	3	32
15	85	38	59	78	8	54	30	9	31
33	72	38	4	87	76	58	42	56	44
65	12	35	69	62	17	14	51	23	87
8	47	31	59	33	18	32	78	5	21
31	60	65	9	72	12	41	22	36	68
9	15	72	6	64	7	35	79	39	71
30	2	67	64	88	49	70	9	86	59
45	73	75	62	31	16	9	60	59	66
86	14	7	62	82	49	83	4	25	5
82	31	25	39	21	4	62	86	29	13
42	65	12	22	7	51	60	29	24	1
42	65	38	44	81	60	20	84	27	49
29	77	37	23	47	22	66	48	90	5
81	42	7	64	10	40	41	22	29	27
75	41	3	82	8	36	48	71	25	53
13	78	66	43	16	7	68	85	21	35
11	12	8	83	82	59	47	58	36	86
23	65	44	28	69	60	70	46	17	79
80	59	42	62	85	26	9	47	16	88
70	57	18	85	66	25	31	72	29	52
54	30	63	23	71	67	88	6	85	78
11	28	65	54	4	85	64	57	35	17
43	13	82	75	64	56	12	53	50	60
32	15	20	8	81	51	24	59	28	31
77	10	74	14	4	49	78	39	33	88
20	52	63	15	81	75	12	25	14	9
5	89	43	26	71	78	57	42	25	69
27	3	52	24	82	61	53	74	9	49
6	59	3	40	67	35	18	86	80	64
15	77	60	23	31	5	64	14	62	30
83	37	12	69	78	15	19	56	11	87
82	81	29	45	6	15	27	40	53	26
27	39	80	58	35	88	5	37	44	6
13	41	33	35	46	45	12	51	84	26
43	64	39	59	10	23	30	71	42	78
66	3	89	18	58	28	36	65	6	29
11	82	71	7	60	13	19	75	31	86
74	46	49	61	37	18	88	2	80	57
27	63	4	31	9	35	79	38	19	51
58	41	6	47	37	7	62	72	21	16
6	24	38	87	90	40	89	30	13	73
63	84	15	7	23	52	83	24	14	20
16	76	68	84	71	1	20	48	25	62
11	30	4	43	12	22	17	38	77	26
14	73	85	42	38	53	29	10	28	59
61	24	8	71	33	28	57	11	40	56
35	55	26	3	47	68	61	38	62	58
31	14	47	70	21	75	66	3	7	90
23	37	67	5	85	35	62	44	59	21
56	23	19	76	61	86	41	3	88	6
74	39	8	70	58	55	69	61	66	60
5	53	9	23	30	88	48	38	79	85
2	12	86	53	30	54	82	11	9	40
73	69	17	36	39	89	80	9	47	53
16	63	2	24	57	33	90	27	9	21
52	13	41	46	80	61	27	25	75	22
27	78	81	89	16	24	53	6	68	63
28	9	75	81	59	15	55	29	44	84
23	2	84	62	80	16	14	46	27	10
88	3	71	52	46	20	79	59	10	66
16	74	5	13	35	76	77	66	47	25
73	33	30	4	10	82	28	43	15	75
39	4	72	52	13	3	86	49	15	84
6	28	4	45	87	11	73	31	84	76
42	14	2	69	75	40	64	61	41	24
66	5	20	71	82	45	6	51	89	65
23	3	29	57	49	51	39	66	71	65
74	37	2	86	88	87	1	22	47	70
18	90	34	12	88	13	41	1	39	59
28	3	17	37	84	67	51	14	76	30
28	4	85	8	32	63	1	64	14	83
3	53	67	42	38	46	41	75	48	63
20	13	74	8	83	46	54	61	18	58
86	67	15	31	37	63	2	46	40	27
16	53	25	68	2	70	37	18	75	26
6	88	56	9	75	84	14	45	10	51
55	23	52	83	17	32	80	70	35	40
75	12	59	3	45	49	64	43	23	87
83	61	90	27	44	23	7	48	10	42
28	1	47	14	53	74	67	20	39	60
5	39	57	62	25	73	36	24	66	75
30	56	79	81	14	59	22	39	23	45
31	35	79	83	6	29	20	28	58	27
24	36	45	20	52	87	49	54	50	80
57	41	18	64	6	74	79	76	20	69
16	50	6	35	71	3	30	31	88	37
83	54	26	4	77	87	41	79	89	76
51	28	12	43	2	57	72	21	13	40
3	68	8	77	36	74	41	63	29	57
61	38	6	22	85	75	54	9	19	7
42	1	35	3	64	8	45	88	6	37
36	33	15	4	18	61	37	6	76	2
22	30	78	53	68	88	79	10	7	51
28	71	55	62	25	42	8	75	45	67
29	25	15	14	81	66	24	3	58	1
8	29	12	32	58	39	84	63	68	66
18	55	73	70	27	74	76	82	7	29
12	56	39	27	33	18	23	37	50	45
62	90	77	31	82	54	33	9	70	59
70	84	66	18	35	16	13	21	76	4
67	70	48	41	1	73	43	89	2	8
62	28	30	16	2	4	75	88	8	26
31	82	77	78	85	41	83	20	67	69
71	88	48	5	1	9	17	31	37	11
24	18	58	45	71	67	52	13	36	42
42	14	16	23	29	60	59	34	73	32
5	52	68	42	6	8	23	55	79	84
4	89	53	45	82	42	50	22	13	1
72	49	28	7	47	39	67	50	20	60
7	32	55	40	38	37	71	27	80	63
3	62	85	78	76	41	61	47	9	89
78	14	32	54	17	45	9	70	79	19
51	24	13	73	65	22	28	19	37	60
41	29	1	88	66	9	30	89	54	64
74	14	7	83	62	3	22	86	46	44
11	27	48	74	37	58	54	56	16	86
43	71	22	63	31	67	61	2	90	82
68	5	82	18	53	19	7	32	42	51
11	34	59	18	3	67	89	88	62	84
10	24	47	51	72	85	79	73	88	46
87	82	13	7	60	11	74	66	9	33
21	36	3	42	30	20	56	26	52	63
81	27	40	64	36	61	1	88	35	82
60	3	21	29	74	78	14	72	31	68
47	31	6	11	57	76	68	84	71	8
7	35	24	57	43	47	72	65	46	17
5	63	12	45	86	40	20	8	26	23
11	24	8	89	61	48	28	26	84	22
56	32	27	48	71	50	12	10	22	49
6	82	46	36	89	56	74	35	37	25
77	42	6	36	15	70	19	89	2	59
31	15	8	32	50	9	80	2	33	60
71	47	83	62	85	86	84	51	26	8
68	83	30	45	16	64	44	86	35	90
13	1	52	45	57	60	53	50	59	20
38	10	67	7	62	30	89	53	46	21
73	53	25	13	60	33	4	72	36	1
52	3	28	81	49	51	16	10	24	83
56	27	23	64	14	29	28	30	85	40
78	9	55	62	41	39	85	19	77	71
80	70	41	48	37	61	15	54	88	20
75	62	85	4	69	16	76	39	11	63
64	5	80	63	49	27	26	58	76	28
12	44	9	24	83	29	52	56	46	34
73	3	52	34	31	82	66	88	13	49
11	15	69	53	28	90	54	37	14	12
80	52	42	75	10	37	32	89	45	41
80	56	82	73	30	55	63	42	26	52
52	29	1	58	73	87	41	39	84	72
52	15	49	36	21	60	88	35	62	61
80	58	61	13	9	62	27	39	23	31
55	2	15	24	79	74	65	35	82	33
79	68	40	4	58	49	81	41	51	42
28	76	57	9	31	79	16	65	32	61
1	86	53	71	64	78	14	75	81	84
63	74	43	6	25	59	90	82	61	20
16	89	9	38	30	25	32	90	66	18
70	62	34	21	3	24	27	40	44	28
45	8	77	39	26	72	44	75	28	40
51	9	35	70	14	28	40	34	42	80
83	74	89	40	6	79	67	31	78	39
73	27	35	81	1	50	32	70	62	2
34	48	16	85	7	33	15	13	21	25
37	64	42	23	13	71	31	86	68	28
7	62	31	16	75	26	64	58	51	67
27	86	1	19	28	47	61	39	31	11
35	3	56	68	89	69	48	79	38	66
26	4	84	51	34	75	52	62	42	35
66	54	41	20	17	53	70	65	48	78
35	90	14	67	28	79	11	70	32	26
80	56	64	75	15	16	71	86	54	32
37	4	59	18	68	11	87	45	42	27
17	23	2	37	70	48	52	15	24	57
13	42	30	75	9	74	36	16	40	71
20	13	35	81	59	56	62	39	52	44
74	34	42	84	35	22	38	86	58	85
70	6	89	72	36	34	32	90	52	39
32	84	12	13	26	57	74	69	80	36
86	22	12	40	73	57	61	20	37	72
2	37	48	66	83	39	73	18	19	51
89	43	69	60	5	23	39	55	11	51
23	80	71	64	20	40	24	11	66	31
50	38	58	84	77	41	42	23	15	39
35	79	28	51	46	26	21	34	37	45
18	82	5	35	79	58	75	45	40	80
86	57	14	66	33	26	20	11	82	45
53	6	52	20	33	81	28	88	22	62
87	69	70	34	20	13	90	19	88	58
68	16	80	7	76	71	75	57	27	51
28	54	46	2	7	77	68	70	16	22
50	29	66	85	51	23	52	81	83	19
77	28	83	16	9	74	58	61	23	39
41	64	31	37	6	18	84	40	43	11
25	5	73	74	27	34	31	48	81	41
65	74	3	24	58	47	53	87	21	13
64	43	87	62	60	65	59	39	36	73
64	27	10	22	3	34	51	77	83	56
62	3	8	86	52	22	26	54	15	44
90	5	28	75	8	9	35	32	11	80
42	86	18	16	48	11	47	66	46	55
59	80	63	16	34	81	46	26	82	50
44	8	84	5	63	13	17	42	79	43
66	30	47	81	90	33	52	85	58	86
7	31	12	88	83	23	49	34	73	78
65	61	6	86	14	75	47	69	85	29
48	89	73	8	66	64	88	24	3	16
46	60	14	58	84	23	71	83	34	62
30	54	58	81	40	12	19	15	33	85
40	15	87	76	32	7	51	24	52	72
71	40	31	75	60	3	9	83	17	65
47	40	2	53	23	18	63	9	51	82
82	52	56	40	6	43	73	78	23	15
27	79	30	75	68	89	69	90	65	81
30	54	21	80	6	85	87	90	59	5
2	34	83	51	56	50	31	52	20	18
37	78	8	55	24	26	42	70	38	65
4	58	78	11	27	74	6	61	82	16
47	23	81	10	89	88	41	65	3	82
4	60	78	25	90	65	21	62	85	10
21	79	69	40	74	34	22	65	49	58
60	83	47	15	28	64	38	1	36	68
85	76	27	80	3	70	75	90	20	61
38	90	28	57	8	52	18	76	77	26
70	25	72	33	58	27	79	63	9	73
2	4	59	38	89	83	75	23	24	81
62	84	58	37	35	52	21	71	75	51
2	18	52	39	76	38	56	81	14	40
46	76	15	28	50	86	72	22	23	52
8	73	55	81	21	41	59	42	68	65
76	81	37	88	34	50	48	42	53	69
56	59	32	3	71	84	46	88	62	86
33	66	18	85	57	52	73	89	41	83
9	53	56	24	79	27	15	42	41	29
25	48	23	64	59	33	1	10	87	86
64	38	76	19	65	40	46	73	45	20
21	81	44	2	80	16	63	67	15	57
41	8	32	90	65	5	45	29	87	20
79	54	59	10	7	76	64	11	63	24
17	8	70	44	66	3	35	48	72	67
7	82	51	85	45	55	75	5	67	87
29	32	51	40	68	52	6	48	74	5
61	79	25	5	73	38	23	34	43	63
12	84	42	65	1	35	51	66	69	25
53	37	80	14	4	33	30	78	49	90
10	60	31	59	68	11	82	29	8	87
80	53	46	59	21	13	10	85	48	43
45	75	33	48	70	63	79	85	34	80
8	69	52	84	44	19	83	17	57	67
63	74	50	56	60	39	40	51	24	5
45	4	82	31	53	84	49	52	37	24
3	46	30	88	83	15	18	87	60	24
39	41	62	90	7	72	28	26	13	29
32	87	58	73	65	28	24	40	89	81
33	4	76	20	52	51	85	65	66	83
60	27	19	23	77	62	53	68	81	48
58	66	14	38	79	50	84	57	30	32
4	13	51	1	29	34	11	17	61	63
7	42	27	35	5	73	30	75	28	37
71	10	31	88	29	80	82	18	9	8
28	20	62	81	7	52	59	36	37	67
54	1	17	79	44	71	64	10	74	41
61	59	42	73	4	72	53	51	18	39
42	45	88	4	64	59	39	41	46	90
24	9	47	68	56	49	48	83	62	34