59	33	81	24	40	60	31	69	68	27
60	40	45	19	17	73	7	5	53	58
10	62	16	3	79	19	76	34	67	31
64	73	19	28	44	75	55	50	69	20
33	3	86	43	73	49	38	84	80	28
48	32	44	35	41	18	71	50	90	7
58	55	17	7	70	3	2	18	57	39
41	6	38	18	39	37	82	47	80	50
72	10	22	70	16	45	54	89	67	24
10	69	78	80	49	36	28	73	26	7
5	65	3	35	9	59	27	53	28	61
90	43	53	84	10	40	19	51	18	61
89	79	14	25	68	56	4	40	19	63
22	33	53	63	41	23	74	82	56	52
30	61	29	15	86	37	89	8	9	73
78	39	16	83	20	64	51	24	34	48
85	6	29	44	47	68	48	53	73	38
9	87	26	32	50	42	58	35	5	13
68	23	55	48	39	62	82	79	27	44
67	60	46	58	65	44	18	87	55	83
37	61	20	45	38	73	11	5	47	77
84	57	4	58	20	81	5	74	70	59
3	44	2	87	48	8	54	1	28	22
85	67	29	15	11	49	54	34	23	37
78	52	33	26	88	57	8	75	13	72
22	29	49	44	47	4	42	24	87	50
33	47	17	1	18	21	39	50	10	27
25	63	35	60	89	82	27	76	6	67
41	20	81	34	4	44	38	61	22	30
32	66	17	22	59	53	62	23	44	12
80	57	5	11	79	2	61	9	14	39
45	61	24	21	11	4	53	25	27	38
70	23	59	57	2	22	66	86	46	20
46	81	17	36	67	20	77	44	8	11
43	45	56	63	90	39	10	86	53	1
42	8	26	74	36	78	2	75	80	43
63	72	68	74	44	77	61	51	64	8
36	27	51	15	67	49	48	81	68	46
39	56	43	42	65	58	30	63	72	12
14	38	73	69	62	87	29	44	39	90
9	65	54	48	24	20	63	84	3	16
46	22	36	85	84	67	12	62	44	20
28	40	31	61	15	10	86	66	41	14
79	68	17	59	5	52	40	86	83	27
31	72	26	70	2	38	1	74	89	34
25	65	50	13	56	51	89	57	9	60
35	1	65	82	69	88	63	78	70	66
45	11	88	58	87	10	22	34	61	89
13	43	68	36	21	33	39	1	45	22
16	77	37	86	71	4	19	88	23	46
39	52	77	4	15	62	34	75	54	69
50	8	27	82	24	78	65	34	45	25
14	76	29	13	38	35	70	65	30	7
73	14	32	80	41	64	70	19	75	48
26	5	17	62	2	71	15	69	35	90
87	8	74	4	52	9	63	23	19	49
30	66	69	83	12	51	46	85	16	36
52	29	45	72	81	10	79	31	21	4
43	24	32	30	13	72	31	27	86	88
38	32	12	74	41	66	69	25	70	20
74	34	35	29	65	85	8	47	11	80
78	76	31	69	8	16	11	48	53	43
54	17	12	55	4	49	2	8	10	53
27	58	46	71	82	29	28	56	78	88
76	25	54	41	16	43	59	26	57	39
24	83	45	77	37	1	4	62	33	53
58	18	81	8	75	67	38	31	82	57
16	72	58	14	55	54	61	81	66	30
28	23	31	38	66	68	51	1	58	41
58	34	71	43	6	87	61	41	85	5
85	26	76	73	43	27	51	16	80	23
75	66	24	57	65	19	89	56	82	81
38	40	32	46	62	45	17	73	86	10
25	8	22	62	7	63	61	5	24	88
21	84	7	83	59	42	3	38	29	64
38	13	35	4	69	23	54	79	76	42
27	31	7	32	61	72	18	25	71	33
66	27	89	12	44	15	61	6	77	49
48	16	71	76	24	61	41	59	19	69
83	9	40	35	13	54	50	77	23	10
82	17	88	55	36	89	10	1	59	43
74	46	12	84	65	49	17	81	39	19
68	41	43	15	82	76	54	8	84	69
24	72	2	31	60	42	32	6	41	20
84	74	85	59	72	47	78	27	42	52
37	39	25	71	32	10	48	72	49	1
62	68	74	58	45	15	76	29	60	48
23	56	25	7	85	17	24	72	78	84
56	14	53	18	25	27	11	39	32	80
68	34	83	7	23	24	4	65	6	30
66	73	31	88	45	47	71	77	18	58
45	23	53	8	82	27	40	65	69	35
41	78	38	15	26	43	34	5	42	32
22	62	46	12	89	1	74	50	19	44
8	34	57	73	14	31	23	11	17	65
56	12	32	71	68	21	63	26	86	64
85	77	34	27	46	26	28	4	81	2
37	42	38	7	25	52	36	81	69	58
84	75	34	88	38	41	21	86	53	23
76	6	26	27	62	75	34	74	58	18
16	32	64	48	7	18	55	21	59	11
13	31	24	53	85	58	30	72	83	89
53	56	82	22	3	30	29	49	73	47
85	4	22	52	43	34	28	31	37	32
54	29	78	81	83	42	65	12	28	58
75	78	68	3	80	44	61	7	45	79
8	56	21	41	27	80	9	40	33	12
69	68	84	83	13	48	18	77	72	17
25	45	84	67	80	28	32	13	17	87
66	9	43	81	28	82	10	48	78	5
21	63	80	42	64	65	67	88	29	83
49	55	68	12	82	41	73	59	90	56
83	45	7	21	17	81	49	4	14	34
28	67	13	24	40	32	56	19	73	50
29	24	33	43	39	50	28	51	44	69
70	71	84	46	57	69	73	16	68	64
23	59	6	80	16	67	85	87	41	37
26	90	58	42	27	16	55	61	34	9
5	58	78	52	70	74	53	65	33	24
17	32	74	43	56	73	34	82	90	36
9	28	60	21	75	12	43	66	68	30
59	83	84	55	8	38	76	46	31	70
70	75	78	89	29	17	27	7	54	39
9	74	88	31	34	50	41	81	67	48
44	36	85	67	47	87	27	77	41	83
70	55	82	46	52	54	48	58	64	63
34	90	66	20	47	23	26	43	30	8
41	7	72	58	62	30	26	90	25	75
12	65	84	55	39	33	56	2	75	18
80	23	61	59	48	83	25	31	56	16
29	85	21	34	14	10	49	70	60	38
42	27	81	72	79	38	85	86	69	60
5	45	37	61	12	2	81	79	88	80
31	39	63	42	41	86	30	35	56	49
9	77	83	8	67	76	70	79	81	31
84	23	29	58	47	36	63	33	32	31
21	65	73	22	6	10	61	84	48	34
69	8	22	35	7	17	28	57	5	6
82	66	32	11	2	12	14	4	54	47
43	81	56	78	17	36	74	86	57	51
6	33	41	55	13	49	81	32	50	43
23	74	54	42	37	25	84	21	79	60
15	57	6	28	48	79	82	34	55	77
1	59	85	88	40	56	83	42	84	31
53	69	70	72	89	77	36	17	43	73
6	33	42	51	70	84	45	69	20	19
15	33	22	70	57	31	29	2	43	51
12	4	16	8	6	43	88	11	26	46
41	75	69	46	78	55	66	68	3	48
6	35	39	73	85	23	37	14	41	28
89	7	34	46	74	78	80	58	49	87
46	42	23	67	12	90	65	84	83	1
31	24	47	69	76	25	33	2	62	42
16	79	80	14	68	36	48	41	30	13
8	32	35	43	75	24	45	76	12	57
9	42	58	89	69	79	45	71	11	56
7	12	21	39	52	79	62	16	87	19
4	31	37	73	77	14	48	9	13	55
6	58	65	7	12	3	55	2	14	47
15	57	53	25	79	13	45	35	51	30
79	76	69	58	47	25	50	74	30	51
9	78	53	21	67	72	33	82	64	31
29	28	75	41	88	43	49	29	27	89
7	34	32	70	74	4	85	65	35	3
24	27	32	41	42	86	88	25	17	40
34	62	58	70	53	52	21	84	2	23
9	21	53	35	74	58	86	34	3	20
7	70	69	12	9	25	44	81	57	58
8	35	51	75	56	67	46	26	42	2
28	30	31	42	44	82	63	11	68	62
64	35	42	34	67	31	87	88	78	36
41	32	70	80	7	89	21	13	86	69
16	74	61	46	65	63	84	9	13	43
37	79	34	41	31	13	65	25	39	88
28	15	35	23	34	87	17	81	60	85
1	69	57	81	12	84	34	31	74	59
16	87	26	3	30	58	71	22	47	31
3	55	34	13	65	53	7	22	1	21
76	23	6	34	64	62	57	60	45	88
75	2	65	47	7	87	29	26	69	57
50	81	3	58	78	85	39	77	80	13
79	22	87	55	4	36	44	7	83	29
84	9	65	43	15	11	14	85	79	25
29	58	53	79	48	52	51	7	1	78
42	85	50	39	8	70	12	60	44	33
9	51	54	24	1	77	13	75	31	67
2	47	76	74	34	73	6	49	18	14
12	11	78	71	73	70	62	33	9	63
41	55	13	57	52	56	87	5	61	19
31	46	29	42	37	75	87	44	66	77
78	18	43	83	44	81	88	6	17	67
75	46	82	66	89	25	55	90	59	83
55	45	10	82	15	87	33	71	54	62
83	74	89	43	36	18	79	58	40	48
30	38	3	10	28	27	7	46	16	19
63	16	88	23	41	24	38	51	11	31
2	18	42	64	17	50	5	75	51	72
69	26	81	64	36	2	59	77	52	86
34	51	17	24	61	80	21	85	32	59
90	3	77	68	16	65	28	64	67	1
20	40	51	21	69	86	57	24	26	3
9	38	21	6	40	8	59	26	37	67
25	78	31	33	44	84	89	3	62	45
13	32	47	90	41	31	39	59	26	84
62	12	87	4	17	28	64	18	32	11
29	79	16	64	37	35	49	59	80	78
22	25	84	3	41	32	40	73	57	45
13	51	10	7	48	35	45	58	12	46
63	30	86	57	18	85	9	77	3	14
32	67	59	86	37	82	40	52	43	9
83	80	77	21	42	43	2	69	26	8
5	57	77	86	61	36	35	74	9	7
71	83	84	69	38	9	47	89	3	2
34	50	21	66	28	78	46	53	23	32
38	32	54	13	70	88	56	73	59	23
79	58	68	12	24	88	87	21	90	71
76	73	14	54	9	30	49	21	85	38
61	39	44	84	72	82	75	62	29	46
38	24	25	5	11	57	86	3	7	26
32	49	85	84	8	27	7	88	16	45
20	46	37	9	83	61	14	17	27	25
5	80	23	65	51	82	59	18	48	20
66	27	32	41	84	8	40	52	29	55
59	70	81	13	57	69	26	9	73	84
51	11	83	35	62	16	49	25	9	89
47	10	11	21	12	84	30	35	1	80
65	50	58	3	2	16	25	32	71	21
76	30	68	36	90	60	10	17	48	77
32	77	38	64	23	86	42	87	22	11
89	25	30	71	46	81	86	29	6	35
55	20	60	14	8	62	46	41	47	83
36	35	9	74	17	11	44	15	86	26
69	41	28	34	39	79	52	45	46	4
38	37	88	52	24	72	63	73	41	68
33	80	8	42	84	31	54	21	20	12
31	59	12	15	16	65	55	53	79	73
83	69	73	23	63	8	84	44	67	4
78	8	80	10	51	74	40	39	45	55
65	80	8	47	14	6	20	16	78	82
16	55	7	45	70	77	42	72	80	61
2	37	73	52	35	74	53	72	77	64
50	31	25	63	3	45	62	56	27	49
80	11	40	46	58	16	4	61	41	63
88	78	59	4	79	18	50	75	52	17
27	74	41	63	85	57	39	9	70	14
12	90	85	58	57	87	9	35	8	30
19	11	54	84	26	74	57	10	50	2
38	52	6	31	39	21	72	34	59	68
74	67	23	28	76	39	24	68	42	54
71	39	38	70	25	72	13	67	69	85
60	8	46	58	87	75	34	54	16	15
86	19	11	21	3	45	12	48	41	15
3	35	47	39	27	12	48	49	53	89
48	53	1	51	24	6	30	9	40	37
75	1	37	76	40	26	48	74	36	31
26	40	81	17	85	71	83	84	68	14
89	71	37	9	80	12	43	7	35	3
31	74	12	67	42	46	8	9	44	79
64	10	24	83	34	38	20	56	71	18
84	57	75	22	17	79	5	24	50	7
31	53	25	60	17	37	70	86	80	28
65	55	73	50	63	74	4	45	15	33
89	78	68	48	64	26	55	4	22	47
31	80	40	35	90	59	34	77	71	87
49	26	46	25	22	42	44	53	41	39
36	31	2	87	58	49	1	26	18	53
20	40	68	58	26	61	16	75	77	23
27	57	72	2	10	83	74	60	18	36
47	2	36	72	18	74	27	10	90	60
33	12	67	51	88	22	16	54	9	69
90	75	70	72	35	50	47	74	67	60
88	7	66	51	8	23	90	13	79	48
90	1	73	53	43	37	89	34	44	17
34	46	69	10	40	77	41	58	72	55
83	59	88	74	43	18	33	54	29	40
45	55	20	58	57	42	86	84	72	75
43	86	36	90	1	70	83	45	46	3
11	80	36	60	58	53	10	77	12	48
70	19	65	46	32	53	47	56	60	5
75	20	30	16	43	34	87	42	6	47
66	22	34	33	68	41	15	44	73	6
12	60	25	19	20	58	45	3	9	11
36	60	18	72	5	70	55	90	40	26
54	13	24	66	73	64	8	35	30	85
10	35	11	77	49	68	17	74	88	62
89	39	71	4	20	40	72	78	90	21
85	66	11	87	33	61	77	32	16	7
87	90	42	7	23	63	12	28	32	76
79	20	16	12	36	18	87	56	49	2
50	20	29	3	26	2	9	82	11	56
29	30	90	51	77	71	8	34	89	68
84	66	52	88	89	5	82	77	54	24
67	2	61	57	31	17	23	47	26	49
88	62	76	58	69	3	33	18	67	43
28	64	47	38	71	57	69	66	62	88
89	11	22	65	88	66	42	87	86	61
21	67	25	47	40	83	71	6	76	16
76	21	71	66	38	28	68	12	64	83
66	60	75	69	67	52	84	10	68	65
8	80	37	60	62	10	24	7	27	18
88	1	57	32	73	36	50	89	59	41
25	24	33	79	50	84	58	52	8	44
15	60	70	61	22	44	9	2	42	47
3	45	55	87	64	37	77	21	48	81
7	79	84	32	46	23	64	42	67	80
10	53	38	39	65	52	36	66	12	48
81	8	76	60	89	68	32	57	27	66
71	53	90	60	38	51	59	58	85	84
1	47	45	14	49	7	75	32	5	76
75	28	52	86	47	42	68	84	26	88
19	7	8	37	55	22	72	21	84	58
12	16	22	26	71	90	55	27	2	53
36	57	77	78	37	13	68	2	85	45
89	28	9	37	8	14	79	59	83	36
60	85	54	23	65	77	6	10	11	12
82	70	18	65	29	7	75	71	69	55
24	58	38	68	13	44	18	21	63	62
71	24	27	75	62	26	58	14	84	45
15	25	63	33	75	39	55	64	58	89
87	76	88	89	72	24	1	9	37	26
28	26	47	32	3	74	41	9	81	75
36	89	23	1	61	41	7	81	88	83
36	62	74	16	87	86	66	88	15	69
7	90	8	75	25	36	77	53	59	6
18	6	64	15	54	71	37	72	28	48
85	37	55	87	75	76	19	88	78	89
89	60	56	14	24	68	35	88	5	63
67	31	51	52	66	2	56	36	3	77
8	32	52	27	90	39	72	13	45	10
73	21	88	43	23	31	64	6	14	10
5	64	44	90	76	50	67	49	14	2
40	12	2	4	79	28	9	82	62	81
63	27	28	5	21	22	25	23	82	29
20	41	68	9	43	17	50	40	16	73
79	21	10	85	29	40	42	34	58	82
90	78	87	75	68	81	70	80	53	30
6	43	40	34	42	38	44	41	55	24
24	21	69	82	54	88	44	83	85	42
8	75	62	90	60	80	26	65	28	30
42	34	52	7	6	77	17	39	68	10
53	27	63	22	4	64	70	59	7	57
17	49	71	8	73	11	75	64	54	62
80	19	46	3	75	25	69	52	64	90
17	24	62	10	86	38	26	67	76	58
34	37	7	57	69	24	38	63	52	15
57	75	26	80	81	21	41	74	59	17
42	87	62	18	24	86	15	28	48	58
89	54	26	16	1	32	23	44	28	61
23	8	14	45	89	53	68	10	34	63
86	27	87	44	13	10	35	1	31	45
73	38	76	84	79	53	18	56	49	68
17	43	20	85	65	61	48	8	77	82
35	78	87	38	77	43	27	65	59	19
88	10	13	18	6	43	73	27	37	89
54	67	58	86	24	62	49	60	77	69
6	36	44	2	76	73	33	30	52	78
83	18	19	5	49	63	64	10	6	74
90	59	7	54	9	22	44	85	38	27
36	81	44	67	17	32	66	64	40	20
18	7	24	68	15	32	64	46	83	38
82	74	37	56	70	11	25	52	69	86
44	43	64	21	63	34	25	2	56	36
10	86	32	23	73	17	1	15	67	48
66	26	58	76	35	27	54	6	74	29
65	60	67	42	52	43	56	46	17	62
1	21	81	84	41	22	25	38	57	87
33	84	17	73	79	63	39	6	19	68
60	90	17	66	21	32	87	45	15	83
84	5	10	89	12	38	54	9	39	83
22	74	9	40	20	90	84	53	32	28
22	12	15	19	70	81	52	18	7	64
19	36	1	10	67	3	25	89	77	88
60	18	20	33	39	38	54	4	32	24
51	49	72	76	6	83	9	85	23	67
90	69	24	10	55	4	89	15	32	26
8	82	61	40	21	16	25	17	85	20
44	37	39	31	78	17	82	56	65	12
55	22	87	84	88	48	51	54	50	25
8	52	7	48	18	87	15	85	5	2
11	12	89	14	78	63	44	74	16	21
53	50	24	45	70	9	47	66	22	74
5	75	44	54	64	19	89	16	52	34
51	87	40	14	19	11	81	26	82	12
65	12	90	89	68	77	79	58	18	37
15	62	70	19	30	60	76	85	10	73
1	20	25	64	42	22	27	72	50	31
10	19	15	63	47	69	7	82	12	11
77	34	5	72	66	56	25	85	63	90
41	50	59	17	16	5	6	51	12	22
18	63	20	43	34	40	85	55	1	64
85	66	21	71	68	22	17	81	24	38
13	17	21	55	9	33	15	5	61	6
84	30	10	63	60	90	81	33	19	82
36	20	24	33	19	53	83	3	54	69
33	36	13	75	69	37	9	52	3	90
20	13	2	12	19	45	80	1	73	68
52	85	44	34	51	43	90	81	55	6
65	29	30	85	60	49	36	6	83	21
84	36	63	30	60	48	19	34	29	90
34	88	5	70	51	77	86	15	56	28
22	86	68	53	45	55	10	12	20	85
73	69	6	28	50	33	37	85	39	8
67	65	77	6	78	48	87	90	88	73
19	83	29	86	11	72	64	30	46	32
26	34	85	40	76	50	57	2	61	3
75	55	59	69	10	11	58	8	12	57
56	12	24	39	14	57	10	75	53	11
66	75	57	61	27	65	59	85	31	41
64	49	1	50	17	37	40	47	62	29
67	64	6	43	7	19	25	51	5	72
7	62	86	19	5	90	6	43	9	58
7	90	86	43	19	41	64	27	36	34
83	54	23	6	26	61	5	40	32	46
13	51	21	69	82	88	47	33	89	49
23	66	7	5	50	21	33	52	12	18
58	81	36	37	79	35	16	10	73	6
27	12	44	63	16	38	66	19	79	31
89	54	1	68	66	39	41	18	14	50
43	33	8	88	34	83	71	19	31	38
72	9	61	44	34	1	63	7	74	30
78	9	21	3	10	39	35	16	8	79
19	82	68	45	33	63	64	38	28	61
6	10	51	88	79	77	33	23	43	65
11	19	6	1	21	54	38	63	90	36
31	86	23	17	28	32	11	41	61	19
33	86	90	40	51	61	38	19	25	49
30	3	63	18	6	23	45	90	36	13
16	32	86	41	90	33	68	18	19	39
27	33	11	43	9	15	39	45	61	78
30	81	37	63	34	3	19	25	68	79
22	31	3	75	28	62	33	1	53	73
60	90	79	72	30	39	5	88	38	2
20	18	69	35	88	63	11	38	90	72
36	63	84	26	71	16	15	88	64	19
88	19	16	63	74	13	78	67	30	1
66	19	12	29	53	75	1	88	3	45
89	55	9	82	83	77	20	40	29	46
61	16	88	39	86	3	40	81	19	59
83	9	82	41	65	3	8	35	61	90
35	76	37	88	22	63	49	55	29	20
26	43	52	61	41	82	45	75	53	14
56	9	73	8	35	41	39	34	83	35
85	47	48	7	77	6	23	5	54	31
54	68	44	43	87	23	42	86	62	85
77	34	43	32	87	66	15	33	40	89
53	81	73	68	35	52	3	2	78	80
33	89	59	67	8	55	48	90	71	82
10	52	88	23	26	38	19	37	34	83
44	71	3	67	9	90	25	33	39	84
67	68	7	30	38	32	27	2	31	37
22	52	72	76	83	18	90	33	66	60
44	53	19	20	86	33	39	18	40	56
2	44	67	85	84	33	11	49	4	58
63	90	10	36	64	18	33	88	53	16
35	7	55	57	63	4	70	75	32	62
33	68	78	12	63	40	6	18	25	88
41	68	36	66	70	60	21	90	79	13
76	22	70	38	53	63	19	75	29	83
64	75	89	44	77	18	63	65	32	42
42	34	26	25	89	19	64	71	3	48
36	89	90	52	81	50	8	33	14	19
39	22	74	56	35	12	85	76	52	58
34	71	18	62	43	88	33	65	19	50
4	54	14	88	64	12	89	21	53	58
40	18	3	17	57	2	58	11	85	54
34	58	63	30	84	16	77	44	19	89
12	50	76	55	4	77	66	58	31	5
47	13	46	65	84	50	76	12	55	39
48	17	27	79	82	24	31	84	76	51
4	60	10	75	58	11	76	2	23	1
17	19	57	83	27	85	63	29	71	89
8	43	13	79	3	28	46	73	50	17
52	81	58	61	85	77	32	48	51	82
68	10	62	88	69	53	65	18	27	90
58	7	52	49	82	32	41	9	65	8
54	80	36	16	65	85	2	11	58	30
67	20	64	3	62	14	52	5	72	37
10	69	63	83	89	2	76	23	42	15
83	19	88	1	89	60	75	17	52	80
82	67	19	63	71	86	62	55	20	89
38	16	60	83	65	39	61	45	33	54
66	32	23	81	68	16	39	42	33	87
89	22	52	13	66	30	76	33	90	75
38	15	83	90	17	16	75	77	9	70
31	81	30	82	85	11	70	16	2	22
89	38	88	66	17	75	78	82	33	62
49	83	18	72	53	22	61	79	86	75
22	17	3	10	15	67	57	6	19	29
9	79	34	80	31	22	17	63	67	36
37	64	50	38	46	18	33	58	55	11
72	64	89	85	26	3	13	19	82	71
34	63	43	16	13	81	55	10	18	35
31	76	6	58	23	45	3	75	18	54
8	23	35	90	11	41	89	15	60	7
79	16	60	45	85	18	26	62	38	36
81	26	74	38	61	31	41	72	20	40
12	42	16	21	74	49	19	89	73	51
17	36	21	6	83	45	16	38	19	74
58	24	17	62	90	36	85	88	11	48
63	28	19	77	85	90	9	32	57	83
59	54	75	32	15	82	58	51	14	25
66	18	14	33	74	82	56	67	81	35
49	57	21	83	22	19	60	75	38	87
11	2	10	50	15	17	66	90	45	62
27	34	45	18	23	57	41	26	72	83
39	5	88	18	16	22	61	24	52	37
27	88	72	57	31	43	90	38	67	22
40	62	4	13	15	70	81	55	42	51
5	14	55	21	16	24	1	13	18	22
7	52	4	15	63	1	34	75	20	43
12	15	20	14	2	1	7	65	18	34
4	48	70	25	87	72	79	81	54	52
33	86	31	29	71	66	1	39	2	20
18	66	16	49	10	23	14	90	41	38
86	63	52	5	19	29	13	12	25	36
1	23	5	63	3	24	50	65	90	86
13	68	79	21	72	54	60	53	36	87
68	90	53	28	80	21	11	5	89	35
66	68	76	19	35	21	15	88	60	36
88	14	42	4	49	83	73	19	63	17
41	55	34	53	26	10	90	38	83	16
63	75	38	44	77	36	57	19	35	72
74	53	34	2	36	3	10	20	15	17
68	29	8	86	36	14	31	55	69	17
72	13	37	74	68	71	31	36	17	53
31	68	14	23	77	62	36	15	1	83
79	54	36	72	81	18	1	3	90	47
88	54	12	63	71	68	1	25	19	20
38	77	47	88	51	1	50	26	59	36
37	71	27	74	39	2	82	67	81	35
36	19	63	89	70	16	28	11	30	15
23	86	62	18	47	10	19	38	34	74
69	2	44	62	22	11	21	37	42	76
18	3	68	30	17	36	1	8	9	16
12	9	30	6	15	63	55	20	81	24
66	80	13	39	67	31	35	18	33	41
67	28	44	42	69	16	90	34	88	1
54	71	43	84	23	16	25	90	52	65
1	36	3	48	67	83	19	40	90	77
70	90	36	14	66	63	79	13	72	26
76	5	54	34	23	31	38	62	86	12
61	25	22	74	13	1	4	51	90	24
51	36	17	90	87	29	66	35	23	13
47	62	56	12	41	61	66	24	84	78
11	67	39	45	29	16	73	76	78	80
50	88	70	34	87	71	56	85	47	7
47	23	51	18	53	38	90	11	45	31
85	9	30	8	41	16	80	71	22	25
51	24	13	68	18	74	21	66	37	85
46	68	52	64	49	62	5	15	47	57
42	22	36	60	31	48	40	51	90	25
29	16	81	84	20	5	86	58	8	77
72	17	24	79	16	88	10	37	83	55
90	22	56	34	53	51	61	76	88	8
83	11	6	89	86	5	13	62	39	17
37	89	70	16	28	90	76	44	81	3
35	23	36	24	33	65	18	45	3	55
41	72	60	86	10	36	42	79	48	62
90	54	84	17	66	57	16	39	70	61
12	66	74	85	84	90	47	11	79	81
6	85	89	9	38	42	61	24	81	72
47	56	13	18	10	63	35	54	41	8
18	80	1	50	42	8	72	48	6	52
88	40	51	26	58	41	21	77	18	85
49	57	84	64	40	63	19	28	51	90
48	51	78	47	19	55	65	81	12	49
31	51	76	32	75	60	50	66	21	90
60	14	72	10	16	36	86	35	18	84
89	22	36	18	49	1	90	83	38	67
33	2	76	88	16	75	90	20	69	3
59	9	56	88	6	63	33	36	90	11
23	16	88	32	83	12	18	20	81	45
81	20	48	89	77	16	38	14	53	8
48	13	58	9	38	24	7	33	83	82
68	36	37	81	88	14	53	40	2	90
82	63	61	55	62	17	18	52	76	6
63	42	76	41	60	47	79	40	35	38
13	44	58	86	54	43	88	75	48	64
9	78	62	1	59	69	58	2	43	76
87	59	89	14	33	10	79	83	75	20
46	27	3	72	69	44	85	33	45	70
17	40	16	43	62	47	23	55	14	37
31	79	82	30	71	60	19	24	43	39
49	7	82	52	56	63	30	76	48	2
17	38	4	31	29	5	32	19	80	49
45	82	63	76	19	79	36	55	48	69
7	75	39	57	73	78	6	65	17	25
8	85	33	14	71	30	36	52	80	62
10	69	55	14	36	71	89	52	18	58
18	35	22	79	13	3	46	55	14	23
29	77	36	43	73	32	45	28	20	82
57	70	20	75	84	72	36	40	79	14
61	45	62	25	65	59	35	89	24	15
32	86	36	15	58	1	82	90	72	65
66	1	36	69	32	14	67	77	31	89
69	23	36	21	57	4	89	73	81	53
37	14	30	70	34	66	71	43	69	75
26	20	81	82	53	42	29	21	44	62
15	44	49	31	88	65	55	19	63	83
45	83	90	16	89	32	11	48	19	66
12	33	40	79	43	61	6	90	62	89
32	68	14	79	75	38	88	19	45	90
68	2	85	20	25	48	83	43	42	10
23	62	13	29	53	69	90	3	75	20
61	33	89	90	16	47	39	81	14	35
66	4	69	13	20	5	33	62	38	55
66	31	12	69	18	42	53	68	78	90
79	2	69	87	21	13	86	75	20	10
46	32	18	82	62	15	19	39	87	42
37	26	90	13	40	73	8	89	1	45
68	45	24	90	88	74	89	62	67	10
36	52	81	84	60	16	7	73	89	41
15	24	75	63	20	11	43	65	4	8
16	50	82	24	62	45	19	54	1	83
83	25	90	49	88	39	32	65	42	41
39	29	4	78	7	66	37	10	87	42
90	73	75	60	57	38	83	87	43	18
48	6	27	82	8	28	68	49	17	23
81	56	4	70	36	28	71	80	29	76
38	16	75	83	10	19	88	55	45	86
43	13	78	88	58	27	47	50	29	33
15	53	9	67	18	38	18	35	90	42
50	88	17	70	28	12	60	18	2	85
57	43	62	5	65	75	20	19	64	88
83	13	65	40	34	4	73	81	89	63
45	67	21	76	80	46	90	65	6	54
76	73	61	37	69	38	90	70	1	39
3	19	42	29	87	15	37	12	60	57
24	65	34	88	64	9	11	83	12	38
69	37	75	36	60	18	38	83	24	80
14	33	72	42	71	47	73	80	64	36
47	29	72	2	27	9	63	35	86	53
19	47	38	46	2	90	83	11	64	77
77	13	63	66	37	71	51	70	41	39
36	50	76	2	57	10	52	58	90	4
60	22	8	36	35	70	11	84	29	24
3	23	36	56	65	57	37	47	67	50
24	62	78	47	23	16	87	42	39	88
7	45	60	15	63	14	51	37	67	53
19	89	44	2	83	71	31	15	75	20
37	49	46	18	33	54	85	34	48	72
37	40	33	72	10	20	69	85	34	48
63	37	83	69	39	3	41	44	67	23
53	49	36	61	8	36	1	83	39	48
3	90	44	24	81	14	42	87	62	80
27	2	67	50	29	53	62	60	18	47
69	52	85	89	58	88	11	90	42	87
65	88	77	63	32	14	52	80	37	54
24	2	32	62	3	30	15	42	60	8
24	39	70	72	88	45	19	27	21	6
54	3	49	36	83	14	48	90	46	45
56	13	7	50	31	72	83	9	53	78
68	12	83	4	38	31	35	25	67	89
64	83	4	65	40	50	28	75	35	79
8	13	64	76	32	73	65	40	28	80
66	61	13	31	35	77	36	79	8	18
72	67	2	10	4	77	34	79	16	58
38	62	71	39	77	65	42	89	46	16
44	9	54	48	41	70	73	57	16	30
65	18	38	44	75	7	88	90	1	41
81	4	46	67	7	16	23	58	89	13
12	31	78	19	85	64	58	87	3	9
47	42	18	74	58	43	63	1	87	22
26	85	33	84	41	40	57	58	68	51
16	71	18	44	11	66	6	57	90	45
49	89	4	24	69	65	19	2	74	47
5	13	78	63	87	11	88	22	77	71
55	4	77	43	63	3	48	74	20	90
53	67	54	19	36	66	13	34	90	26
82	71	23	17	28	47	29	38	39	48
89	49	64	79	30	87	4	44	29	68
13	21	19	65	70	28	90	48	46	18
86	46	56	6	11	4	68	81	50	47
80	66	71	38	87	59	77	66	83	17
42	2	81	50	47	43	36	90	38	89
79	72	60	13	3	88	89	90	58	14
11	40	37	17	27	77	20	13	83	87
19	64	75	43	62	66	67	38	30	1
44	19	59	88	62	81	26	61	6	78
51	63	64	29	47	24	18	38	34	70
29	77	15	44	61	20	82	55	19	59
32	20	81	7	29	24	18	38	34	70
69	82	23	66	8	55	64	73	56	46
48	67	76	66	39	55	64	73	46	86
21	46	62	88	24	61	84	66	60	55
12	45	20	47	54	18	76	19	31	28
33	24	62	3	43	42	69	9	83	47
72	2	48	8	21	9	39	29	12	46
27	9	65	90	54	89	63	67	76	30
3	24	62	58	85	20	84	81	76	61
5	65	9	50	90	55	75	18	67	30
8	1	37	54	62	88	35	73	81	48
65	89	50	41	5	13	25	49	22	4
33	87	78	90	60	18	76	19	31	28
55	88	63	50	25	41	46	67	18	85
16	83	84	67	50	61	88	13	40	34
45	86	65	87	16	42	26	46	41	88
31	48	69	75	37	32	6	76	40	20
26	72	83	75	79	19	62	21	5	43
59	39	62	47	83	2	27	54	88	29
42	70	49	36	12	24	7	34	72	82
19	39	35	84	67	21	29	82	55	20
24	58	71	86	22	67	65	83	17	32
37	24	32	67	29	11	78	88	45	55
67	86	77	23	70	5	18	37	24	61
50	7	34	76	15	8	49	19	78	81
44	9	18	90	32	67	22	58	46	12
55	74	7	56	80	20	76	78	87	35
65	42	34	47	58	16	90	88	62	17
19	58	85	86	64	39	84	15	60	83
31	69	52	49	33	66	90	38	83	62
67	32	39	6	57	11	50	76	24	60
30	27	10	31	18	88	44	33	2	58
65	63	83	16	42	56	88	29	84	52
8	63	10	72	31	66	38	45	90	39
36	26	74	62	83	46	38	19	29	18
26	85	36	74	34	27	55	33	78	80
27	78	58	76	3	34	74	85	36	26
29	85	55	58	51	46	75	39	45	25
83	60	63	20	16	41	39	66	21	35
85	57	74	36	26	46	61	82	83	51
29	70	18	89	28	88	56	73	46	44
89	70	49	67	3	88	44	62	41	55
68	18	69	30	21	60	63	61	54	23
52	40	59	25	7	10	60	38	62	8
28	30	68	60	85	88	29	70	40	52
46	75	48	89	53	19	60	57	61	21
24	30	50	55	85	16	70	81	61	83
90	52	38	10	45	18	16	89	88	62
40	45	90	75	85	17	71	62	70	19
71	43	18	23	84	87	55	90	52	30
49	32	70	50	52	63	5	19	84	66
40	33	7	35	11	60	10	88	89	63
23	34	53	38	73	30	27	71	69	24
83	34	85	23	75	58	32	13	22	80
38	53	19	34	47	46	56	58	85	35
50	38	3	46	5	76	2	61	53	34
1	45	6	63	57	18	34	9	88	90
34	36	61	22	46	1	43	58	17	90
57	62	17	51	6	12	22	56	68	41
12	82	67	89	64	5	57	19	75	31
18	36	58	5	68	85	27	65	46	82
62	84	2	15	83	25	49	37	80	74
57	15	34	56	37	36	20	43	35	67
8	71	17	2	53	63	18	28	89	77
40	38	53	30	67	62	71	28	22	1
23	30	54	67	53	16	81	90	37	38
65	55	89	10	11	87	42	90	1	18
85	88	69	76	46	77	39	25	36	62
85	19	35	47	81	70	90	79	45	76
70	49	50	4	83	73	14	53	5	22
29	11	27	26	19	17	28	71	66	18
53	72	90	57	21	11	43	40	89	63
10	48	33	80	75	11	25	52	45	6
29	87	50	28	90	38	55	5	88	37
17	40	49	85	44	16	90	22	87	66
44	61	81	72	16	86	66	68	90	41
87	19	22	29	42	44	63	38	14	59
55	85	86	22	42	49	63	75	87	19
42	73	22	87	45	86	62	83	23	90
74	53	54	19	57	79	72	60	90	36
15	75	17	50	71	44	41	10	1	89
65	86	17	61	70	54	6	14	20	10
77	56	33	64	62	72	58	29	78	90
89	26	1	77	4	68	22	29	55	62
57	54	33	36	26	19	46	75	78	10
44	90	43	54	76	63	88	79	57	53
25	34	52	19	60	88	55	17	62	10
27	51	89	59	43	57	72	67	42	38
18	42	76	81	44	67	32	34	17	46
2	39	48	77	43	15	24	60	80	18
57	3	79	85	64	12	33	45	31	84
57	46	12	78	69	15	48	51	49	81
83	24	81	62	3	36	35	31	58	21
55	32	45	82	84	50	88	10	77	76
67	46	76	49	57	16	81	61	40	64
37	25	56	35	45	43	73	75	86	59
76	1	31	85	6	27	38	63	35	65
37	11	44	7	23	46	29	43	82	86
89	42	57	69	74	29	39	33	68	86
58	22	32	28	55	13	72	61	89	19
53	83	68	38	74	67	31	82	13	75
57	26	78	39	54	44	56	3	37	27
53	63	17	78	56	37	7	60	44	48
21	63	75	36	77	18	82	41	39	84
53	61	4	27	56	51	49	62	81	22
44	84	17	65	47	88	24	81	46	59
3	62	24	89	35	68	11	23	90	50
83	26	38	3	1	16	55	90	77	37
40	37	44	80	32	54	49	42	17	56
1	61	17	31	81	38	18	59	62	42
70	25	3	41	87	32	50	24	73	45
74	77	62	75	57	55	42	10	27	82
38	52	62	75	57	55	42	78	87	83
44	89	65	51	61	67	20	56	11	78
84	52	83	60	25	12	72	13	74	14
56	7	34	4	30	21	83	65	48	59